0.000000	0.591165
5.000000	0.577936
10.000000	0.562649
15.000000	0.532440
20.000000	0.499835
25.000000	0.458798
30.000000	0.403286
35.000000	0.359474
40.000000	0.301347
45.000000	0.235061
50.000000	0.180048
55.000000	0.131692
60.000000	0.104596
65.000000	0.111392
70.000000	0.167340
75.000000	0.221218
80.000000	0.331656
85.000000	0.480019
90.000000	0.625741
95.000000	0.776779
100.000000	0.838336
105.000000	0.887032
110.000000	0.918334
115.000000	0.949592
120.000000	0.966315
125.000000	0.977281
130.000000	0.983702
135.000000	0.989491
140.000000	0.993095
145.000000	0.993205
150.000000	0.995384
155.000000	0.995969
160.000000	0.996378
165.000000	0.997083
170.000000	0.997063
175.000000	0.997861
180.000000	0.997364
185.000000	0.998220
190.000000	0.999075
195.000000	0.998938
200.000000	0.999860
205.000000	0.999336
210.000000	0.999931
215.000000	1.000000
220.000000	0.999408
225.000000	0.999188
230.000000	0.998550
235.000000	0.998412
240.000000	0.999648
245.000000	0.999697
250.000000	0.999273
255.000000	0.999167
