0.000000	0.039529
5.000000	0.039115
10.000000	0.038099
15.000000	0.037377
20.000000	0.036483
25.000000	0.036066
30.000000	0.034642
35.000000	0.034033
40.000000	0.032687
45.000000	0.031765
50.000000	0.030507
55.000000	0.029226
60.000000	0.028564
65.000000	0.026689
70.000000	0.025550
75.000000	0.024622
80.000000	0.022785
85.000000	0.022207
90.000000	0.020573
95.000000	0.019280
100.000000	0.018692
105.000000	0.017733
110.000000	0.017754
115.000000	0.017583
120.000000	0.017481
125.000000	0.019550
130.000000	0.021961
135.000000	0.025186
140.000000	0.029231
145.000000	0.034975
150.000000	0.042981
155.000000	0.052035
160.000000	0.063796
165.000000	0.079049
170.000000	0.097921
175.000000	0.118565
180.000000	0.145565
185.000000	0.175080
190.000000	0.208224
195.000000	0.250990
200.000000	0.298497
205.000000	0.348347
210.000000	0.404879
215.000000	0.466521
220.000000	0.532436
225.000000	0.596744
230.000000	0.667881
235.000000	0.737181
240.000000	0.812770
245.000000	0.875361
250.000000	0.946058
255.000000	1.000000
