0.000000	1.000000
5.000000	0.996229
10.000000	0.991736
15.000000	0.990072
20.000000	0.985651
25.000000	0.979959
30.000000	0.978240
35.000000	0.968643
40.000000	0.965667
45.000000	0.958198
50.000000	0.952903
55.000000	0.945695
60.000000	0.933499
65.000000	0.926608
70.000000	0.911891
75.000000	0.905972
80.000000	0.892622
85.000000	0.884854
90.000000	0.865558
95.000000	0.855272
100.000000	0.833873
105.000000	0.811882
110.000000	0.792268
115.000000	0.772148
120.000000	0.746712
125.000000	0.724993
130.000000	0.693238
135.000000	0.674413
140.000000	0.641100
145.000000	0.600931
150.000000	0.562264
155.000000	0.537888
160.000000	0.492916
165.000000	0.453566
170.000000	0.405737
175.000000	0.359239
180.000000	0.319308
185.000000	0.274502
190.000000	0.228122
195.000000	0.192133
200.000000	0.147376
205.000000	0.118362
210.000000	0.084372
215.000000	0.060316
220.000000	0.046061
225.000000	0.037055
230.000000	0.041044
235.000000	0.051009
240.000000	0.067977
245.000000	0.097340
250.000000	0.135635
255.000000	0.176082
