0.000000	0.822529
5.000000	0.824814
10.000000	0.830126
15.000000	0.835694
20.000000	0.844682
25.000000	0.854707
30.000000	0.862440
35.000000	0.870550
40.000000	0.876749
45.000000	0.880955
50.000000	0.877535
55.000000	0.870513
60.000000	0.856106
65.000000	0.842289
70.000000	0.829544
75.000000	0.819739
80.000000	0.822971
85.000000	0.841719
90.000000	0.870979
95.000000	0.893482
100.000000	0.922172
105.000000	0.945583
110.000000	0.958964
115.000000	0.972125
120.000000	0.976803
125.000000	0.983671
130.000000	0.986235
135.000000	0.989952
140.000000	0.992344
145.000000	0.995273
150.000000	0.996967
155.000000	0.997824
160.000000	0.997984
165.000000	0.998207
170.000000	0.998393
175.000000	0.998194
180.000000	0.998509
185.000000	0.998806
190.000000	0.999027
195.000000	0.999517
200.000000	0.999515
205.000000	0.999771
210.000000	0.999683
215.000000	0.999150
220.000000	0.999230
225.000000	0.998988
230.000000	0.999094
235.000000	0.999261
240.000000	0.999463
245.000000	0.999431
250.000000	1.000000
255.000000	0.999929
