0.000000	1.000000
5.000000	0.996932
10.000000	0.993311
15.000000	0.987642
20.000000	0.983756
25.000000	0.978337
30.000000	0.973252
35.000000	0.971294
40.000000	0.963080
45.000000	0.955133
50.000000	0.949229
55.000000	0.943116
60.000000	0.934201
65.000000	0.921764
70.000000	0.916302
75.000000	0.901153
80.000000	0.890138
85.000000	0.880628
90.000000	0.859827
95.000000	0.852062
100.000000	0.830306
105.000000	0.808450
110.000000	0.797960
115.000000	0.774041
120.000000	0.745931
125.000000	0.727819
130.000000	0.694893
135.000000	0.665462
140.000000	0.641380
145.000000	0.598987
150.000000	0.570790
155.000000	0.529247
160.000000	0.484429
165.000000	0.447156
170.000000	0.408834
175.000000	0.357322
180.000000	0.317355
185.000000	0.277304
190.000000	0.233687
195.000000	0.188444
200.000000	0.152355
205.000000	0.118112
210.000000	0.084630
215.000000	0.063926
220.000000	0.048937
225.000000	0.039795
230.000000	0.041722
235.000000	0.048290
240.000000	0.068855
245.000000	0.098814
250.000000	0.132823
255.000000	0.172524
