255.000000	0.000000	0.000000	0.000000	0.380286	0.090200	0.336803	0.143613
250.000000	0.047688	0.002432	0.092943	0.370158	0.088062	0.348324	0.145493
245.000000	0.082591	0.018388	0.146793	0.360852	0.081402	0.370184	0.147337
240.000000	0.112375	-0.014368	0.239119	0.358023	0.082493	0.365179	0.145103
235.000000	0.137882	-0.005896	0.281660	0.365623	0.077088	0.377129	0.145052
230.000000	0.156469	-0.008936	0.321875	0.369202	0.073617	0.390244	0.147991
225.000000	0.159489	-0.042816	0.361795	0.369601	0.068783	0.389402	0.141960
220.000000	0.185864	-0.003526	0.375255	0.369946	0.059883	0.400220	0.144841
215.000000	0.216257	-0.077425	0.509939	0.358191	0.061517	0.397617	0.144211
210.000000	0.257392	-0.045261	0.560044	0.361534	0.057598	0.404509	0.145992
205.000000	0.291056	-0.102074	0.684187	0.356680	0.062460	0.394519	0.144773
200.000000	0.332487	-0.049285	0.714259	0.364851	0.050599	0.391414	0.142421
195.000000	0.363273	-0.110522	0.837069	0.359766	0.061686	0.389378	0.142891
190.000000	0.384421	-0.087744	0.856585	0.360249	0.046584	0.384043	0.138472
185.000000	0.396210	-0.098107	0.890528	0.356631	0.045877	0.379810	0.136543
180.000000	0.417240	-0.132308	0.966788	0.359545	0.043771	0.376096	0.135538
175.000000	0.443782	-0.098207	0.985770	0.368557	0.035015	0.365685	0.133457
170.000000	0.458322	-0.172726	1.089369	0.357905	0.046244	0.370567	0.133822
165.000000	0.484017	-0.160224	1.128258	0.361142	0.039965	0.363760	0.132613
160.000000	0.487143	-0.218058	1.192344	0.357650	0.045617	0.366759	0.133149
155.000000	0.490019	-0.233616	1.213654	0.360470	0.027139	0.358748	0.130812
150.000000	0.489825	-0.283399	1.263049	0.349093	0.039954	0.364653	0.131429
145.000000	0.530929	-0.295036	1.356894	0.356201	0.029382	0.358235	0.130344
140.000000	0.571105	-0.259164	1.401374	0.360699	0.042634	0.363708	0.129623
135.000000	0.604671	-0.250871	1.460213	0.374824	0.034873	0.361771	0.128777
130.000000	0.609603	-0.264618	1.483823	0.365332	0.043004	0.364819	0.128372
125.000000	0.614751	-0.302254	1.531755	0.363567	0.042312	0.362013	0.127934
120.000000	0.610373	-0.349997	1.570743	0.365461	0.037873	0.363998	0.128341
115.000000	0.589187	-0.396567	1.574941	0.354719	0.041774	0.357761	0.128069
110.000000	0.584657	-0.521990	1.691305	0.357611	0.033392	0.354728	0.128217
105.000000	0.567877	-0.511005	1.646759	0.345977	0.041582	0.354259	0.126427
100.000000	0.585964	-0.577575	1.749502	0.350678	0.037973	0.357147	0.126998
95.000000	0.593792	-0.573100	1.760684	0.349514	0.041616	0.356800	0.127550
90.000000	0.610088	-0.575679	1.795855	0.350055	0.042921	0.356819	0.126787
85.000000	0.635382	-0.519248	1.790012	0.353815	0.045989	0.357512	0.127574
80.000000	0.633987	-0.550681	1.818655	0.352779	0.047692	0.356200	0.126651
75.000000	0.638603	-0.591949	1.869155	0.351269	0.045023	0.363790	0.126039
70.000000	0.634820	-0.564073	1.833714	0.353734	0.050949	0.355814	0.126267
65.000000	0.643363	-0.608011	1.894737	0.359100	0.049872	0.367304	0.125551
60.000000	0.657983	-0.566544	1.882510	0.351228	0.053015	0.360030	0.126158
55.000000	0.693734	-0.542851	1.930319	0.360577	0.051254	0.365589	0.126479
50.000000	0.693436	-0.513929	1.900802	0.358119	0.054627	0.359786	0.126945
45.000000	0.691167	-0.554237	1.936571	0.355995	0.053963	0.362615	0.126296
40.000000	0.697482	-0.538728	1.933693	0.355956	0.056394	0.360627	0.126817
35.000000	0.716464	-0.544074	1.977002	0.358756	0.055417	0.366031	0.126607
30.000000	0.742571	-0.502804	1.987946	0.360345	0.057750	0.375021	0.125840
25.000000	0.748270	-0.467307	1.963846	0.362764	0.059900	0.371941	0.125135
20.000000	0.735902	-0.539192	2.010996	0.361931	0.058184	0.373596	0.126209
15.000000	0.720693	-0.534965	1.976351	0.356049	0.061716	0.365443	0.125287
10.000000	0.739754	-0.549317	2.028826	0.361608	0.061635	0.371878	0.126369
5.000000	0.752531	-0.502140	2.007202	0.356959	0.062121	0.375206	0.125390
0.000000	0.786255	-0.477519	2.050030	0.364721	0.060228	0.385778	0.125208
