0.000000	1.000000
5.000000	0.997965
10.000000	0.993848
15.000000	0.989196
20.000000	0.984805
25.000000	0.983815
30.000000	0.976676
35.000000	0.974854
40.000000	0.967267
45.000000	0.959964
50.000000	0.956716
55.000000	0.949840
60.000000	0.944821
65.000000	0.934752
70.000000	0.925965
75.000000	0.918841
80.000000	0.915697
85.000000	0.901004
90.000000	0.897840
95.000000	0.882488
100.000000	0.867066
105.000000	0.860818
110.000000	0.852459
115.000000	0.839383
120.000000	0.820042
125.000000	0.805217
130.000000	0.806027
135.000000	0.777213
140.000000	0.769215
145.000000	0.749126
150.000000	0.750021
155.000000	0.736540
160.000000	0.721621
165.000000	0.716632
170.000000	0.696853
175.000000	0.702599
180.000000	0.675600
185.000000	0.681683
190.000000	0.695304
195.000000	0.675327
200.000000	0.690952
205.000000	0.713677
210.000000	0.702409
215.000000	0.727276
220.000000	0.734373
225.000000	0.775364
230.000000	0.775246
235.000000	0.811621
240.000000	0.835063
245.000000	0.837199
250.000000	0.865832
255.000000	0.880306
