255.000000	0.000000	0.000000	0.000000	0.416216	0.154273	0.301729	0.034500
250.000000	0.036549	-0.036549	-0.087479	0.414644	0.145205	0.298663	0.032872
245.000000	0.023586	-0.023586	-0.045421	0.416349	0.149909	0.300371	0.033439
240.000000	0.047048	-0.047048	-0.078117	0.416983	0.149094	0.293075	0.033211
235.000000	0.027596	-0.027596	-0.003215	0.417740	0.159922	0.298923	0.033923
230.000000	0.013474	-0.013474	-0.003220	0.414482	0.156086	0.303137	0.033889
225.000000	0.015637	-0.015637	-0.022488	0.411960	0.152223	0.303961	0.033514
220.000000	0.031340	-0.031340	-0.011159	0.415507	0.157128	0.303588	0.033544
215.000000	0.094053	-0.094053	-0.083177	0.418415	0.156520	0.299697	0.032847
210.000000	0.141360	-0.141360	-0.171320	0.413888	0.147103	0.294882	0.034218
205.000000	0.134454	-0.134454	-0.203703	0.415238	0.141274	0.294608	0.035014
200.000000	0.127072	-0.127072	-0.214350	0.415373	0.138022	0.294433	0.034934
195.000000	0.106197	-0.106197	-0.177773	0.413214	0.139455	0.296823	0.033818
190.000000	0.030281	-0.030281	-0.016176	0.418826	0.156267	0.302864	0.033747
185.000000	0.022539	0.022539	0.077114	0.421134	0.165610	0.305398	0.037094
180.000000	0.054830	0.054830	0.146980	0.427089	0.173085	0.308053	0.041787
175.000000	0.088587	0.088587	0.231037	0.428012	0.181958	0.314883	0.052753
170.000000	0.078338	0.078338	0.233041	0.428537	0.183678	0.312558	0.051395
165.000000	0.001852	0.001852	0.035538	0.421932	0.160265	0.310813	0.035450
160.000000	0.103323	-0.103323	-0.199224	0.422765	0.135165	0.306527	0.034123
155.000000	0.148239	-0.148239	-0.392440	0.421770	0.115226	0.298010	0.041610
150.000000	0.094849	-0.094849	-0.272506	0.419659	0.121105	0.308929	0.034894
145.000000	0.055127	-0.055127	-0.126731	0.421453	0.137293	0.308592	0.032974
140.000000	0.056784	0.056784	0.092024	0.424426	0.157004	0.313421	0.039174
135.000000	0.052320	0.052320	0.066742	0.422447	0.151618	0.315798	0.037322
130.000000	0.091379	0.091379	0.174509	0.428238	0.165488	0.321753	0.046821
125.000000	0.060218	0.060218	0.110639	0.428682	0.160135	0.318753	0.039098
120.000000	0.069257	0.069257	0.163099	0.425930	0.168370	0.318972	0.041614
115.000000	0.082875	0.082875	0.256094	0.428015	0.181115	0.321544	0.050086
110.000000	0.103973	0.103973	0.328817	0.425182	0.191453	0.317052	0.061858
105.000000	0.123424	0.123424	0.344031	0.429536	0.192293	0.315100	0.060898
100.000000	0.145335	0.145335	0.388369	0.426136	0.193223	0.312055	0.071623
95.000000	0.179591	0.179591	0.423433	0.430938	0.195860	0.306444	0.073723
90.000000	0.274396	0.274396	0.463356	0.430384	0.189129	0.299673	0.052043
85.000000	0.484617	0.484617	0.591541	0.430628	0.173954	0.297246	0.030986
80.000000	0.700159	0.700159	0.746553	0.430552	0.164309	0.294501	0.032106
75.000000	0.452023	0.452023	0.682795	0.425941	0.191354	0.302763	0.062920
70.000000	0.559435	0.559435	0.745749	0.427379	0.185500	0.314067	0.055900
65.000000	0.907730	0.907730	0.879709	0.418613	0.140666	0.315007	0.040641
60.000000	0.311691	0.311691	0.597857	0.415040	0.193364	0.328429	0.096245
55.000000	0.296835	0.296835	0.574964	0.415377	0.196032	0.322347	0.087936
50.000000	0.308455	0.308455	0.540074	0.419431	0.191882	0.322587	0.077016
45.000000	0.387835	0.387835	0.505751	0.430588	0.178878	0.317807	0.047553
40.000000	0.469251	0.469251	0.469358	0.425687	0.153102	0.307586	0.023236
35.000000	0.334388	0.334388	0.428182	0.424426	0.171771	0.302808	0.037675
30.000000	0.234701	0.234701	0.204875	0.424841	0.147313	0.298264	0.006359
25.000000	0.171544	0.171544	0.199852	0.422048	0.159921	0.293514	0.010498
20.000000	0.118998	-0.118998	-0.133287	0.417266	0.149766	0.284530	0.009410
15.000000	0.216930	0.216930	0.362698	0.424750	0.184190	0.292707	0.038635
10.000000	0.184198	0.184198	0.410658	0.423459	0.197364	0.296706	0.059994
5.000000	0.158401	0.158401	0.383318	0.421303	0.196699	0.301094	0.043185
0.000000	0.336806	-0.336806	-0.369005	0.426979	0.150781	0.287916	0.024534
