255.000000	0.000000	0.000000	0.000000	0.388712	0.270698	0.339439	0.181541
250.000000	0.016611	-0.016611	-0.166864	0.390993	0.241267	0.348092	0.190845
245.000000	0.025128	-0.025128	-0.155085	0.388204	0.244435	0.343069	0.188943
240.000000	0.028909	-0.028909	-0.118023	0.387893	0.252115	0.342342	0.186984
235.000000	0.015611	-0.015611	0.012057	0.391497	0.275394	0.338630	0.179397
230.000000	0.009424	0.009424	0.151034	0.389448	0.283598	0.336136	0.176455
225.000000	0.009093	0.009093	0.114253	0.391270	0.283627	0.337388	0.177304
220.000000	0.014636	0.014636	0.089857	0.394181	0.282702	0.339832	0.179666
215.000000	0.012775	0.012775	0.077645	0.393662	0.281999	0.340670	0.178825
210.000000	0.002754	-0.002754	-0.025752	0.387275	0.266291	0.339571	0.180805
205.000000	0.003104	-0.003104	-0.010842	0.386835	0.268120	0.338679	0.180067
200.000000	0.023317	-0.023317	-0.158662	0.393737	0.242794	0.340665	0.186957
195.000000	0.010161	-0.010161	-0.038852	0.390576	0.266868	0.340668	0.182691
190.000000	0.000532	-0.000532	0.035450	0.393698	0.276938	0.340492	0.182200
185.000000	0.010352	0.010352	0.106290	0.395757	0.283945	0.339358	0.179727
180.000000	0.019522	0.019522	0.093817	0.392314	0.280386	0.338877	0.178619
175.000000	0.032366	0.032366	0.158076	0.389444	0.283720	0.338831	0.178839
170.000000	0.068678	0.068678	0.412801	0.399669	0.288943	0.330099	0.175152
165.000000	0.042086	0.042086	0.277635	0.397201	0.293163	0.331391	0.175911
160.000000	0.048772	0.048772	0.279594	0.392942	0.291145	0.335324	0.177100
155.000000	0.045322	0.045322	0.227845	0.393968	0.288399	0.333948	0.176053
150.000000	0.033147	0.033147	0.162110	0.391543	0.286449	0.337692	0.178019
145.000000	0.029795	0.029795	0.160092	0.394988	0.287418	0.336650	0.177960
140.000000	0.028397	0.028397	0.160214	0.395364	0.286929	0.336351	0.177661
135.000000	0.044532	0.044532	0.241768	0.395028	0.290395	0.335230	0.177477
130.000000	0.061917	0.061917	0.321786	0.396175	0.291486	0.331453	0.177485
125.000000	0.074922	0.074922	0.349907	0.395865	0.291190	0.332444	0.176966
120.000000	0.084022	0.084022	0.350932	0.395816	0.292756	0.330519	0.175772
115.000000	0.088910	0.088910	0.309714	0.390748	0.291472	0.331340	0.176836
110.000000	0.084007	0.084007	0.191266	0.391347	0.286960	0.333991	0.175791
105.000000	0.094025	0.094025	0.141418	0.390402	0.280971	0.341646	0.175680
100.000000	0.121730	0.121730	0.137064	0.393147	0.278657	0.339195	0.175124
95.000000	0.159630	0.159630	0.171463	0.387439	0.277738	0.336314	0.171482
90.000000	0.220090	0.220090	0.238545	0.383180	0.276467	0.341280	0.172142
85.000000	0.302920	0.302920	0.347532	0.380969	0.278739	0.340456	0.170563
80.000000	0.399608	0.399608	0.498656	0.374010	0.276516	0.332323	0.164895
75.000000	0.493329	0.493329	0.590758	0.359450	0.261893	0.329997	0.163394
70.000000	0.592381	0.592381	0.715223	0.347365	0.252216	0.367871	0.181381
65.000000	0.685208	0.685208	0.787847	0.352235	0.243030	0.351302	0.173762
60.000000	0.775112	0.775112	0.847097	0.352471	0.232973	0.381804	0.188212
55.000000	0.860534	0.860534	0.878080	0.360672	0.227679	0.392433	0.200696
50.000000	0.939627	0.939627	0.925130	0.366082	0.222012	0.376391	0.199543
45.000000	1.007725	1.007725	0.968552	0.368854	0.215939	0.373528	0.199452
40.000000	1.064979	1.064979	0.985177	0.364545	0.207302	0.366658	0.194646
35.000000	1.115028	1.115028	0.985052	0.379370	0.205434	0.365663	0.195757
30.000000	1.162405	1.162405	0.939149	0.381972	0.197211	0.374852	0.197364
25.000000	1.203162	1.203162	0.896431	0.372409	0.181910	0.372520	0.195214
20.000000	1.244120	1.244120	0.822924	0.376427	0.175904	0.376988	0.201371
15.000000	1.277728	1.277728	0.769539	0.369693	0.168180	0.385265	0.202564
10.000000	1.297967	1.297967	0.742067	0.365231	0.164896	0.374578	0.194254
5.000000	1.316442	1.316442	0.683105	0.369086	0.165452	0.379294	0.198593
0.000000	1.323800	1.323800	0.685108	0.364970	0.163823	0.381871	0.198402
