255.000000	0.000000	0.000000	0.000000	0.401024	0.038795	0.332223	0.169791
250.000000	0.060225	0.038168	0.082282	0.380121	0.078361	0.327742	0.168744
245.000000	0.050083	0.028245	0.071921	0.384664	0.074916	0.329817	0.169069
240.000000	0.004357	-0.009385	0.000671	0.390520	0.033531	0.330163	0.169442
235.000000	0.050862	-0.029346	-0.072378	0.402563	0.020524	0.330144	0.170693
230.000000	0.154900	0.787162	-1.096963	0.414799	0.051219	0.331352	0.177441
225.000000	0.083744	-0.017743	-0.149745	0.407113	0.011872	0.328642	0.172152
220.000000	0.028021	-0.045289	-0.010753	0.389280	0.058597	0.325373	0.168593
215.000000	0.034056	-0.055397	-0.012715	0.381603	0.055563	0.327971	0.169123
210.000000	0.049577	0.023010	0.076144	0.381621	0.093578	0.328898	0.168918
205.000000	0.009205	-0.034227	0.015817	0.378864	0.064370	0.327549	0.167931
200.000000	0.046743	-0.050010	-0.043477	0.385076	0.017869	0.330396	0.169444
195.000000	0.059112	0.853333	-0.971558	0.398211	0.016219	0.331752	0.170819
190.000000	0.109248	0.836117	-1.054613	0.408707	0.039723	0.331392	0.172525
185.000000	0.145147	0.801439	-1.091733	0.417205	0.047695	0.333508	0.175795
180.000000	0.092473	0.821634	-1.006580	0.404780	0.015764	0.331476	0.172542
175.000000	0.041305	-0.042133	-0.040478	0.390526	0.023494	0.331588	0.171012
170.000000	0.131114	0.819540	-1.081768	0.408798	0.045703	0.332036	0.173096
165.000000	0.010783	-0.004093	0.025659	0.388215	0.045726	0.329816	0.169811
160.000000	0.106770	0.846922	-1.060462	0.403292	0.046003	0.333779	0.172797
155.000000	0.132987	0.821292	-1.087267	0.412064	0.060121	0.336430	0.175110
150.000000	0.157116	0.796810	-1.111042	0.415190	0.066067	0.335096	0.176386
145.000000	0.145523	0.807955	-1.099002	0.407041	0.051505	0.334210	0.175234
140.000000	0.009073	-0.006783	-0.011363	0.387003	0.021463	0.332023	0.170413
135.000000	0.142818	0.817704	-1.103340	0.403536	0.068452	0.334785	0.173503
130.000000	0.173293	0.789211	-1.135797	0.409374	0.086758	0.336128	0.175526
125.000000	0.178442	0.783009	-1.139893	0.410461	0.098113	0.337984	0.178090
120.000000	0.113765	0.838612	-1.066141	0.403386	0.054559	0.335323	0.175618
115.000000	0.056105	-0.056432	-0.055777	0.384713	0.022557	0.328224	0.172718
110.000000	0.150638	0.803251	-1.104527	0.409104	0.057823	0.331547	0.178157
105.000000	0.107672	0.842593	-1.057936	0.402859	0.058056	0.334839	0.179457
100.000000	0.073521	0.873891	-1.020933	0.391460	0.074798	0.329220	0.179056
95.000000	0.015136	0.911088	-0.941360	0.384096	0.056651	0.323178	0.181543
90.000000	0.012432	0.923175	-0.898310	0.386761	0.068751	0.308121	0.182455
85.000000	0.146044	0.884363	-0.592275	0.377019	0.031526	0.296354	0.190517
80.000000	0.229381	0.939621	-0.480860	0.383207	0.043409	0.275209	0.190166
75.000000	0.346207	1.021389	-0.328975	0.390382	0.056199	0.290404	0.207473
70.000000	0.429991	1.156218	-0.296237	0.385446	0.078576	0.278210	0.212312
65.000000	0.649918	1.194963	0.104873	0.390261	0.064897	0.319025	0.250550
60.000000	0.832192	1.424316	0.240068	0.390217	0.075062	0.328950	0.266457
55.000000	0.987402	1.598859	0.375945	0.390841	0.081256	0.314329	0.256119
50.000000	1.098970	1.736760	0.461180	0.387286	0.085516	0.307461	0.246272
45.000000	1.211981	1.796822	0.627141	0.394682	0.078916	0.309621	0.232504
40.000000	1.309622	1.820406	0.798838	0.392176	0.072460	0.311832	0.217101
35.000000	1.350392	1.891705	0.809080	0.398953	0.071591	0.297023	0.198667
30.000000	1.412030	1.891895	0.932166	0.405267	0.067908	0.325759	0.208079
25.000000	1.462448	1.867236	1.057660	0.410957	0.066960	0.324813	0.203125
20.000000	1.514723	1.823326	1.206120	0.414919	0.072207	0.311777	0.199666
15.000000	1.531787	1.869564	1.194011	0.412047	0.065588	0.327482	0.205875
10.000000	1.541589	1.959377	1.123801	0.416785	0.059016	0.327219	0.203944
5.000000	1.549212	2.007635	1.090790	0.414325	0.056653	0.326097	0.200149
0.000000	1.567737	1.958184	1.177290	0.413880	0.056952	0.333926	0.204864
