0.000000	0.827762
5.000000	0.831051
10.000000	0.836874
15.000000	0.843321
20.000000	0.853290
25.000000	0.861186
30.000000	0.868233
35.000000	0.878541
40.000000	0.884552
45.000000	0.887670
50.000000	0.882212
55.000000	0.871950
60.000000	0.866281
65.000000	0.847420
70.000000	0.835578
75.000000	0.823452
80.000000	0.830024
85.000000	0.845983
90.000000	0.876885
95.000000	0.909718
100.000000	0.921738
105.000000	0.944815
110.000000	0.961265
115.000000	0.970874
120.000000	0.978681
125.000000	0.985213
130.000000	0.989341
135.000000	0.992964
140.000000	0.994125
145.000000	0.995591
150.000000	0.997174
155.000000	0.998004
160.000000	0.999309
165.000000	0.999103
170.000000	0.999320
175.000000	0.999454
180.000000	0.999928
185.000000	0.998989
190.000000	1.000000
195.000000	0.999934
200.000000	0.999518
205.000000	0.999828
210.000000	0.999777
215.000000	0.999699
220.000000	0.999923
225.000000	0.999554
230.000000	0.999784
235.000000	0.999547
240.000000	0.999200
245.000000	0.999935
250.000000	0.999574
255.000000	0.999411
