0.000000	0.997153
5.000000	0.998201
10.000000	0.997931
15.000000	0.996961
20.000000	0.998854
25.000000	0.998293
30.000000	0.998752
35.000000	0.998746
40.000000	0.998561
45.000000	1.000000
50.000000	0.999290
55.000000	0.998633
60.000000	0.998559
65.000000	0.999440
70.000000	0.997739
75.000000	0.998911
80.000000	0.996807
85.000000	0.996956
90.000000	0.994142
95.000000	0.991090
100.000000	0.990529
105.000000	0.985544
110.000000	0.981708
115.000000	0.976397
120.000000	0.975642
125.000000	0.966605
130.000000	0.962217
135.000000	0.951095
140.000000	0.942649
145.000000	0.929133
150.000000	0.914995
155.000000	0.901407
160.000000	0.879803
165.000000	0.858064
170.000000	0.835684
175.000000	0.808415
180.000000	0.782718
185.000000	0.752656
190.000000	0.715727
195.000000	0.683158
200.000000	0.642616
205.000000	0.605390
210.000000	0.561076
215.000000	0.521628
220.000000	0.482420
225.000000	0.444956
230.000000	0.412907
235.000000	0.384159
240.000000	0.356515
245.000000	0.339406
250.000000	0.328350
255.000000	0.324454
