255.000000	0.000000	0.000000	0.000000	0.445444	0.183468	0.380091	0.117979
250.000000	0.024354	-0.024354	-0.064007	0.438573	0.185250	0.376426	0.122349
245.000000	0.009845	-0.009845	0.012499	0.433048	0.180005	0.386168	0.126832
240.000000	0.012654	0.012654	0.119247	0.440149	0.178998	0.387344	0.133187
235.000000	0.031032	0.031032	0.207403	0.435255	0.175938	0.399337	0.141506
230.000000	0.045408	0.045408	0.265440	0.432915	0.176627	0.384646	0.146434
225.000000	0.060313	0.060313	0.357861	0.438657	0.171639	0.400812	0.158805
220.000000	0.061531	0.061531	0.361218	0.437222	0.172678	0.393486	0.164422
215.000000	0.064970	0.064970	0.372288	0.437910	0.173807	0.395950	0.168335
210.000000	0.066657	0.066657	0.351968	0.434433	0.175072	0.390765	0.167843
205.000000	0.074629	0.074629	0.332764	0.436567	0.179690	0.389957	0.168958
200.000000	0.081330	0.081330	0.311092	0.437922	0.181051	0.373478	0.165325
195.000000	0.088151	0.088151	0.331310	0.427929	0.177587	0.379886	0.170148
190.000000	0.096552	0.096552	0.348347	0.439415	0.176993	0.374703	0.169741
185.000000	0.105872	0.105872	0.367513	0.427210	0.179348	0.383384	0.174220
180.000000	0.111160	0.111160	0.410271	0.429293	0.172365	0.382335	0.176880
175.000000	0.115546	0.115546	0.451040	0.432062	0.171226	0.386055	0.180984
170.000000	0.116657	0.116657	0.461522	0.434429	0.171108	0.379878	0.178382
165.000000	0.120337	0.120337	0.453094	0.431720	0.172054	0.386090	0.179099
160.000000	0.119196	0.119196	0.422939	0.427202	0.172202	0.384880	0.176415
155.000000	0.114657	0.114657	0.398541	0.430292	0.173724	0.389847	0.177112
150.000000	0.115675	0.115675	0.460653	0.430349	0.169782	0.383538	0.176857
145.000000	0.113568	0.113568	0.503431	0.428846	0.166235	0.380407	0.178811
140.000000	0.114653	0.114653	0.489376	0.429139	0.169959	0.376179	0.174257
135.000000	0.117714	0.117714	0.472918	0.430041	0.171195	0.383173	0.175634
130.000000	0.117590	0.117590	0.517123	0.435514	0.168444	0.376743	0.176026
125.000000	0.118077	0.118077	0.595121	0.439199	0.162137	0.378633	0.184931
120.000000	0.112922	0.112922	0.679635	0.439100	0.160066	0.375151	0.186247
115.000000	0.102948	0.102948	0.719288	0.433782	0.155892	0.376786	0.189820
110.000000	0.101620	0.101620	0.679592	0.438932	0.158739	0.376560	0.189221
105.000000	0.099870	0.099870	0.643933	0.438568	0.163356	0.372631	0.185030
100.000000	0.099581	0.099581	0.629067	0.436480	0.158444	0.386023	0.185675
95.000000	0.094582	0.094582	0.673988	0.440906	0.158622	0.371297	0.185078
90.000000	0.080309	0.080309	0.764174	0.436069	0.152036	0.378184	0.190333
85.000000	0.065464	0.065464	0.823339	0.438681	0.152814	0.381783	0.189651
80.000000	0.058076	0.058076	0.838066	0.431246	0.149777	0.384078	0.191759
75.000000	0.055800	0.055800	0.805392	0.434496	0.151524	0.377673	0.187698
70.000000	0.056224	0.056224	0.767133	0.428596	0.150136	0.388762	0.194456
65.000000	0.055887	0.055887	0.742811	0.437588	0.153951	0.382093	0.188229
60.000000	0.056603	0.056603	0.733205	0.438363	0.153487	0.379802	0.189825
55.000000	0.058044	0.058044	0.720172	0.435150	0.151498	0.382687	0.190559
50.000000	0.055490	0.055490	0.717117	0.442683	0.155545	0.377456	0.186068
45.000000	0.054734	0.054734	0.685469	0.440326	0.154558	0.386162	0.185478
40.000000	0.053245	0.053245	0.637900	0.439711	0.155621	0.389498	0.183048
35.000000	0.049298	0.049298	0.587767	0.440618	0.160633	0.386073	0.178063
30.000000	0.043704	0.043704	0.556433	0.436161	0.158807	0.394915	0.178621
25.000000	0.039632	0.039632	0.499294	0.445780	0.164834	0.396763	0.173067
20.000000	0.034030	0.034030	0.450109	0.440654	0.166984	0.404682	0.172139
15.000000	0.028332	0.028332	0.414750	0.442000	0.168679	0.407291	0.170750
10.000000	0.023856	0.023856	0.392136	0.440520	0.168856	0.401892	0.168189
5.000000	0.022032	0.022032	0.400130	0.436611	0.166042	0.396072	0.165501
0.000000	0.023157	0.023157	0.408260	0.439371	0.166948	0.403698	0.168160
