255.000000	0.000000	0.000000	0.000000	0.448466	0.068971	0.460999	0.126031
250.000000	0.001336	-0.063777	0.066449	0.450850	0.070460	0.455923	0.125536
245.000000	0.043615	-0.067418	0.154648	0.431179	0.071210	0.462849	0.125683
240.000000	0.084422	-0.068130	0.236974	0.441166	0.074948	0.467465	0.126272
235.000000	0.096267	-0.102333	0.294866	0.444292	0.076597	0.460756	0.124186
230.000000	0.096991	-0.172653	0.366635	0.421455	0.076181	0.464867	0.126106
225.000000	0.135440	-0.161803	0.432683	0.451211	0.082355	0.457297	0.125396
220.000000	0.185914	-0.134416	0.506244	0.438148	0.080269	0.472585	0.131918
215.000000	0.204899	-0.155807	0.565604	0.447850	0.086281	0.462682	0.131447
210.000000	0.224835	-0.176020	0.625691	0.441499	0.086593	0.467333	0.135093
205.000000	0.246149	-0.187223	0.679521	0.446691	0.091822	0.462686	0.135946
200.000000	0.263866	-0.208840	0.736572	0.445515	0.092982	0.463684	0.139035
195.000000	0.293167	-0.202685	0.789019	0.447184	0.094590	0.461413	0.141763
190.000000	0.305199	-0.223653	0.834052	0.448642	0.097590	0.457568	0.142378
185.000000	0.353650	-0.194334	0.901635	0.434459	0.089131	0.446757	0.142194
180.000000	0.362174	-0.205324	0.929672	0.439850	0.096992	0.454023	0.144632
175.000000	0.389650	-0.207291	0.986590	0.439097	0.092218	0.442328	0.144669
170.000000	0.370937	-0.245307	0.987180	0.437124	0.103353	0.449926	0.144986
165.000000	0.409950	-0.230424	1.050324	0.439981	0.099294	0.441596	0.145301
160.000000	0.413753	-0.240306	1.067811	0.434260	0.104381	0.450971	0.147620
155.000000	0.446798	-0.229868	1.123463	0.438194	0.101459	0.449588	0.147014
150.000000	0.480012	-0.203737	1.163760	0.428382	0.094264	0.446623	0.148912
145.000000	0.455369	-0.245202	1.155941	0.434261	0.106929	0.451856	0.147707
140.000000	0.492362	-0.221818	1.206543	0.429878	0.098363	0.447760	0.149479
135.000000	0.487631	-0.242208	1.217470	0.432713	0.106908	0.452643	0.149837
130.000000	0.524244	-0.224383	1.272871	0.440256	0.102802	0.456576	0.148443
125.000000	0.566459	-0.189821	1.322740	0.442021	0.098195	0.470734	0.153319
120.000000	0.605494	-0.167424	1.378412	0.439664	0.095023	0.475288	0.149292
115.000000	0.631636	-0.153682	1.416955	0.432597	0.088083	0.474575	0.153585
110.000000	0.614878	-0.175232	1.404988	0.446068	0.098320	0.478078	0.154368
105.000000	0.624846	-0.176078	1.425771	0.439324	0.093896	0.469200	0.152785
100.000000	0.668792	-0.148130	1.485715	0.432849	0.091923	0.484208	0.151617
95.000000	0.649661	-0.166007	1.465330	0.436633	0.092446	0.462060	0.150975
90.000000	0.643551	-0.182050	1.469151	0.443483	0.098425	0.469592	0.151094
85.000000	0.654088	-0.172602	1.480778	0.431213	0.093173	0.456229	0.149984
80.000000	0.630557	-0.200614	1.461729	0.440046	0.104419	0.467726	0.151241
75.000000	0.626283	-0.205532	1.458098	0.426627	0.100207	0.450681	0.149116
70.000000	0.652799	-0.195031	1.500629	0.445582	0.103698	0.463992	0.148515
65.000000	0.672498	-0.182029	1.527025	0.434587	0.096027	0.451775	0.146992
60.000000	0.677200	-0.182760	1.537159	0.440934	0.100388	0.454382	0.146998
55.000000	0.665036	-0.197001	1.527074	0.433495	0.100647	0.450982	0.147350
50.000000	0.659775	-0.200881	1.520430	0.426551	0.101375	0.444183	0.147027
45.000000	0.684860	-0.183534	1.553255	0.447722	0.103875	0.465128	0.149028
40.000000	0.665984	-0.201392	1.533360	0.428734	0.101760	0.446559	0.147103
35.000000	0.687288	-0.195036	1.569611	0.445229	0.106294	0.452712	0.145674
30.000000	0.648709	-0.225145	1.522563	0.430609	0.107487	0.442043	0.144396
25.000000	0.623816	-0.242067	1.489699	0.424920	0.111103	0.428771	0.142681
20.000000	0.614663	-0.256351	1.485678	0.432121	0.115150	0.437118	0.142245
15.000000	0.624549	-0.247477	1.496575	0.430398	0.110687	0.423914	0.140932
10.000000	0.658209	-0.222741	1.539159	0.439248	0.111209	0.445217	0.145099
5.000000	0.709517	-0.191253	1.610288	0.440304	0.102951	0.445428	0.143591
0.000000	0.700331	-0.195310	1.595972	0.429492	0.102489	0.441878	0.144502
