0.000000	0.046504
5.000000	0.048939
10.000000	0.053423
15.000000	0.061076
20.000000	0.072288
25.000000	0.086503
30.000000	0.113421
35.000000	0.135164
40.000000	0.174979
45.000000	0.232712
50.000000	0.307917
55.000000	0.407910
60.000000	0.458621
65.000000	0.574446
70.000000	0.684240
75.000000	0.812691
80.000000	0.908295
85.000000	0.952473
90.000000	0.992433
95.000000	1.000000
100.000000	0.995266
105.000000	0.989695
110.000000	0.977758
115.000000	0.969014
120.000000	0.964342
125.000000	0.963623
130.000000	0.960838
135.000000	0.959711
140.000000	0.958125
145.000000	0.959122
150.000000	0.958637
155.000000	0.958371
160.000000	0.957677
165.000000	0.957462
170.000000	0.957503
175.000000	0.956971
180.000000	0.956850
185.000000	0.956699
190.000000	0.956786
195.000000	0.956676
200.000000	0.956449
205.000000	0.956489
210.000000	0.956087
215.000000	0.955477
220.000000	0.955171
225.000000	0.954708
230.000000	0.954587
235.000000	0.955361
240.000000	0.956722
245.000000	0.957166
250.000000	0.955233
255.000000	0.952351
