0.000000	0.998176
5.000000	0.998935
10.000000	1.000000
15.000000	0.994490
20.000000	0.991864
25.000000	0.990844
30.000000	0.979266
35.000000	0.973904
40.000000	0.949810
45.000000	0.932355
50.000000	0.900556
55.000000	0.846261
60.000000	0.783152
65.000000	0.687824
70.000000	0.590691
75.000000	0.465931
80.000000	0.340800
85.000000	0.264797
90.000000	0.155255
95.000000	0.107913
100.000000	0.071448
105.000000	0.058295
110.000000	0.048010
115.000000	0.041996
120.000000	0.038035
125.000000	0.036891
130.000000	0.035141
135.000000	0.034463
140.000000	0.033750
145.000000	0.033409
150.000000	0.033085
155.000000	0.032825
160.000000	0.032636
165.000000	0.032641
170.000000	0.032463
175.000000	0.032502
180.000000	0.032445
185.000000	0.032479
190.000000	0.032452
195.000000	0.032462
200.000000	0.032559
205.000000	0.032501
210.000000	0.032622
215.000000	0.032543
220.000000	0.032535
225.000000	0.032545
230.000000	0.032603
235.000000	0.032524
240.000000	0.032569
245.000000	0.032574
250.000000	0.032609
255.000000	0.032555
