255.000000	0.000000	0.000000	0.000000	0.337263	0.336505	0.400637	0.206963
250.000000	0.100951	-0.100951	-0.228447	0.351032	0.353917	0.404133	0.221820
245.000000	0.070604	-0.070604	-0.168600	0.350161	0.354940	0.405070	0.219118
240.000000	0.068348	-0.068348	-0.150125	0.350867	0.354146	0.406072	0.218523
235.000000	0.046463	-0.046463	-0.121290	0.351427	0.355176	0.403567	0.216332
230.000000	0.025505	-0.025505	-0.077409	0.347470	0.350078	0.401251	0.212660
225.000000	0.028441	-0.028441	-0.094390	0.350365	0.354529	0.400058	0.212762
220.000000	0.027878	-0.027878	-0.092608	0.350743	0.351328	0.398490	0.212388
215.000000	0.016886	-0.016886	-0.052252	0.341421	0.340181	0.395389	0.208819
210.000000	0.021169	-0.021169	-0.052035	0.341417	0.345936	0.398440	0.209983
205.000000	0.062642	-0.062642	-0.134768	0.350933	0.359609	0.402043	0.216250
200.000000	0.083655	-0.083655	-0.145190	0.348144	0.358911	0.404589	0.219295
195.000000	0.085820	-0.085820	-0.090437	0.334905	0.339398	0.404789	0.216385
190.000000	0.062399	-0.062399	0.007070	0.337832	0.310544	0.401738	0.208901
185.000000	0.027779	-0.027779	0.150188	0.348089	0.275615	0.400162	0.205775
180.000000	0.019800	-0.019800	0.190200	0.350595	0.269483	0.399022	0.205060
175.000000	0.014667	-0.014667	0.193523	0.351993	0.270582	0.400607	0.205899
170.000000	0.004341	-0.004341	0.177487	0.348134	0.275375	0.399583	0.204599
165.000000	0.000097	0.000097	0.162059	0.347737	0.284424	0.401018	0.206072
160.000000	0.003258	0.003258	0.133986	0.340727	0.291980	0.395198	0.203665
155.000000	0.004869	0.004869	0.102804	0.338475	0.303338	0.396067	0.204661
150.000000	0.012717	0.012717	0.090539	0.337623	0.308610	0.394204	0.204178
145.000000	0.015990	0.015990	0.088890	0.336870	0.314202	0.395503	0.204384
140.000000	0.014824	0.014824	0.067516	0.336000	0.319974	0.393869	0.204027
135.000000	0.029472	0.029472	0.169051	0.342382	0.290972	0.399395	0.205521
130.000000	0.031981	0.031981	0.194670	0.343669	0.284155	0.399819	0.205263
125.000000	0.034043	0.034043	0.202863	0.341739	0.279653	0.401767	0.206270
120.000000	0.031016	0.031016	0.165386	0.342639	0.290878	0.399114	0.204970
115.000000	0.044992	0.044992	0.164188	0.338816	0.294648	0.397763	0.204885
110.000000	0.063052	0.063052	0.182710	0.339956	0.293669	0.403874	0.205375
105.000000	0.080299	0.080299	0.163315	0.337203	0.303695	0.402290	0.204625
100.000000	0.122597	0.122597	0.186414	0.340573	0.305240	0.406370	0.205340
95.000000	0.197945	0.197945	0.355632	0.339072	0.267941	0.394566	0.205058
90.000000	0.261286	0.261286	0.585665	0.319917	0.203817	0.361026	0.191431
85.000000	0.300912	0.300912	0.791139	0.314839	0.165121	0.346762	0.179557
80.000000	0.378998	0.378998	0.850859	0.300301	0.154857	0.343709	0.173720
75.000000	0.479068	0.479068	0.818847	0.295560	0.166966	0.342227	0.172240
70.000000	0.567729	0.567729	0.804574	0.299316	0.177020	0.331822	0.164692
65.000000	0.663338	0.663338	0.751772	0.302212	0.204327	0.367669	0.178020
60.000000	0.734135	0.734135	0.718018	0.306339	0.232439	0.342005	0.168218
55.000000	0.803165	0.803165	0.728697	0.307861	0.255826	0.361471	0.172754
50.000000	0.884125	0.884125	0.815024	0.301592	0.257255	0.355863	0.168781
45.000000	0.976990	0.976990	0.967079	0.297544	0.243875	0.374898	0.174367
40.000000	1.037460	1.037460	1.060790	0.295546	0.240589	0.369011	0.175379
35.000000	1.083074	1.083074	1.122810	0.299725	0.244372	0.353562	0.173421
30.000000	1.110560	1.110560	1.137394	0.298625	0.247244	0.373258	0.181607
25.000000	1.125039	1.125039	1.127960	0.300058	0.264762	0.371361	0.179810
20.000000	1.132440	1.132440	1.116724	0.297994	0.269105	0.379441	0.184797
15.000000	1.139575	1.139575	1.126680	0.297842	0.267912	0.384434	0.185623
10.000000	1.153762	1.153762	1.182709	0.300230	0.257294	0.385748	0.186074
5.000000	1.161761	1.161761	1.184857	0.301875	0.262418	0.382142	0.188872
0.000000	1.178723	1.178723	1.161661	0.303087	0.284840	0.386029	0.183711
