255.000000	0.000000	0.000000	0.000000	0.371491	0.178826	0.345044	0.121968
250.000000	0.004218	-0.004218	0.207232	0.373779	0.191742	0.340639	0.124249
245.000000	0.008778	0.008778	0.304688	0.384966	0.193816	0.334186	0.123827
240.000000	0.003842	0.003842	0.161622	0.382336	0.196168	0.339458	0.122750
235.000000	0.016626	0.016626	-0.008428	0.374814	0.174872	0.338648	0.120350
230.000000	0.003183	-0.003183	-0.156416	0.387658	0.169848	0.344782	0.119765
225.000000	0.003003	-0.003003	-0.188702	0.405751	0.167974	0.351882	0.119360
220.000000	0.000493	0.000493	-0.259026	0.405042	0.165710	0.360900	0.121028
215.000000	0.017852	-0.017852	-0.099285	0.382382	0.172078	0.342857	0.120730
210.000000	0.023077	-0.023077	-0.224990	0.395406	0.167401	0.349510	0.119753
205.000000	0.013796	-0.013796	-0.378353	0.417351	0.161049	0.361508	0.119747
200.000000	0.022250	-0.022250	-0.089175	0.384482	0.176713	0.343241	0.120845
195.000000	0.027508	-0.027508	-0.278901	0.404079	0.166554	0.357365	0.119935
190.000000	0.023495	-0.023495	-0.092399	0.385725	0.178132	0.343157	0.120947
185.000000	0.000245	-0.000245	-0.046448	0.380976	0.175964	0.344582	0.122746
180.000000	0.022558	0.022558	0.172059	0.377902	0.190160	0.339068	0.127398
175.000000	0.039428	0.039428	0.397566	0.389805	0.198216	0.359626	0.129696
170.000000	0.048549	0.048549	0.436684	0.388715	0.199873	0.373358	0.132056
165.000000	0.092696	0.092696	0.644963	0.378181	0.190731	0.384323	0.131383
160.000000	0.094630	0.094630	0.592723	0.384126	0.197538	0.390329	0.135181
155.000000	0.126240	0.126240	0.724696	0.379316	0.189590	0.386798	0.133991
150.000000	0.145627	0.145627	0.849274	0.396920	0.181706	0.386437	0.133941
145.000000	0.128213	0.128213	0.637641	0.384074	0.196141	0.389068	0.135234
140.000000	0.149553	0.149553	0.854123	0.387859	0.180289	0.391285	0.135552
135.000000	0.130099	0.130099	0.718005	0.383397	0.192677	0.390907	0.132968
130.000000	0.126916	0.126916	0.818724	0.395644	0.183863	0.392554	0.133880
125.000000	0.129571	0.129571	0.815722	0.396123	0.185349	0.388971	0.131592
120.000000	0.103386	0.103386	0.757825	0.391439	0.184182	0.387716	0.128064
115.000000	0.079534	0.079534	0.641667	0.386826	0.196335	0.394714	0.128566
110.000000	0.061989	0.061989	0.632185	0.391214	0.195742	0.393232	0.123970
105.000000	0.047068	0.047068	0.556191	0.400068	0.202608	0.383302	0.117592
100.000000	0.000971	0.000971	0.375253	0.400036	0.207940	0.356761	0.106038
95.000000	0.049969	-0.049969	0.318322	0.381238	0.197452	0.348106	0.095261
90.000000	0.172733	-0.172733	-0.065286	0.384404	0.186027	0.357335	0.086850
85.000000	0.268284	-0.268284	-0.312596	0.384468	0.163025	0.361751	0.081892
80.000000	0.347386	-0.347386	-0.694480	0.384014	0.138173	0.358324	0.084181
75.000000	0.373004	-0.373004	-1.030626	0.366975	0.120248	0.350675	0.092870
70.000000	0.369240	-0.369240	-1.300660	0.342082	0.117042	0.351004	0.097069
65.000000	0.405618	-0.405618	-1.367456	0.345377	0.114913	0.360942	0.101889
60.000000	0.418123	-0.418123	-1.563920	0.353889	0.132089	0.369858	0.105832
55.000000	0.449934	-0.449934	-1.617340	0.359660	0.134447	0.387530	0.112209
50.000000	0.478645	-0.478645	-1.630618	0.362107	0.133053	0.388430	0.114384
45.000000	0.511501	-0.511501	-1.681012	0.370197	0.134486	0.375853	0.109907
40.000000	0.551635	-0.551635	-1.655620	0.383446	0.127436	0.368095	0.108476
35.000000	0.597310	-0.597310	-1.602349	0.385296	0.116237	0.380528	0.114315
30.000000	0.609100	-0.609100	-1.714487	0.386614	0.128505	0.355949	0.102683
25.000000	0.651327	-0.651327	-1.665053	0.394531	0.119846	0.374837	0.107979
20.000000	0.664097	-0.664097	-1.749505	0.394136	0.126686	0.362564	0.099433
15.000000	0.704205	-0.704205	-1.627735	0.398436	0.109137	0.354807	0.104152
10.000000	0.699077	-0.699077	-1.692907	0.398913	0.116601	0.370011	0.103555
5.000000	0.710849	-0.710849	-1.688410	0.390378	0.112112	0.347102	0.099367
0.000000	0.759037	-0.759037	-1.548086	0.394933	0.096823	0.379593	0.111456
