255.000000	0.000000	0.000000	0.000000	0.453524	0.151730	0.426139	0.175284
250.000000	0.044337	-0.044337	0.121774	0.453369	0.148190	0.424930	0.181626
245.000000	0.038082	-0.038082	0.087117	0.453305	0.149636	0.434541	0.181098
240.000000	0.063769	-0.063769	0.108825	0.447700	0.147898	0.425244	0.175958
235.000000	0.036979	-0.036979	0.010406	0.450740	0.149606	0.424742	0.168920
230.000000	0.048238	-0.048238	0.039721	0.445582	0.147946	0.418527	0.165957
225.000000	0.082372	-0.082372	0.132528	0.418984	0.141209	0.427574	0.166399
220.000000	0.087101	-0.087101	0.187953	0.441241	0.146170	0.418476	0.161526
215.000000	0.037065	-0.037065	0.007784	0.442446	0.149620	0.425272	0.154303
210.000000	0.060979	-0.060979	0.095430	0.450579	0.150143	0.417111	0.151388
205.000000	0.056709	-0.056709	0.102428	0.424557	0.145029	0.412685	0.148934
200.000000	0.035566	-0.035566	-0.015600	0.457666	0.155711	0.417206	0.141519
195.000000	0.050883	-0.050883	0.050126	0.439958	0.151679	0.412585	0.142833
190.000000	0.093835	-0.093835	0.246619	0.438349	0.152860	0.412334	0.147757
185.000000	0.090644	-0.090644	0.267518	0.434841	0.153701	0.412352	0.148855
180.000000	0.039839	-0.039839	0.126622	0.435846	0.151189	0.405251	0.144423
175.000000	0.107623	-0.107623	0.441844	0.428262	0.159950	0.408552	0.151673
170.000000	0.089753	-0.089753	0.368814	0.414960	0.153585	0.400978	0.150059
165.000000	0.010025	-0.010025	0.176929	0.449347	0.152811	0.417374	0.148173
160.000000	0.051858	-0.051858	0.336636	0.429401	0.155870	0.406398	0.149742
155.000000	0.114133	-0.114133	0.542361	0.416614	0.169452	0.401077	0.150247
150.000000	0.027725	-0.027725	0.260100	0.461267	0.159570	0.416743	0.150682
145.000000	0.046957	-0.046957	0.402270	0.428022	0.161022	0.405880	0.149100
140.000000	0.084594	-0.084594	0.597621	0.429930	0.175712	0.417737	0.147934
135.000000	0.078973	-0.078973	0.511355	0.416764	0.166359	0.404024	0.146115
130.000000	0.066271	-0.066271	0.492736	0.432671	0.170058	0.408270	0.152087
125.000000	0.064231	-0.064231	0.517828	0.433318	0.171365	0.404515	0.148339
120.000000	0.040868	-0.040868	0.442147	0.434307	0.164927	0.407499	0.151734
115.000000	0.051609	-0.051609	0.460599	0.443807	0.168604	0.410740	0.150370
110.000000	0.058003	-0.058003	0.468613	0.435184	0.169342	0.403192	0.146992
105.000000	0.067557	-0.067557	0.589987	0.426626	0.174791	0.416583	0.148338
100.000000	0.041920	-0.041920	0.502913	0.427017	0.168080	0.408446	0.147097
95.000000	0.045799	-0.045799	0.531261	0.434014	0.172949	0.417794	0.151581
90.000000	0.030704	-0.030704	0.473269	0.436939	0.167917	0.408618	0.148004
85.000000	0.040105	-0.040105	0.506812	0.439164	0.170275	0.418973	0.151682
80.000000	0.027002	-0.027002	0.503217	0.446031	0.172923	0.409473	0.147816
75.000000	0.001738	-0.001738	0.381108	0.452488	0.162200	0.410192	0.147368
70.000000	0.012426	0.012426	0.407384	0.459941	0.162753	0.412227	0.149876
65.000000	0.013048	-0.013048	0.620267	0.439010	0.177333	0.426549	0.140704
60.000000	0.001204	-0.001204	0.560469	0.444768	0.172124	0.431818	0.145465
55.000000	0.009742	-0.009742	0.658561	0.448798	0.181326	0.433018	0.138408
50.000000	0.012543	0.012543	1.073224	0.443886	0.212302	0.459006	0.116553
45.000000	0.041432	0.041432	1.264351	0.414592	0.204507	0.450719	0.108841
40.000000	0.127905	0.127905	1.663386	0.396373	0.185262	0.418664	0.106180
35.000000	0.006028	0.006028	1.038185	0.433817	0.200549	0.460534	0.119710
30.000000	0.065962	0.065962	1.121648	0.429363	0.202128	0.448208	0.113989
25.000000	0.009181	0.009181	0.888558	0.443130	0.193164	0.467948	0.128636
20.000000	0.008277	0.008277	0.889036	0.449536	0.194755	0.460903	0.128988
15.000000	0.021494	0.021494	0.922792	0.440594	0.192339	0.464061	0.128378
10.000000	0.041431	0.041431	1.034328	0.425500	0.196122	0.452411	0.119607
5.000000	0.000688	0.000688	0.853714	0.442487	0.190543	0.452373	0.130596
0.000000	0.011835	0.011835	0.858390	0.439812	0.186584	0.456842	0.132202
