0.000000	0.998922
5.000000	1.000000
10.000000	0.997491
15.000000	0.995980
20.000000	0.989782
25.000000	0.986254
30.000000	0.978143
35.000000	0.964131
40.000000	0.955302
45.000000	0.930320
50.000000	0.893335
55.000000	0.844343
60.000000	0.777530
65.000000	0.698188
70.000000	0.587848
75.000000	0.466546
80.000000	0.338524
85.000000	0.260005
90.000000	0.168406
95.000000	0.107799
100.000000	0.077919
105.000000	0.056970
110.000000	0.046875
115.000000	0.041074
120.000000	0.036746
125.000000	0.034880
130.000000	0.035694
135.000000	0.034451
140.000000	0.034158
145.000000	0.033592
150.000000	0.033303
155.000000	0.033216
160.000000	0.032893
165.000000	0.032864
170.000000	0.032783
175.000000	0.032761
180.000000	0.032732
185.000000	0.032670
190.000000	0.032713
195.000000	0.032662
200.000000	0.032711
205.000000	0.032656
210.000000	0.032735
215.000000	0.032632
220.000000	0.031115
225.000000	0.032739
230.000000	0.032661
235.000000	0.032722
240.000000	0.032564
245.000000	0.032706
250.000000	0.032801
255.000000	0.032714
