255.000000	0.000000	0.000000	0.000000	0.411326	0.127241	0.367045	0.162896
250.000000	0.020801	-0.085873	0.020801	0.406152	0.130649	0.361186	0.170773
245.000000	0.034209	-0.138386	0.034209	0.406938	0.135781	0.359292	0.173712
240.000000	0.040028	-0.165929	0.040028	0.407288	0.137956	0.359325	0.176031
235.000000	0.039909	-0.183849	0.039909	0.403316	0.139229	0.360271	0.177187
230.000000	0.044549	-0.208278	0.044549	0.403584	0.142119	0.361324	0.179220
225.000000	0.043312	-0.204062	0.043312	0.402625	0.143167	0.360905	0.178310
220.000000	0.039188	-0.199279	0.039188	0.402404	0.141574	0.362289	0.178827
215.000000	0.039124	-0.197969	0.039124	0.401161	0.141740	0.360788	0.178565
210.000000	0.050583	-0.233574	0.050583	0.404661	0.144664	0.361603	0.180071
205.000000	0.053659	-0.221023	0.053659	0.402561	0.143459	0.360579	0.179348
200.000000	0.072115	-0.246238	0.072115	0.403071	0.146642	0.360688	0.180106
195.000000	0.081989	-0.259128	0.081989	0.402223	0.146522	0.357427	0.178784
190.000000	0.105641	-0.309126	0.105641	0.402419	0.147193	0.356311	0.178858
185.000000	0.127191	-0.360955	0.127191	0.398996	0.148377	0.354151	0.176792
180.000000	0.136259	-0.401113	0.136259	0.395715	0.150387	0.355044	0.175707
175.000000	0.142121	-0.430119	0.142121	0.398523	0.152669	0.354893	0.174899
170.000000	0.145130	-0.431771	0.145130	0.399638	0.152044	0.354464	0.174945
165.000000	0.141027	-0.371415	0.141027	0.398432	0.150166	0.352952	0.177060
160.000000	0.139919	-0.357327	0.139919	0.400332	0.148197	0.352472	0.177003
155.000000	0.139592	-0.354433	0.139592	0.402831	0.147074	0.353441	0.177812
150.000000	0.142528	-0.362322	0.142528	0.400893	0.147175	0.353147	0.177366
145.000000	0.127698	-0.298359	0.127698	0.410692	0.145759	0.352793	0.177128
140.000000	0.149532	-0.377676	0.149532	0.404301	0.148603	0.353112	0.176914
135.000000	0.134220	-0.309660	0.134220	0.404946	0.144670	0.355649	0.177913
130.000000	0.116875	-0.242492	0.116875	0.409971	0.142131	0.353699	0.174519
125.000000	0.112963	-0.198927	0.112963	0.410902	0.139450	0.353339	0.171247
120.000000	0.099406	-0.158677	0.099406	0.406202	0.134724	0.354873	0.170088
115.000000	0.086995	-0.158184	0.086995	0.406679	0.133877	0.351844	0.170301
110.000000	0.092119	-0.189170	0.092119	0.404614	0.137628	0.351235	0.175306
105.000000	0.080451	-0.160220	0.080451	0.402308	0.133586	0.354106	0.175681
100.000000	0.086984	-0.165260	0.086984	0.400965	0.134573	0.354945	0.176735
95.000000	0.105436	-0.194156	0.105436	0.401540	0.135790	0.350920	0.179144
90.000000	0.131729	-0.292981	0.131729	0.393096	0.135615	0.349157	0.187381
85.000000	0.144785	-0.328402	0.144785	0.385403	0.133178	0.344467	0.187631
80.000000	0.149164	-0.328119	0.149164	0.388606	0.130578	0.346928	0.189015
75.000000	0.140521	-0.277430	0.140521	0.382287	0.124706	0.351593	0.188943
70.000000	0.140240	-0.233831	0.140240	0.384118	0.120899	0.346150	0.182597
65.000000	0.138421	-0.158011	0.138421	0.380054	0.114164	0.346559	0.170867
60.000000	0.118006	0.002103	0.118006	0.395904	0.105752	0.346907	0.147095
55.000000	0.133621	0.073085	0.133621	0.396476	0.102651	0.348695	0.133396
50.000000	0.159059	0.177423	0.159059	0.403697	0.097111	0.338680	0.114156
45.000000	0.192894	0.298680	0.192894	0.408596	0.095180	0.333178	0.101945
40.000000	0.223902	0.390135	0.223902	0.406733	0.092642	0.330327	0.096425
35.000000	0.245117	0.416653	0.245117	0.404257	0.089514	0.332771	0.094641
30.000000	0.259901	0.440368	0.259901	0.395933	0.086441	0.333750	0.094318
25.000000	0.281285	0.509236	0.281285	0.403767	0.086073	0.332774	0.093278
20.000000	0.297062	0.471872	0.297062	0.389279	0.079674	0.330416	0.094172
15.000000	0.313268	0.436688	0.313268	0.389225	0.076101	0.330174	0.094039
10.000000	0.331953	0.344895	0.331953	0.374576	0.070652	0.331454	0.094744
5.000000	0.354636	0.233460	0.354636	0.373505	0.066951	0.331968	0.097552
0.000000	0.358041	0.088432	0.358041	0.368160	0.065657	0.334084	0.103089
