0.000000	0.719545
5.000000	0.727409
10.000000	0.739711
15.000000	0.754402
20.000000	0.774793
25.000000	0.798743
30.000000	0.832633
35.000000	0.861267
40.000000	0.898220
45.000000	0.935513
50.000000	0.967689
55.000000	0.988211
60.000000	1.000000
65.000000	0.992951
70.000000	0.969874
75.000000	0.878301
80.000000	0.855993
85.000000	0.759864
90.000000	0.709227
95.000000	0.639337
100.000000	0.597430
105.000000	0.575034
110.000000	0.559006
115.000000	0.549669
120.000000	0.541468
125.000000	0.537058
130.000000	0.534644
135.000000	0.532136
140.000000	0.531228
145.000000	0.530648
150.000000	0.530501
155.000000	0.529031
160.000000	0.529849
165.000000	0.528033
170.000000	0.529629
175.000000	0.529751
180.000000	0.529682
185.000000	0.529483
190.000000	0.529595
195.000000	0.528788
200.000000	0.529176
205.000000	0.527504
210.000000	0.528504
215.000000	0.529091
220.000000	0.528537
225.000000	0.528887
230.000000	0.529094
235.000000	0.528411
240.000000	0.529694
245.000000	0.528140
250.000000	0.529829
255.000000	0.529636
