0.000000	0.591362
5.000000	0.580311
10.000000	0.562015
15.000000	0.536351
20.000000	0.492879
25.000000	0.462389
30.000000	0.415255
35.000000	0.360389
40.000000	0.293335
45.000000	0.236150
50.000000	0.177899
55.000000	0.129477
60.000000	0.104182
65.000000	0.106649
70.000000	0.146056
75.000000	0.251160
80.000000	0.387151
85.000000	0.501433
90.000000	0.607964
95.000000	0.735360
100.000000	0.831856
105.000000	0.892836
110.000000	0.931017
115.000000	0.950923
120.000000	0.970766
125.000000	0.977745
130.000000	0.982798
135.000000	0.988407
140.000000	0.991545
145.000000	0.993564
150.000000	0.994920
155.000000	0.996399
160.000000	0.997101
165.000000	0.998213
170.000000	0.998823
175.000000	0.999632
180.000000	1.000000
185.000000	0.999751
190.000000	0.999327
195.000000	0.998982
200.000000	0.998965
205.000000	0.999728
210.000000	0.999506
215.000000	0.999407
220.000000	0.999007
225.000000	0.998789
230.000000	0.998332
235.000000	0.998517
240.000000	0.997599
245.000000	0.998733
250.000000	0.998718
255.000000	0.998407
