255.000000	0.000000	0.000000	0.000000	0.354066	0.134743	0.348705	0.098606
250.000000	0.026755	-0.026755	-0.066352	0.351726	0.133977	0.347733	0.098260
245.000000	0.018837	-0.018837	0.005562	0.360690	0.136052	0.351454	0.098796
240.000000	0.025887	-0.025887	0.402549	0.370380	0.147191	0.333154	0.100252
235.000000	0.014619	0.014619	0.071638	0.362032	0.137797	0.354364	0.098965
230.000000	0.020708	-0.020708	0.541555	0.362138	0.140065	0.320852	0.103828
225.000000	0.000911	0.000911	-0.104972	0.344586	0.129953	0.347512	0.096928
220.000000	0.009186	0.009186	0.201311	0.370575	0.143556	0.334022	0.099124
215.000000	0.024963	-0.024963	0.079874	0.372883	0.143413	0.341171	0.098105
210.000000	0.011529	-0.011529	-0.169484	0.346471	0.129220	0.346550	0.097973
205.000000	0.012372	-0.012372	0.418749	0.371914	0.145691	0.329374	0.101893
200.000000	0.025602	-0.025602	0.537678	0.363533	0.140242	0.328217	0.103083
195.000000	0.015307	-0.015307	0.431748	0.378052	0.144829	0.334072	0.101039
190.000000	0.020841	-0.020841	0.651878	0.358198	0.136030	0.336776	0.101844
185.000000	0.001627	-0.001627	0.269974	0.386397	0.145258	0.343363	0.100267
180.000000	0.001271	0.001271	0.637155	0.355436	0.137423	0.337149	0.103072
175.000000	0.017615	0.017615	0.374129	0.382498	0.148113	0.337522	0.101305
170.000000	0.018185	0.018185	0.406352	0.379806	0.145380	0.338504	0.102121
165.000000	0.019157	0.019157	0.460184	0.368550	0.144636	0.337311	0.103212
160.000000	0.024278	0.024278	0.557136	0.370412	0.143165	0.335241	0.102586
155.000000	0.025217	0.025217	0.572687	0.372916	0.141670	0.338605	0.102214
150.000000	0.021843	0.021843	0.639916	0.363602	0.139558	0.337465	0.101337
145.000000	0.011606	-0.011606	0.988060	0.351465	0.127654	0.360371	0.093689
140.000000	0.025539	0.025539	0.681684	0.353760	0.138250	0.346106	0.100512
135.000000	0.024868	0.024868	0.721670	0.348412	0.136448	0.343450	0.100839
130.000000	0.027879	0.027879	0.793750	0.343715	0.132790	0.342211	0.099093
125.000000	0.051341	0.051341	0.652666	0.357475	0.139823	0.338461	0.100376
120.000000	0.007925	0.007925	0.960091	0.340719	0.127114	0.344355	0.093942
115.000000	0.011700	0.011700	0.932704	0.343710	0.128627	0.347780	0.095547
110.000000	0.004744	-0.004744	1.018756	0.341398	0.126519	0.346637	0.093417
105.000000	0.011443	0.011443	1.036314	0.348177	0.127149	0.353758	0.091369
100.000000	0.032424	0.032424	0.993935	0.353177	0.128897	0.344933	0.093010
95.000000	0.063895	0.063895	0.943727	0.363604	0.131246	0.340865	0.094498
90.000000	0.082530	0.082530	0.989286	0.356574	0.129983	0.335601	0.092314
85.000000	0.102712	0.102712	0.973537	0.369634	0.130713	0.329086	0.092673
80.000000	0.159764	0.159764	0.713142	0.396294	0.140271	0.323739	0.098478
75.000000	0.165918	0.165918	0.932994	0.377631	0.131728	0.317834	0.098069
70.000000	0.196876	0.196876	0.876797	0.391161	0.134429	0.317509	0.101919
65.000000	0.180419	0.180419	1.190706	0.359860	0.125225	0.317310	0.103751
60.000000	0.229605	0.229605	0.829506	0.400963	0.138001	0.303308	0.112732
55.000000	0.199060	0.199060	1.215956	0.361977	0.124974	0.324358	0.119744
50.000000	0.205850	0.205850	1.296185	0.367190	0.125113	0.324264	0.122390
45.000000	0.195117	0.195117	1.093259	0.378274	0.127855	0.304191	0.123983
40.000000	0.177353	0.177353	1.197171	0.366777	0.126268	0.320975	0.128734
35.000000	0.187511	0.187511	1.535572	0.367187	0.124995	0.337254	0.125614
30.000000	0.177292	0.177292	1.368859	0.365394	0.123843	0.320171	0.127390
25.000000	0.187408	0.187408	1.255327	0.375721	0.125837	0.316062	0.127183
20.000000	0.152476	0.152476	1.312847	0.362434	0.124551	0.321821	0.130177
15.000000	0.196047	0.196047	0.956236	0.383738	0.131447	0.297652	0.122896
10.000000	0.184718	0.184718	0.798352	0.394469	0.136956	0.286756	0.121845
5.000000	0.186724	0.186724	0.810314	0.385897	0.135637	0.290897	0.121711
0.000000	0.199731	0.199731	0.782388	0.398827	0.138476	0.288548	0.120890
