255.000000	0.000000	0.000000	0.000000	0.384504	0.244370	0.321252	0.194595
250.000000	0.000834	-0.000834	0.001311	0.383178	0.242587	0.319265	0.196301
245.000000	0.016570	-0.016570	0.012149	0.384429	0.239554	0.320580	0.194127
240.000000	0.021232	-0.021232	0.014938	0.384959	0.236638	0.318955	0.193774
235.000000	0.060974	-0.060974	0.053482	0.386149	0.236151	0.325210	0.186358
230.000000	0.073447	-0.073447	0.061803	0.384295	0.230059	0.321327	0.175332
225.000000	0.013371	-0.013371	0.002323	0.386723	0.239968	0.319250	0.190523
220.000000	0.067320	-0.067320	0.053064	0.386374	0.232820	0.327710	0.180642
215.000000	0.130261	-0.130261	0.111789	0.390969	0.230600	0.326116	0.160965
210.000000	0.149968	-0.149968	0.127879	0.392548	0.229043	0.325524	0.154138
205.000000	0.168057	-0.168057	0.140704	0.388987	0.227556	0.328251	0.150608
200.000000	0.192363	-0.192363	0.161471	0.387901	0.228072	0.326608	0.144336
195.000000	0.262668	-0.262668	0.203746	0.383818	0.225096	0.325262	0.123331
190.000000	0.271208	-0.271208	0.205399	0.385875	0.230903	0.325191	0.119277
185.000000	0.246006	-0.246006	0.195718	0.390495	0.233420	0.323113	0.127176
180.000000	0.205845	-0.205845	0.173612	0.387429	0.238062	0.328180	0.140181
175.000000	0.136715	-0.136715	0.127335	0.389776	0.239039	0.326165	0.163466
170.000000	0.076905	-0.076905	0.078536	0.384923	0.241188	0.327399	0.182893
165.000000	0.100869	-0.100869	0.099690	0.379968	0.239281	0.325756	0.176085
160.000000	0.081736	-0.081736	0.082935	0.379172	0.239136	0.326609	0.180779
155.000000	0.091999	-0.091999	0.092717	0.383758	0.240586	0.325011	0.174474
150.000000	0.114541	-0.114541	0.110499	0.389031	0.242412	0.325647	0.163840
145.000000	0.107032	-0.107032	0.109814	0.380633	0.243730	0.323997	0.163369
140.000000	0.089737	-0.089737	0.104645	0.381851	0.249344	0.324076	0.169501
135.000000	0.156602	-0.156602	1.770103	0.359939	0.197322	0.405698	0.230133
130.000000	0.077411	-0.077411	0.104309	0.386738	0.254162	0.325422	0.169906
125.000000	0.099832	-0.099832	0.121809	0.378516	0.249312	0.326318	0.160564
120.000000	0.108468	-0.108468	0.135852	0.381706	0.246510	0.325004	0.153965
115.000000	0.101764	-0.101764	0.143054	0.384189	0.251020	0.322003	0.154021
110.000000	0.110481	-0.110481	0.166161	0.381924	0.250146	0.324125	0.145546
105.000000	0.120930	-0.120930	0.204576	0.387568	0.252709	0.314999	0.128246
100.000000	0.114604	-0.114604	0.235091	0.389015	0.248350	0.318277	0.103478
95.000000	0.359431	-0.359431	0.015170	0.392160	0.249001	0.337043	0.008358
90.000000	0.989570	-0.989570	-0.660178	0.390093	0.247974	0.361676	0.147634
85.000000	0.945020	-0.945020	-0.628688	0.387179	0.242272	0.301159	0.193354
80.000000	0.920382	-0.920382	-0.576769	0.375770	0.237542	0.309502	0.188038
75.000000	0.886168	-0.886168	-0.522226	0.365842	0.232632	0.305731	0.168867
70.000000	0.861804	-0.861804	-0.468028	0.349223	0.223521	0.304363	0.151937
65.000000	0.818454	-0.818454	-0.428141	0.344269	0.223349	0.327205	0.148526
60.000000	0.743447	-0.743447	-0.392155	0.349008	0.223019	0.323061	0.139722
55.000000	0.673124	-0.673124	-0.358459	0.338493	0.221165	0.321330	0.135751
50.000000	0.586545	-0.586545	-0.330168	0.342349	0.222091	0.356981	0.136636
45.000000	0.471034	-0.471034	-0.296440	0.342913	0.223954	0.356959	0.131662
40.000000	0.377050	-0.377050	-0.269314	0.337374	0.220131	0.359249	0.133612
35.000000	0.341290	-0.341290	-0.255242	0.328614	0.212629	0.352982	0.131362
30.000000	0.374039	-0.374039	-0.228835	0.332297	0.214482	0.358688	0.137423
25.000000	0.368693	-0.368693	-0.214278	0.326912	0.210254	0.362434	0.138834
20.000000	0.401996	-0.401996	-0.194601	0.326425	0.207570	0.368919	0.137540
15.000000	0.420228	-0.420228	-0.174795	0.331656	0.206508	0.368258	0.142648
10.000000	0.441494	-0.441494	-0.163308	0.331665	0.203905	0.376244	0.142509
5.000000	0.493579	-0.493579	-0.151324	0.331223	0.198943	0.380324	0.140257
0.000000	0.500266	-0.500266	-0.151795	0.322502	0.192098	0.373184	0.141557
