0.000000	1.000000
5.000000	0.991021
10.000000	0.987744
15.000000	0.975097
20.000000	0.966996
25.000000	0.954382
30.000000	0.937827
35.000000	0.929656
40.000000	0.922190
45.000000	0.915229
50.000000	0.911071
55.000000	0.922500
60.000000	0.940185
65.000000	0.957468
70.000000	0.970002
75.000000	0.979694
80.000000	0.972209
85.000000	0.956854
90.000000	0.929430
95.000000	0.890697
100.000000	0.868532
105.000000	0.848511
110.000000	0.837611
115.000000	0.824959
120.000000	0.818928
125.000000	0.812614
130.000000	0.806470
135.000000	0.804411
140.000000	0.802238
145.000000	0.800385
150.000000	0.798765
155.000000	0.797629
160.000000	0.797094
165.000000	0.796621
170.000000	0.795922
175.000000	0.796599
180.000000	0.796658
185.000000	0.796792
190.000000	0.797394
195.000000	0.797411
200.000000	0.797759
205.000000	0.797705
210.000000	0.797512
215.000000	0.797053
220.000000	0.795831
225.000000	0.795222
230.000000	0.794540
235.000000	0.793681
240.000000	0.794277
245.000000	0.794034
250.000000	0.793976
255.000000	0.793635
