255.000000	0.000000	0.000000	0.000000	0.346892	0.327932	0.414967	0.331467
250.000000	0.045165	0.215613	0.045165	0.346104	0.321426	0.400951	0.322701
245.000000	0.112212	0.086006	0.112212	0.336559	0.324244	0.391916	0.335930
240.000000	0.192945	0.072970	0.192945	0.331158	0.321231	0.373682	0.328107
235.000000	0.319012	0.287525	0.319012	0.332702	0.323672	0.373604	0.323961
230.000000	0.462335	0.557810	0.462335	0.316733	0.303483	0.347527	0.306799
225.000000	0.602847	0.745349	0.602847	0.321479	0.299108	0.349174	0.317892
220.000000	0.722124	0.978825	0.722124	0.324031	0.295757	0.337497	0.305599
215.000000	0.840962	1.131977	0.840962	0.314882	0.282559	0.305005	0.271267
210.000000	0.910966	1.179338	0.910966	0.319647	0.284985	0.329572	0.286632
205.000000	0.985471	1.211688	0.985471	0.306049	0.275256	0.320449	0.266109
200.000000	1.015538	1.182955	1.015538	0.308646	0.277265	0.352188	0.271687
195.000000	1.056607	1.116004	1.056607	0.289487	0.268916	0.360206	0.261529
190.000000	1.091508	1.080253	1.091508	0.287599	0.269020	0.375069	0.259530
185.000000	1.124994	1.079132	1.124994	0.275411	0.256862	0.372574	0.247496
180.000000	1.152228	1.089014	1.152228	0.277143	0.255459	0.376788	0.241801
175.000000	1.187434	1.048586	1.187434	0.290543	0.268138	0.395635	0.239985
170.000000	1.216266	1.127243	1.216266	0.275447	0.252686	0.402939	0.238243
165.000000	1.243746	1.268533	1.243746	0.279238	0.250312	0.397307	0.232202
160.000000	1.260735	1.295509	1.260735	0.265344	0.236350	0.388098	0.230068
155.000000	1.279336	1.284325	1.279336	0.281169	0.250619	0.397248	0.224355
150.000000	1.293787	1.212004	1.293787	0.262604	0.234456	0.394268	0.222681
145.000000	1.320995	1.323061	1.320995	0.274788	0.239084	0.386480	0.217789
140.000000	1.311745	1.232464	1.311745	0.265968	0.233687	0.394181	0.216190
135.000000	1.324818	1.237097	1.324818	0.269383	0.235985	0.394570	0.213812
130.000000	1.344788	1.317373	1.344788	0.278121	0.242296	0.389254	0.210918
125.000000	1.358953	1.348635	1.358953	0.262323	0.226438	0.375286	0.209090
120.000000	1.373060	1.375969	1.373060	0.279751	0.239853	0.382664	0.210364
115.000000	1.389571	1.399538	1.389571	0.264691	0.223919	0.369688	0.208645
110.000000	1.393348	1.446822	1.393348	0.275809	0.233152	0.373939	0.209941
105.000000	1.400859	1.530490	1.400859	0.276979	0.227196	0.363033	0.211120
100.000000	1.405366	1.638035	1.405366	0.280041	0.224885	0.360774	0.214813
95.000000	1.402574	1.746432	1.402574	0.287971	0.228575	0.364098	0.221744
90.000000	1.388564	1.867703	1.388564	0.278345	0.214113	0.364305	0.225127
85.000000	1.384823	1.860923	1.384823	0.290264	0.223701	0.367477	0.223688
80.000000	1.408750	1.777062	1.408750	0.289658	0.225419	0.361749	0.217346
75.000000	1.400467	1.872599	1.400467	0.277108	0.213130	0.365210	0.225417
70.000000	1.361523	2.085552	1.361523	0.298614	0.227085	0.371673	0.217546
65.000000	1.368662	2.095693	1.368662	0.287901	0.216403	0.366109	0.222266
60.000000	1.397975	1.989842	1.397975	0.292520	0.221440	0.369923	0.218740
55.000000	1.422723	1.914746	1.422723	0.289148	0.220037	0.367354	0.222352
50.000000	1.438292	1.873024	1.438292	0.289496	0.222687	0.366716	0.220752
45.000000	1.442469	1.835898	1.442469	0.282338	0.218149	0.365536	0.222396
40.000000	1.449415	1.858233	1.449415	0.278607	0.215037	0.367791	0.222664
35.000000	1.411719	2.092269	1.411719	0.292284	0.221676	0.370160	0.221003
30.000000	1.395089	2.164625	1.395089	0.300165	0.227031	0.372079	0.216304
25.000000	1.411213	2.109473	1.411213	0.298034	0.225144	0.372938	0.219366
20.000000	1.408613	2.157730	1.408613	0.289066	0.217708	0.371559	0.219848
15.000000	1.418772	2.131873	1.418772	0.295521	0.224959	0.372508	0.218283
10.000000	1.425166	2.128817	1.425166	0.288555	0.217199	0.372823	0.220195
5.000000	1.434304	2.095534	1.434304	0.293277	0.222395	0.370903	0.218969
0.000000	1.433514	2.103988	1.433514	0.300958	0.228725	0.374951	0.220399
