255.000000	0.000000	0.000000	0.000000	0.437547	0.064795	0.325124	0.067546
250.000000	0.394308	0.134996	-0.923612	0.418421	0.073799	0.339534	0.057581
245.000000	0.524471	0.089863	-1.138805	0.408971	0.101077	0.351826	0.070346
240.000000	0.565859	0.073797	-1.205515	0.407836	0.112954	0.352005	0.076097
235.000000	0.522412	0.101489	-1.146314	0.415976	0.107184	0.345933	0.069110
230.000000	0.459157	0.141684	-1.059999	0.409961	0.096600	0.351415	0.061964
225.000000	0.392026	0.165508	-0.949560	0.418062	0.081944	0.343840	0.057380
220.000000	0.474742	0.110244	-1.059727	0.416787	0.091542	0.347461	0.064319
215.000000	0.408560	0.137526	-0.954646	0.417799	0.078107	0.341472	0.058519
210.000000	0.029454	-0.007640	-0.051268	0.442467	0.062727	0.330246	0.063666
205.000000	0.002819	-0.028494	0.034133	0.432853	0.069643	0.333784	0.066919
200.000000	0.001278	0.017753	-0.015198	0.442395	0.063050	0.327207	0.065954
195.000000	0.021005	-0.005076	-0.036934	0.440704	0.062427	0.324351	0.064727
190.000000	0.092978	0.200847	-0.386802	0.429190	0.049731	0.329142	0.056997
185.000000	0.092444	0.115352	-0.300240	0.435294	0.049899	0.331133	0.058597
180.000000	0.171236	0.035657	0.306815	0.403561	0.090162	0.334284	0.097162
175.000000	0.111125	0.013626	0.208623	0.431070	0.083341	0.328713	0.084169
170.000000	0.163849	0.014518	0.313180	0.406786	0.097580	0.328392	0.095708
165.000000	0.158750	-0.006291	0.323791	0.396093	0.102405	0.326384	0.094231
160.000000	0.127078	-0.006945	0.261101	0.405090	0.093169	0.322266	0.088507
155.000000	0.122181	0.013349	0.231013	0.421287	0.085669	0.321496	0.086739
150.000000	0.122992	0.030525	0.215458	0.420153	0.081244	0.324565	0.087197
145.000000	0.010671	0.105972	-0.084630	0.445810	0.054083	0.325857	0.067532
140.000000	0.066812	0.152829	-0.286454	0.434679	0.049411	0.327019	0.059579
135.000000	0.021425	-0.005877	0.048727	0.435094	0.069433	0.327389	0.070239
130.000000	0.065116	-0.010208	0.140440	0.419917	0.078951	0.323964	0.076186
125.000000	0.143189	0.028287	0.258092	0.406320	0.087990	0.325942	0.090600
120.000000	0.133712	0.036045	0.231379	0.413331	0.083555	0.327209	0.088298
115.000000	0.122845	0.045250	0.200441	0.423619	0.078815	0.322945	0.085268
110.000000	0.106698	0.041525	0.171870	0.425615	0.076484	0.324856	0.081161
105.000000	0.006859	0.082549	-0.096268	0.445043	0.056708	0.327630	0.061817
100.000000	0.077334	0.113785	-0.268454	0.437381	0.051417	0.328245	0.053095
95.000000	0.084650	0.121259	-0.290558	0.434607	0.049821	0.325956	0.048814
90.000000	0.554781	0.062300	-1.171861	0.410927	0.098942	0.341761	0.057523
85.000000	0.673740	0.003872	-1.351352	0.407698	0.123355	0.355879	0.072223
80.000000	0.601120	0.092397	-1.294638	0.407201	0.111697	0.349537	0.049062
75.000000	0.392478	0.299841	-1.084798	0.420994	0.081359	0.341206	0.023705
70.000000	0.510892	0.242917	-1.264701	0.423109	0.094850	0.341746	0.022127
65.000000	0.098038	0.922305	-0.726228	0.415163	0.068914	0.330658	0.019045
60.000000	0.320264	1.525475	-0.884947	0.422535	0.033361	0.329825	0.064969
55.000000	0.365270	1.743242	-1.012701	0.427661	0.049523	0.328875	0.077809
50.000000	0.339926	1.352804	-0.672951	0.405665	0.075706	0.319320	0.047036
45.000000	0.375694	1.503872	-0.752483	0.406859	0.068916	0.321425	0.064063
40.000000	0.386794	1.492522	-0.718934	0.408843	0.080295	0.311444	0.063148
35.000000	0.406506	1.552549	-0.739537	0.413625	0.081783	0.313575	0.071291
30.000000	0.423010	1.566192	-0.720172	0.415411	0.087793	0.322231	0.079651
25.000000	0.426442	1.504088	-0.651204	0.424709	0.103085	0.337645	0.080947
20.000000	0.440651	1.525429	-0.644127	0.422357	0.107235	0.341816	0.084557
15.000000	0.429778	1.463053	-0.603496	0.416342	0.128321	0.331249	0.069209
10.000000	0.436179	1.468697	-0.596340	0.410074	0.130876	0.316014	0.054672
5.000000	0.432635	1.475985	-0.610716	0.415427	0.128789	0.326156	0.073038
0.000000	0.456306	1.600860	-0.688249	0.422394	0.102594	0.339242	0.092322
