0.000000	0.046004
5.000000	0.049120
10.000000	0.054329
15.000000	0.062065
20.000000	0.076316
25.000000	0.088553
30.000000	0.112515
35.000000	0.136361
40.000000	0.173861
45.000000	0.222447
50.000000	0.293339
55.000000	0.380408
60.000000	0.469496
65.000000	0.586657
70.000000	0.709869
75.000000	0.805854
80.000000	0.888983
85.000000	0.965782
90.000000	0.996268
95.000000	1.000000
100.000000	0.994988
105.000000	0.983352
110.000000	0.976641
115.000000	0.973765
120.000000	0.966748
125.000000	0.963913
130.000000	0.964830
135.000000	0.963084
140.000000	0.961671
145.000000	0.959435
150.000000	0.958396
155.000000	0.958037
160.000000	0.957147
165.000000	0.955493
170.000000	0.954988
175.000000	0.953548
180.000000	0.953304
185.000000	0.954336
190.000000	0.952446
195.000000	0.953540
200.000000	0.954385
205.000000	0.955348
210.000000	0.956116
215.000000	0.956799
220.000000	0.955874
225.000000	0.955231
230.000000	0.954565
235.000000	0.954129
240.000000	0.955695
245.000000	0.954571
250.000000	0.954634
255.000000	0.954087
