0.000000	1.000000
5.000000	0.999347
10.000000	0.999567
15.000000	0.999838
20.000000	0.997531
25.000000	0.997371
30.000000	0.997003
35.000000	0.997539
40.000000	0.996741
45.000000	0.995327
50.000000	0.994887
55.000000	0.993517
60.000000	0.994852
65.000000	0.992477
70.000000	0.995361
75.000000	0.991837
80.000000	0.994400
85.000000	0.989263
90.000000	0.992503
95.000000	0.990392
100.000000	0.989144
105.000000	0.990538
110.000000	0.985650
115.000000	0.982805
120.000000	0.984946
125.000000	0.990398
130.000000	0.978997
135.000000	0.981966
140.000000	0.988352
145.000000	0.973729
150.000000	0.984499
155.000000	0.975331
160.000000	0.964893
165.000000	0.961611
170.000000	0.966060
175.000000	0.950518
180.000000	0.951276
185.000000	0.920152
190.000000	0.926254
195.000000	0.905370
200.000000	0.873772
205.000000	0.864578
210.000000	0.833777
215.000000	0.796938
220.000000	0.771851
225.000000	0.730850
230.000000	0.684566
235.000000	0.647256
240.000000	0.594845
245.000000	0.542933
250.000000	0.498540
255.000000	0.447456
