255.000000	0.000000	0.000000	0.000000	0.369319	0.080725	0.404980	0.211262
250.000000	0.024173	-0.024173	0.027476	0.373752	0.099559	0.404396	0.210083
245.000000	0.031684	-0.031684	0.055694	0.379323	0.115563	0.419280	0.218717
240.000000	0.002134	0.002134	0.146714	0.380598	0.106190	0.411241	0.213257
235.000000	0.047825	0.047825	0.266878	0.364385	0.081680	0.413467	0.219271
230.000000	0.035520	0.035520	0.294049	0.375772	0.100368	0.405713	0.215595
225.000000	0.037397	0.037397	0.284003	0.367560	0.119809	0.403081	0.215417
220.000000	0.038669	0.038669	0.329684	0.378118	0.129451	0.393489	0.213976
215.000000	0.072902	0.072902	0.410452	0.368254	0.118244	0.378797	0.211723
210.000000	0.095100	0.095100	0.516438	0.375279	0.113276	0.366467	0.212638
205.000000	0.107125	0.107125	0.625046	0.374632	0.107718	0.357501	0.217390
200.000000	0.151101	0.151101	0.641784	0.362941	0.106809	0.358179	0.213568
195.000000	0.151709	0.151709	0.736705	0.377783	0.115097	0.349781	0.219813
190.000000	0.177259	0.177259	0.792418	0.379390	0.113007	0.362919	0.218560
185.000000	0.220850	0.220850	0.826007	0.368629	0.108021	0.384058	0.219912
180.000000	0.221033	0.221033	0.884519	0.377472	0.122098	0.383921	0.217982
175.000000	0.257224	0.257224	0.924530	0.377175	0.117409	0.400476	0.215180
170.000000	0.256326	0.256326	1.063417	0.384078	0.115352	0.406260	0.210096
165.000000	0.277153	0.277153	1.186438	0.385233	0.107883	0.416715	0.205848
160.000000	0.306713	0.306713	1.209624	0.385154	0.111998	0.415277	0.204563
155.000000	0.320611	0.320611	1.300324	0.377720	0.110391	0.418425	0.203763
150.000000	0.348079	0.348079	1.336029	0.374288	0.105775	0.422841	0.204046
145.000000	0.353989	0.353989	1.448113	0.371712	0.104142	0.413147	0.201009
140.000000	0.383500	0.383500	1.379015	0.371933	0.100733	0.406468	0.195422
135.000000	0.387836	0.387836	1.427766	0.373045	0.109062	0.415947	0.200795
130.000000	0.389446	0.389446	1.553249	0.363114	0.099511	0.387447	0.188655
125.000000	0.413690	0.413690	1.556827	0.368252	0.109238	0.403081	0.195100
120.000000	0.436707	0.436707	1.587425	0.360131	0.097634	0.383837	0.187059
115.000000	0.448078	0.448078	1.669248	0.366047	0.107167	0.387983	0.188771
110.000000	0.454554	0.454554	1.732447	0.364080	0.108257	0.379351	0.186944
105.000000	0.460484	0.460484	1.725823	0.358944	0.104392	0.375966	0.179548
100.000000	0.469440	0.469440	1.741428	0.365001	0.110603	0.380073	0.186176
95.000000	0.464770	0.464770	1.800438	0.362647	0.101231	0.368647	0.181027
90.000000	0.465249	0.465249	1.900033	0.362356	0.108198	0.365945	0.181191
85.000000	0.481064	0.481064	1.857352	0.361237	0.107889	0.369904	0.182722
80.000000	0.500950	0.500950	1.834187	0.360245	0.107740	0.372951	0.184562
75.000000	0.500360	0.500360	1.836873	0.358918	0.098352	0.367804	0.180773
70.000000	0.501382	0.501382	1.911495	0.359818	0.110826	0.366674	0.181883
65.000000	0.484914	0.484914	2.010629	0.366858	0.111410	0.363640	0.178019
60.000000	0.504648	0.504648	2.046491	0.365234	0.123392	0.364590	0.181312
55.000000	0.504265	0.504265	2.052255	0.364648	0.116337	0.364429	0.178808
50.000000	0.510509	0.510509	1.974807	0.365721	0.102875	0.364954	0.178330
45.000000	0.525074	0.525074	1.997806	0.360582	0.111281	0.368317	0.180784
40.000000	0.520110	0.520110	2.001284	0.363062	0.103947	0.366073	0.178354
35.000000	0.528636	0.528636	2.179970	0.373827	0.132099	0.366918	0.179540
30.000000	0.527937	0.527937	2.172816	0.368727	0.126768	0.363730	0.179818
25.000000	0.525574	0.525574	2.005589	0.360824	0.098741	0.365886	0.177983
20.000000	0.545977	0.545977	1.934972	0.361010	0.097937	0.368866	0.179715
15.000000	0.550238	0.550238	1.938589	0.359094	0.094642	0.370602	0.179936
10.000000	0.550032	0.550032	2.004002	0.362049	0.104159	0.369192	0.180106
5.000000	0.536036	0.536036	2.057295	0.363024	0.101464	0.368569	0.179011
0.000000	0.554819	0.554819	1.991853	0.358480	0.100217	0.369496	0.180356
