0.000000	1.000000
5.000000	0.993183
10.000000	0.990972
15.000000	0.985820
20.000000	0.973171
25.000000	0.958809
30.000000	0.938277
35.000000	0.905564
40.000000	0.867592
45.000000	0.814662
50.000000	0.750478
55.000000	0.671191
60.000000	0.573442
65.000000	0.454699
70.000000	0.301172
75.000000	0.176912
80.000000	0.106915
85.000000	0.043993
90.000000	0.025449
95.000000	0.019115
100.000000	0.029946
105.000000	0.044080
110.000000	0.055258
115.000000	0.065434
120.000000	0.072024
125.000000	0.075332
130.000000	0.078024
135.000000	0.081072
140.000000	0.082976
145.000000	0.084281
150.000000	0.085128
155.000000	0.086006
160.000000	0.086495
165.000000	0.086834
170.000000	0.086895
175.000000	0.086882
180.000000	0.086868
185.000000	0.086875
190.000000	0.086897
195.000000	0.086833
200.000000	0.086832
205.000000	0.086846
210.000000	0.086830
215.000000	0.086791
220.000000	0.086830
225.000000	0.086858
230.000000	0.086968
235.000000	0.087003
240.000000	0.086945
245.000000	0.086909
250.000000	0.086824
255.000000	0.087059
