255.000000	0.000000	0.000000	0.000000	0.398802	0.096134	0.402532	0.095188
250.000000	0.024857	0.018265	0.031449	0.400891	0.110031	0.406373	0.081130
245.000000	0.055881	0.042282	0.069480	0.400150	0.117886	0.397226	0.066933
240.000000	0.054746	0.038895	0.070598	0.400824	0.115249	0.398796	0.069992
235.000000	0.052932	0.033546	0.072317	0.400656	0.107169	0.396845	0.072387
230.000000	0.065373	0.041130	0.089616	0.400203	0.109892	0.398950	0.069706
225.000000	0.068531	0.040595	0.096466	0.405825	0.103210	0.401227	0.071872
220.000000	0.068304	0.036448	0.100160	0.413119	0.097179	0.399854	0.075383
215.000000	0.154230	0.114302	0.194158	0.415107	0.115523	0.402794	0.058571
210.000000	0.072059	0.026063	0.118054	0.419989	0.073547	0.402802	0.082624
205.000000	0.117226	0.062816	0.171636	0.426995	0.083411	0.401935	0.075836
200.000000	0.137213	0.069851	0.204574	0.421227	0.083283	0.398305	0.073276
195.000000	0.126063	0.044587	0.207540	0.434037	0.065267	0.406993	0.083436
190.000000	0.157172	0.061831	0.252513	0.423233	0.062092	0.399719	0.078832
185.000000	0.178843	0.070072	0.287614	0.428629	0.062967	0.400238	0.079301
180.000000	0.233848	0.120555	0.347141	0.420734	0.073311	0.395606	0.074092
175.000000	0.317299	0.204128	0.430470	0.418352	0.086178	0.393217	0.070042
170.000000	0.275122	0.132822	0.417423	0.420729	0.065958	0.393367	0.076231
165.000000	0.304239	0.147738	0.460739	0.419666	0.066159	0.398060	0.076790
160.000000	0.287784	0.090508	0.485060	0.420732	0.052936	0.397852	0.079886
155.000000	0.356570	0.184352	0.528787	0.413961	0.065189	0.393677	0.075963
150.000000	0.327494	0.106943	0.548045	0.417393	0.053859	0.402659	0.079866
145.000000	0.380482	0.167380	0.593583	0.409568	0.055233	0.397622	0.077651
140.000000	0.352984	0.075633	0.630336	0.419315	0.046786	0.404043	0.080968
135.000000	0.316879	-0.120127	0.753884	0.413784	0.031506	0.391870	0.081592
130.000000	0.267945	-0.425824	0.961713	0.427276	0.035764	0.395816	0.087668
125.000000	0.303582	-0.320332	0.927495	0.421540	0.033658	0.394160	0.083766
120.000000	0.360317	-0.116046	0.836680	0.416368	0.036092	0.402703	0.081811
115.000000	0.287143	-0.475443	1.049729	0.429353	0.044569	0.395679	0.085026
110.000000	0.341080	-0.347671	1.029830	0.420337	0.040295	0.401678	0.082631
105.000000	0.407345	-0.138007	0.952696	0.410253	0.037389	0.397635	0.079762
100.000000	0.468402	0.050837	0.885968	0.403832	0.041674	0.398646	0.082127
95.000000	0.550945	0.256221	0.845668	0.401519	0.060143	0.411842	0.091576
90.000000	0.610309	0.365774	0.854844	0.397222	0.073309	0.407974	0.101430
85.000000	0.644624	0.414785	0.874462	0.393137	0.077558	0.406051	0.107401
80.000000	0.607472	0.321403	0.893541	0.399314	0.065947	0.408290	0.099322
75.000000	0.598352	0.301419	0.895286	0.395627	0.061481	0.400331	0.095563
70.000000	0.607021	0.292967	0.921075	0.397425	0.061891	0.405698	0.097764
65.000000	0.610336	0.284598	0.936074	0.398591	0.061596	0.404717	0.098584
60.000000	0.624850	0.297761	0.951940	0.395124	0.060462	0.402573	0.101256
55.000000	0.675805	0.407089	0.944522	0.397826	0.076448	0.412434	0.115176
50.000000	0.645761	0.326280	0.965241	0.393253	0.062363	0.399927	0.104857
45.000000	0.616373	0.215534	1.017212	0.395878	0.053925	0.404408	0.097874
40.000000	0.648655	0.284873	1.012437	0.395850	0.057450	0.399718	0.104859
35.000000	0.649718	0.280511	1.018925	0.395963	0.056660	0.402892	0.105510
30.000000	0.681736	0.360501	1.002971	0.393783	0.064274	0.404093	0.115602
25.000000	0.660821	0.274764	1.046877	0.389108	0.054099	0.408093	0.108372
20.000000	0.639678	0.207679	1.071677	0.393968	0.053732	0.406834	0.101621
15.000000	0.689038	0.329243	1.048833	0.392914	0.058963	0.406713	0.118309
10.000000	0.652810	0.204764	1.100856	0.396444	0.053564	0.405728	0.104272
5.000000	0.658512	0.197713	1.119311	0.392755	0.051076	0.404063	0.104821
0.000000	0.686050	0.286290	1.085810	0.392674	0.057235	0.408580	0.115973
