0.000000	0.998414
5.000000	0.998718
10.000000	0.999072
15.000000	0.999456
20.000000	0.999477
25.000000	0.999261
30.000000	0.998711
35.000000	1.000000
40.000000	0.999114
45.000000	0.999131
50.000000	0.998018
55.000000	0.996960
60.000000	0.996605
65.000000	0.995372
70.000000	0.994438
75.000000	0.993665
80.000000	0.992726
85.000000	0.988842
90.000000	0.991120
95.000000	0.985616
100.000000	0.984385
105.000000	0.977131
110.000000	0.973720
115.000000	0.971572
120.000000	0.961653
125.000000	0.958303
130.000000	0.944587
135.000000	0.940408
140.000000	0.925451
145.000000	0.912489
150.000000	0.891881
155.000000	0.883146
160.000000	0.859138
165.000000	0.836978
170.000000	0.816004
175.000000	0.786604
180.000000	0.757459
185.000000	0.728302
190.000000	0.691721
195.000000	0.657617
200.000000	0.616366
205.000000	0.581070
210.000000	0.542124
215.000000	0.507900
220.000000	0.469507
225.000000	0.440483
230.000000	0.416346
235.000000	0.392764
240.000000	0.380376
245.000000	0.369577
250.000000	0.371527
255.000000	0.377965
