0.000000	1.000000
5.000000	0.999245
10.000000	0.999062
15.000000	0.997675
20.000000	0.996562
25.000000	0.997574
30.000000	0.995641
35.000000	0.995859
40.000000	0.995223
45.000000	0.992148
50.000000	0.991744
55.000000	0.993871
60.000000	0.990257
65.000000	0.992964
70.000000	0.989341
75.000000	0.991140
80.000000	0.988317
85.000000	0.984963
90.000000	0.984039
95.000000	0.988990
100.000000	0.983996
105.000000	0.981280
110.000000	0.985279
115.000000	0.979351
120.000000	0.982791
125.000000	0.984288
130.000000	0.976272
135.000000	0.977307
140.000000	0.981919
145.000000	0.972407
150.000000	0.964194
155.000000	0.967157
160.000000	0.967700
165.000000	0.964612
170.000000	0.946377
175.000000	0.945910
180.000000	0.943674
185.000000	0.923012
190.000000	0.921721
195.000000	0.897600
200.000000	0.867418
205.000000	0.860351
210.000000	0.835111
215.000000	0.800352
220.000000	0.772470
225.000000	0.725059
230.000000	0.693910
235.000000	0.644572
240.000000	0.599553
245.000000	0.549035
250.000000	0.498883
255.000000	0.448196
