0.000000	1.000000
5.000000	0.994922
10.000000	0.990428
15.000000	0.984885
20.000000	0.972817
25.000000	0.956628
30.000000	0.933448
35.000000	0.906074
40.000000	0.863158
45.000000	0.801361
50.000000	0.748419
55.000000	0.656152
60.000000	0.572282
65.000000	0.462633
70.000000	0.346875
75.000000	0.209338
80.000000	0.110073
85.000000	0.060686
90.000000	0.024457
95.000000	0.020165
100.000000	0.028144
105.000000	0.045156
110.000000	0.055402
115.000000	0.066944
120.000000	0.070770
125.000000	0.075414
130.000000	0.079458
135.000000	0.081956
140.000000	0.083798
145.000000	0.085464
150.000000	0.086577
155.000000	0.087334
160.000000	0.087603
165.000000	0.088017
170.000000	0.088186
175.000000	0.088436
180.000000	0.088504
185.000000	0.088410
190.000000	0.088523
195.000000	0.088420
200.000000	0.088616
205.000000	0.088568
210.000000	0.088620
215.000000	0.088528
220.000000	0.088553
225.000000	0.088555
230.000000	0.088509
235.000000	0.088542
240.000000	0.088522
245.000000	0.088531
250.000000	0.088492
255.000000	0.088599
