0.000000	0.811155
5.000000	0.818137
10.000000	0.818800
15.000000	0.825061
20.000000	0.834913
25.000000	0.849159
30.000000	0.864556
35.000000	0.886184
40.000000	0.918193
45.000000	0.929090
50.000000	0.959455
55.000000	0.985377
60.000000	0.996564
65.000000	1.000000
70.000000	0.970848
75.000000	0.901582
80.000000	0.855958
85.000000	0.760213
90.000000	0.643388
95.000000	0.548334
100.000000	0.479335
105.000000	0.432607
110.000000	0.394267
115.000000	0.387326
120.000000	0.376001
125.000000	0.366166
130.000000	0.360546
135.000000	0.355652
140.000000	0.352713
145.000000	0.350270
150.000000	0.347710
155.000000	0.346925
160.000000	0.345729
165.000000	0.345125
170.000000	0.344410
175.000000	0.343994
180.000000	0.343584
185.000000	0.343492
190.000000	0.343085
195.000000	0.343375
200.000000	0.343724
205.000000	0.343801
210.000000	0.344006
215.000000	0.343821
220.000000	0.343790
225.000000	0.343980
230.000000	0.343900
235.000000	0.343853
240.000000	0.344003
245.000000	0.343798
250.000000	0.343837
255.000000	0.343717
