255.000000	0.000000	0.000000	0.000000	0.365290	0.164455	0.383316	0.219817
250.000000	0.000557	-0.003129	0.004242	0.361718	0.168989	0.394752	0.214164
245.000000	0.009738	-0.002108	0.021584	0.359110	0.170122	0.404878	0.205289
240.000000	0.064616	0.015259	0.113974	0.363993	0.157036	0.398532	0.201928
235.000000	0.122388	0.019112	0.225663	0.387154	0.144957	0.400958	0.204444
230.000000	0.138238	0.028992	0.247485	0.384383	0.145682	0.403088	0.193644
225.000000	0.157827	0.052056	0.263598	0.379978	0.137572	0.407234	0.194129
220.000000	0.179063	0.055202	0.302924	0.375471	0.135249	0.407067	0.187775
215.000000	0.193990	0.093832	0.294148	0.370046	0.128715	0.406997	0.183610
210.000000	0.219009	0.101957	0.336060	0.368107	0.119178	0.407767	0.185368
205.000000	0.268892	0.070655	0.467129	0.358073	0.098329	0.405967	0.181449
200.000000	0.293301	0.090485	0.496117	0.361217	0.086646	0.408294	0.184507
195.000000	0.410568	-0.107440	0.928575	0.352661	0.081622	0.410817	0.185796
190.000000	0.400506	-0.023045	0.824057	0.352761	0.062351	0.409655	0.186005
185.000000	0.427147	-0.075621	0.929915	0.348274	0.064992	0.407867	0.180898
180.000000	0.486951	-0.142828	1.116729	0.351868	0.071735	0.392262	0.173255
175.000000	0.470241	-0.072267	1.012749	0.345999	0.048665	0.413109	0.178191
170.000000	0.469758	-0.043218	0.982734	0.342538	0.039305	0.397759	0.171958
165.000000	0.452095	0.142883	0.761308	0.347576	0.031151	0.408607	0.178355
160.000000	0.439230	0.313991	0.564469	0.346205	0.027936	0.406481	0.173531
155.000000	0.422770	0.463287	0.382254	0.352924	0.045776	0.418319	0.178782
150.000000	0.422785	0.521358	0.324211	0.353189	0.048179	0.414312	0.175502
145.000000	0.445702	0.581369	0.310035	0.350815	0.047396	0.415255	0.176788
140.000000	0.456121	0.637274	0.274968	0.355327	0.047431	0.412836	0.175075
135.000000	0.521908	0.772445	0.271371	0.347128	0.016639	0.422667	0.168287
130.000000	0.546785	0.941993	0.151577	0.349383	0.019561	0.420236	0.164917
125.000000	0.555248	1.030975	0.079520	0.350770	0.022365	0.414400	0.163637
120.000000	0.610387	1.351481	-0.130708	0.344820	0.021156	0.428229	0.159798
115.000000	0.645521	1.441363	-0.150320	0.343284	0.030623	0.430001	0.157649
110.000000	0.667244	1.559456	-0.224968	0.344185	0.034680	0.431174	0.155176
105.000000	0.672759	1.518713	-0.173195	0.346963	0.042650	0.424637	0.156351
100.000000	0.671868	1.465568	-0.121831	0.342965	0.038218	0.430883	0.156281
95.000000	0.681886	1.460611	-0.096840	0.346228	0.040320	0.428029	0.155568
90.000000	0.710675	1.511713	-0.090363	0.344331	0.048057	0.429672	0.155076
85.000000	0.738417	1.568565	-0.091732	0.340890	0.052484	0.431365	0.153031
80.000000	0.754225	1.598007	-0.089558	0.346809	0.061509	0.424948	0.153230
75.000000	0.698172	1.401135	-0.004790	0.348157	0.046389	0.429478	0.154652
70.000000	0.680709	1.283181	0.078238	0.347499	0.053531	0.424767	0.155179
65.000000	0.726542	1.446737	0.006347	0.344778	0.051577	0.428325	0.153906
60.000000	0.723431	1.417308	0.029553	0.348343	0.056445	0.425135	0.154253
55.000000	0.660253	1.170635	0.149870	0.349658	0.062248	0.426853	0.156424
50.000000	0.610553	1.025773	0.195333	0.354261	0.087071	0.421454	0.159470
45.000000	0.677696	1.198347	0.157044	0.350737	0.063160	0.426299	0.155301
40.000000	0.660958	1.143697	0.178220	0.350975	0.073813	0.423922	0.156251
35.000000	0.677270	1.173525	0.181015	0.351526	0.075789	0.424601	0.155359
30.000000	0.719204	1.273627	0.164782	0.348852	0.068728	0.422760	0.154459
25.000000	0.703276	1.248801	0.157752	0.351620	0.073304	0.422810	0.154152
20.000000	0.673004	1.136482	0.209525	0.348799	0.080081	0.424916	0.155452
15.000000	0.745223	1.326176	0.164270	0.348065	0.072600	0.421713	0.153535
10.000000	0.763943	1.380247	0.147640	0.348927	0.068996	0.423874	0.154159
5.000000	0.748125	1.325278	0.170972	0.349059	0.071927	0.422442	0.153708
0.000000	0.764552	1.373506	0.155598	0.347128	0.070777	0.423237	0.154520
