255.000000	0.000000	0.000000	0.000000	0.380900	0.091341	0.325351	0.083543
250.000000	0.076727	0.190735	-0.076727	0.405816	0.076206	0.317280	0.060348
245.000000	0.110991	0.388603	-0.110991	0.409071	0.067469	0.313458	0.050202
240.000000	0.094705	0.297217	-0.094705	0.405078	0.070620	0.312060	0.052763
235.000000	0.101365	0.281571	-0.101365	0.405691	0.071030	0.312833	0.054065
230.000000	0.094764	0.348763	-0.094764	0.407017	0.069589	0.308888	0.049665
225.000000	0.105625	0.485636	-0.105625	0.403986	0.066728	0.304861	0.046574
220.000000	0.088091	0.594532	-0.088091	0.408310	0.066289	0.302861	0.046056
215.000000	0.102468	0.701097	-0.102468	0.409749	0.064639	0.306413	0.047950
210.000000	0.074780	0.568182	-0.074780	0.406106	0.066443	0.303640	0.046970
205.000000	0.102424	0.837861	-0.102424	0.410890	0.064951	0.304032	0.053240
200.000000	0.075317	0.647622	-0.075317	0.410352	0.065829	0.302087	0.047764
195.000000	0.072219	0.588682	-0.072219	0.408330	0.066348	0.303070	0.046888
190.000000	0.069015	0.667199	-0.069015	0.411502	0.065745	0.301174	0.048002
185.000000	0.075474	0.762622	-0.075474	0.406721	0.064246	0.299157	0.050793
180.000000	0.042471	0.673678	-0.042471	0.409009	0.066723	0.300027	0.049190
175.000000	0.033020	0.661674	-0.033020	0.407955	0.065642	0.303139	0.049072
170.000000	0.040535	0.740199	-0.040535	0.409690	0.064199	0.305393	0.051265
165.000000	0.028922	0.548649	-0.028922	0.407743	0.067907	0.302979	0.046723
160.000000	0.049579	0.723216	-0.049579	0.411939	0.064962	0.301507	0.049940
155.000000	0.053587	0.667224	-0.053587	0.410525	0.065746	0.299493	0.047954
150.000000	0.056204	0.678367	-0.056204	0.410402	0.065047	0.300080	0.047849
145.000000	0.067273	0.638792	-0.067273	0.410231	0.065664	0.299849	0.046677
140.000000	0.094669	0.771565	-0.094669	0.407178	0.063965	0.303094	0.049440
135.000000	0.091353	0.745607	-0.091353	0.411609	0.064785	0.299894	0.048554
130.000000	0.123976	0.910058	-0.123976	0.413498	0.066109	0.303376	0.055104
125.000000	0.131622	0.940918	-0.131622	0.411410	0.066301	0.304149	0.056105
120.000000	0.082510	0.699379	-0.082510	0.414377	0.064106	0.299433	0.044872
115.000000	0.105636	0.849664	-0.105636	0.411127	0.062157	0.302275	0.048421
110.000000	0.088634	0.675709	-0.088634	0.413587	0.061815	0.297801	0.041103
105.000000	0.107463	0.854486	-0.107463	0.412306	0.059808	0.299994	0.042522
100.000000	0.097432	0.859415	-0.097432	0.413642	0.058035	0.290293	0.036236
95.000000	0.073632	0.954409	-0.073632	0.413009	0.055512	0.291128	0.031261
90.000000	0.004072	1.056347	-0.004072	0.414615	0.053004	0.286844	0.021871
85.000000	0.112386	1.304501	0.112386	0.418817	0.053682	0.283515	0.021588
80.000000	0.274488	1.468904	0.274488	0.424905	0.052284	0.283389	0.025456
75.000000	0.428665	1.507431	0.428665	0.422533	0.046478	0.281977	0.029948
70.000000	0.593079	1.453337	0.593079	0.423167	0.043439	0.289819	0.031537
65.000000	0.560788	1.367377	0.560788	0.417835	0.044887	0.292613	0.033467
60.000000	0.489832	1.300325	0.489832	0.417323	0.047656	0.302911	0.032524
55.000000	0.426477	1.238636	0.426477	0.409203	0.049112	0.302056	0.029321
50.000000	0.287236	1.204941	0.287236	0.421712	0.053191	0.304170	0.033060
45.000000	0.311447	1.070418	0.311447	0.410141	0.053093	0.304519	0.020848
40.000000	0.212094	1.017284	0.212094	0.411612	0.053425	0.305321	0.020114
35.000000	0.107300	0.939361	0.107300	0.415109	0.054369	0.304760	0.019689
30.000000	0.013301	0.714202	-0.013301	0.411864	0.054977	0.303481	0.017192
25.000000	0.182516	0.305729	-0.182516	0.400119	0.055796	0.311937	0.021922
20.000000	0.169495	0.047856	-0.169495	0.397896	0.064413	0.317561	0.040449
15.000000	0.094354	-0.081196	-0.094354	0.389373	0.077247	0.321757	0.063288
10.000000	0.089075	-0.087622	-0.089075	0.392011	0.077449	0.318251	0.068955
5.000000	0.109717	-0.042120	-0.109717	0.396404	0.071732	0.312713	0.060915
0.000000	0.057643	-0.103335	-0.057643	0.393697	0.080740	0.313798	0.075856
