255.000000	0.000000	0.000000	0.000000	0.429413	0.062274	0.411893	0.072263
250.000000	0.007162	0.014570	-0.028894	0.429684	0.059066	0.412821	0.073528
245.000000	0.014238	0.033564	-0.062040	0.430865	0.055305	0.414388	0.075913
240.000000	0.026672	0.081532	-0.134876	0.425365	0.050857	0.413793	0.079311
235.000000	0.025819	0.102666	-0.154303	0.426103	0.048407	0.417138	0.080553
230.000000	0.011743	0.111302	-0.134788	0.427336	0.047406	0.415057	0.078705
225.000000	0.016454	0.112628	-0.079720	0.425152	0.047652	0.408999	0.074699
220.000000	0.012990	0.163385	-0.137404	0.432098	0.043918	0.412735	0.077644
215.000000	0.037006	0.167887	-0.093876	0.426387	0.042825	0.408446	0.075396
210.000000	0.047302	0.176365	-0.081761	0.432285	0.039799	0.414228	0.076552
205.000000	0.122486	0.127205	0.117768	0.427649	0.044406	0.403275	0.070794
200.000000	0.245714	0.092728	0.398701	0.419231	0.066684	0.397699	0.067382
195.000000	0.122448	0.144322	0.100574	0.430525	0.037725	0.405566	0.073580
190.000000	0.134732	0.192473	0.076991	0.426994	0.030758	0.414351	0.075832
185.000000	0.153141	0.163357	0.142924	0.425661	0.031935	0.405034	0.074721
180.000000	0.104258	0.400034	-0.191517	0.422095	0.024376	0.420325	0.081814
175.000000	0.208967	0.181954	0.235979	0.425793	0.026195	0.405390	0.075012
170.000000	0.259160	0.085114	0.433207	0.431387	0.041361	0.408173	0.076156
165.000000	0.212418	0.146779	0.278058	0.426237	0.022106	0.407350	0.075284
160.000000	0.216109	0.221034	0.211184	0.427432	0.013881	0.413474	0.076206
155.000000	0.260099	0.116977	0.403221	0.430888	0.018756	0.411039	0.074723
150.000000	0.302486	0.067531	0.537440	0.430460	0.027073	0.402609	0.074679
145.000000	0.357204	0.072416	0.641992	0.431844	0.045533	0.407601	0.078718
140.000000	0.319155	0.022151	0.616160	0.427307	0.022075	0.404958	0.073075
135.000000	0.309913	-0.034861	0.654686	0.430168	0.010060	0.414827	0.072680
130.000000	0.396232	0.056690	0.735775	0.430025	0.039730	0.405733	0.077857
125.000000	0.431975	0.074708	0.789241	0.435172	0.053677	0.394733	0.080751
120.000000	0.449651	0.084930	0.814372	0.432500	0.051648	0.403919	0.082266
115.000000	0.447645	0.062048	0.833242	0.431239	0.048750	0.397076	0.079918
110.000000	0.414904	-0.016990	0.846798	0.428377	0.029558	0.411411	0.073111
105.000000	0.302732	-0.731794	1.337259	0.418426	0.016908	0.416134	0.062685
100.000000	0.432959	0.025372	0.840546	0.425718	0.043520	0.416707	0.074375
95.000000	0.456362	-0.059640	0.972365	0.428595	0.029925	0.409400	0.073888
90.000000	0.497123	0.023749	0.970496	0.429323	0.039186	0.404621	0.080131
85.000000	0.501902	-0.026538	1.030342	0.431971	0.033909	0.403440	0.077967
80.000000	0.492180	-0.107417	1.091776	0.429088	0.026010	0.415445	0.073075
75.000000	0.418742	-0.558384	1.395867	0.422052	0.026504	0.413945	0.058913
70.000000	0.381326	-0.714539	1.477191	0.422685	0.038266	0.413591	0.052611
65.000000	0.451688	-0.534500	1.437875	0.421797	0.029630	0.413401	0.060180
60.000000	0.507980	-0.268835	1.284795	0.424280	0.027752	0.410036	0.069433
55.000000	0.529206	-0.180001	1.238412	0.424768	0.027503	0.412349	0.072621
50.000000	0.512875	-0.307014	1.332765	0.425315	0.028869	0.413010	0.067411
45.000000	0.543687	-0.177681	1.265055	0.426019	0.030035	0.411125	0.072859
40.000000	0.528090	-0.318181	1.374362	0.425712	0.031440	0.408642	0.066896
35.000000	0.555279	-0.244407	1.354964	0.430738	0.031467	0.410581	0.072580
30.000000	0.564258	-0.219316	1.347832	0.429670	0.031510	0.411404	0.073426
25.000000	0.555272	-0.301944	1.412487	0.425631	0.034317	0.408851	0.069801
20.000000	0.578406	-0.221705	1.378518	0.425436	0.033238	0.407427	0.074814
15.000000	0.566281	-0.318830	1.451392	0.426595	0.036504	0.412187	0.069322
10.000000	0.563848	-0.374751	1.502447	0.428693	0.038795	0.407860	0.065021
5.000000	0.577214	-0.331854	1.486281	0.423563	0.037202	0.408177	0.068790
0.000000	0.598806	-0.182296	1.379907	0.427838	0.038054	0.408915	0.078304
