255.000000	0.000000	0.000000	0.000000	0.329842	0.093142	0.347300	0.110402
250.000000	0.003351	0.007333	-0.014035	0.330897	0.091641	0.350469	0.109889
245.000000	0.010560	0.010614	0.010506	0.329753	0.092494	0.348114	0.109650
240.000000	0.031021	-0.005571	0.067614	0.324974	0.093504	0.347760	0.108794
235.000000	0.210301	0.114483	-0.535085	0.378456	0.095469	0.383813	0.126766
230.000000	0.117982	0.039002	-0.274966	0.349377	0.087522	0.367245	0.119356
225.000000	0.157425	0.073736	-0.388586	0.364376	0.089981	0.371245	0.122602
220.000000	0.124928	0.053353	-0.303209	0.359599	0.090019	0.361932	0.117974
215.000000	0.113618	0.065759	-0.292995	0.347444	0.087864	0.360643	0.118145
210.000000	0.114135	0.095765	-0.324034	0.359521	0.091505	0.360401	0.116969
205.000000	0.108268	0.110843	-0.327379	0.360189	0.090758	0.364728	0.119085
200.000000	0.173728	0.130996	-0.478451	0.367717	0.094156	0.372409	0.122193
195.000000	0.089455	0.075654	-0.254565	0.349226	0.088347	0.358186	0.116509
190.000000	0.094919	0.071547	-0.261385	0.353764	0.091229	0.360344	0.116619
185.000000	0.059194	0.076630	-0.195018	0.346721	0.088624	0.359678	0.115168
180.000000	0.007349	0.081371	-0.096068	0.340065	0.087788	0.358156	0.112873
175.000000	0.123809	0.143350	-0.390967	0.358878	0.091693	0.373881	0.120033
170.000000	0.169668	0.163888	-0.503223	0.361908	0.096129	0.380951	0.123771
165.000000	0.191383	0.160424	-0.543191	0.366466	0.097588	0.379138	0.124150
160.000000	0.081298	0.088580	-0.251177	0.350264	0.088773	0.361755	0.115702
155.000000	0.037512	0.052919	-0.127944	0.345273	0.087929	0.361451	0.114381
150.000000	0.052559	0.040313	-0.145431	0.340602	0.086212	0.363370	0.114972
145.000000	0.081421	0.041337	-0.204179	0.351184	0.086809	0.368001	0.116840
140.000000	0.049812	0.028897	-0.128522	0.345956	0.086550	0.364073	0.115090
135.000000	0.049952	0.020383	-0.120287	0.341785	0.086907	0.365893	0.113963
130.000000	0.016832	0.026804	-0.060468	0.340673	0.087771	0.365683	0.112342
125.000000	0.008798	0.022406	-0.004809	0.338079	0.089704	0.362364	0.110607
120.000000	0.005445	0.027961	-0.017072	0.339774	0.089561	0.364797	0.109816
115.000000	0.045428	0.023950	0.066907	0.331115	0.092903	0.362326	0.108698
110.000000	0.033399	0.020305	0.046493	0.337531	0.092897	0.364400	0.108203
105.000000	0.010260	0.002469	0.018051	0.346415	0.093469	0.360756	0.106440
100.000000	0.009679	-0.003922	-0.015435	0.342868	0.090945	0.366914	0.107972
95.000000	0.025533	-0.027039	-0.024027	0.353645	0.091119	0.369232	0.105897
90.000000	0.059185	-0.047826	-0.070544	0.362219	0.088446	0.374850	0.104754
85.000000	0.076558	-0.078885	-0.074232	0.363505	0.085554	0.370531	0.099458
80.000000	0.069379	-0.138769	0.000010	0.364535	0.085099	0.366933	0.093861
75.000000	0.104538	-0.187618	-0.021457	0.379227	0.078388	0.372358	0.093507
70.000000	0.103841	-0.263289	0.055606	0.377106	0.077247	0.360709	0.087941
65.000000	0.097579	-0.333323	0.138165	0.372175	0.078998	0.354582	0.084257
60.000000	0.120258	-0.407530	0.167013	0.377301	0.076768	0.355406	0.083294
55.000000	0.064815	-0.443698	0.314068	0.367346	0.094441	0.353197	0.078413
50.000000	0.231275	-0.581345	0.118795	0.353015	0.052546	0.363188	0.091475
45.000000	0.230246	-0.641623	0.181131	0.376124	0.065174	0.353382	0.091082
40.000000	0.310373	-0.743466	0.122719	0.338818	0.041001	0.375312	0.101352
35.000000	0.443375	-1.553854	0.667103	0.338343	0.012894	0.379462	0.109514
30.000000	0.689554	-1.934185	0.555077	0.326447	0.095115	0.353014	0.096369
25.000000	0.659440	-1.905148	0.586268	0.336892	0.085549	0.366558	0.101796
20.000000	0.632557	-1.870530	0.605416	0.326311	0.068432	0.363528	0.105119
15.000000	0.661155	-1.895695	0.573386	0.334282	0.080390	0.355378	0.100127
10.000000	0.544927	-1.694830	0.604975	0.331954	0.030438	0.362188	0.113255
5.000000	0.651440	-1.874814	0.571933	0.341896	0.066662	0.361446	0.106206
0.000000	0.559370	-1.708157	0.589417	0.333067	0.034133	0.353118	0.109008
