255.000000	0.000000	0.000000	0.000000	0.381507	0.143122	0.359042	0.120084
250.000000	0.000642	-0.000642	-0.283373	0.386953	0.152232	0.353467	0.122897
245.000000	0.015012	-0.015012	-0.488427	0.421532	0.164501	0.349191	0.123936
240.000000	0.003492	-0.003492	-0.554175	0.434711	0.171503	0.351510	0.124030
235.000000	0.024177	0.024177	-0.404766	0.410817	0.160229	0.349461	0.123066
230.000000	0.043286	0.043286	-0.665908	0.425427	0.171119	0.346899	0.122426
225.000000	0.046752	0.046752	-0.585934	0.431426	0.169749	0.346398	0.121800
220.000000	0.070585	0.070585	-0.809003	0.427026	0.174913	0.347252	0.121737
215.000000	0.048644	0.048644	-0.587243	0.430091	0.168891	0.347846	0.122819
210.000000	0.060787	0.060787	-1.027571	0.409616	0.169826	0.362026	0.115913
205.000000	0.063545	0.063545	-0.578040	0.431130	0.171336	0.352410	0.123588
200.000000	0.034447	0.034447	-0.520155	0.423169	0.164931	0.351383	0.123989
195.000000	0.009572	0.009572	-1.070902	0.415514	0.173201	0.368720	0.116517
190.000000	0.030521	0.030521	-0.827307	0.437168	0.177384	0.345635	0.119993
185.000000	0.014101	0.014101	-1.072590	0.412502	0.171819	0.373247	0.116534
180.000000	0.014540	0.014540	-1.021749	0.424276	0.177415	0.368124	0.115397
175.000000	0.009580	-0.009580	-0.772058	0.436310	0.174007	0.356381	0.119796
170.000000	0.012622	0.012622	-0.865792	0.437960	0.178146	0.354259	0.118334
165.000000	0.021608	0.021608	-0.440907	0.413583	0.164065	0.351166	0.123233
160.000000	0.001834	-0.001834	-0.480994	0.418748	0.165112	0.356079	0.124353
155.000000	0.010576	-0.010576	-0.388938	0.406920	0.160826	0.354267	0.124596
150.000000	0.000781	0.000781	-0.282672	0.392307	0.154199	0.349357	0.121318
145.000000	0.026222	-0.026222	-0.369776	0.404262	0.158942	0.358691	0.124024
140.000000	0.029162	-0.029162	-0.376295	0.402917	0.159594	0.356565	0.124218
135.000000	0.024526	-0.024526	-0.354285	0.402826	0.158731	0.356599	0.124043
130.000000	0.033692	-0.033692	-0.318179	0.395239	0.156860	0.356792	0.124577
125.000000	0.000142	0.000142	-0.214081	0.388121	0.150528	0.355038	0.122465
120.000000	0.014105	0.014105	-0.072433	0.389084	0.149849	0.351881	0.120724
115.000000	0.006671	0.006671	0.163103	0.386480	0.141633	0.355365	0.118343
110.000000	0.022846	0.022846	-0.171208	0.386916	0.149756	0.352136	0.121976
105.000000	0.037113	0.037113	-0.090256	0.391501	0.148438	0.350210	0.121113
100.000000	0.024112	0.024112	-0.263881	0.406779	0.155301	0.352031	0.124594
95.000000	0.012812	0.012812	-0.444030	0.444507	0.166133	0.345519	0.124649
90.000000	0.016734	0.016734	-0.497153	0.439659	0.169571	0.343014	0.127220
85.000000	0.028032	0.028032	-0.521314	0.422594	0.165014	0.340480	0.126755
80.000000	0.049409	0.049409	-0.259541	0.399942	0.157653	0.335831	0.125160
75.000000	0.063735	0.063735	-0.084771	0.385828	0.150275	0.339483	0.123375
70.000000	0.105561	0.105561	0.044027	0.382484	0.146489	0.338381	0.120660
65.000000	0.107576	0.107576	0.381533	0.401873	0.140839	0.349721	0.119353
60.000000	0.118127	0.118127	0.476789	0.409477	0.139710	0.358548	0.122573
55.000000	0.132906	0.132906	0.368937	0.408442	0.140455	0.346458	0.115862
50.000000	0.150179	0.150179	0.179592	0.400861	0.145397	0.352876	0.117145
45.000000	0.194019	0.194019	0.200029	0.397028	0.143088	0.354618	0.116302
40.000000	0.210167	0.210167	0.485527	0.412043	0.140201	0.356542	0.115929
35.000000	0.232980	0.232980	0.525145	0.400611	0.136562	0.365882	0.117690
30.000000	0.247873	0.247873	0.652855	0.403593	0.135382	0.368698	0.120487
25.000000	0.231137	0.231137	0.686167	0.403675	0.136303	0.372062	0.119822
20.000000	0.272150	0.272150	0.401363	0.395875	0.136260	0.364340	0.115997
15.000000	0.281113	0.281113	0.535348	0.396261	0.133851	0.368016	0.117594
10.000000	0.277986	0.277986	0.546419	0.399485	0.135181	0.358509	0.116239
5.000000	0.285639	0.285639	0.234747	0.389317	0.141222	0.354545	0.113615
0.000000	0.305138	0.305138	0.065554	0.395159	0.149548	0.362365	0.114402
