0.000000	0.013803
5.000000	0.013584
10.000000	0.013260
15.000000	0.012939
20.000000	0.012488
25.000000	0.012185
30.000000	0.011741
35.000000	0.011352
40.000000	0.010977
45.000000	0.010541
50.000000	0.010096
55.000000	0.009660
60.000000	0.009286
65.000000	0.008854
70.000000	0.008485
75.000000	0.008232
80.000000	0.008057
85.000000	0.007995
90.000000	0.008133
95.000000	0.008570
100.000000	0.009309
105.000000	0.009998
110.000000	0.011273
115.000000	0.013219
120.000000	0.015407
125.000000	0.018351
130.000000	0.023140
135.000000	0.027632
140.000000	0.034409
145.000000	0.041326
150.000000	0.050730
155.000000	0.062821
160.000000	0.076564
165.000000	0.092503
170.000000	0.112960
175.000000	0.134420
180.000000	0.162611
185.000000	0.194442
190.000000	0.227922
195.000000	0.267970
200.000000	0.316835
205.000000	0.366033
210.000000	0.422593
215.000000	0.481395
220.000000	0.547609
225.000000	0.612702
230.000000	0.676390
235.000000	0.741713
240.000000	0.814863
245.000000	0.884733
250.000000	0.936851
255.000000	1.000000
