255.000000	0.000000	0.000000	0.000000	0.424006	0.098898	0.341957	0.202195
250.000000	0.040127	0.059908	0.020346	0.425177	0.110092	0.341060	0.200696
245.000000	0.096520	0.151993	0.041047	0.408516	0.125929	0.322792	0.191926
240.000000	0.121598	0.168533	0.074662	0.411101	0.126104	0.331729	0.194751
235.000000	0.123699	0.135454	0.111943	0.414026	0.126115	0.325298	0.195372
230.000000	0.122109	0.091998	0.152221	0.426204	0.116747	0.333059	0.202111
225.000000	0.128527	0.067343	0.189711	0.430521	0.108459	0.336139	0.206921
220.000000	0.146627	0.073574	0.219680	0.421266	0.114450	0.331066	0.205619
215.000000	0.192000	0.132786	0.251213	0.420937	0.109434	0.344313	0.202686
210.000000	0.210258	0.140633	0.279883	0.414237	0.107427	0.343575	0.204012
205.000000	0.224076	0.124472	0.323680	0.417634	0.101592	0.348358	0.209731
200.000000	0.221299	0.076191	0.366408	0.410867	0.096614	0.339029	0.215275
195.000000	0.214291	0.003022	0.425560	0.412039	0.088984	0.331064	0.219991
190.000000	0.233525	-0.006225	0.473275	0.418181	0.085659	0.321200	0.217593
185.000000	0.280727	0.069204	0.492251	0.412757	0.083549	0.331283	0.222405
180.000000	0.331882	0.159188	0.504576	0.412775	0.082024	0.335302	0.223874
175.000000	0.346731	0.146299	0.547162	0.404381	0.082048	0.344185	0.240206
170.000000	0.358288	0.103137	0.613440	0.412310	0.074733	0.312444	0.224790
165.000000	0.369409	0.065679	0.673138	0.406782	0.075646	0.316036	0.236872
160.000000	0.421580	0.118119	0.725041	0.408805	0.069498	0.307112	0.229419
155.000000	0.459984	0.170064	0.749903	0.399262	0.070517	0.320492	0.237246
150.000000	0.514187	0.216804	0.811571	0.407159	0.066313	0.305570	0.221679
145.000000	0.554494	0.232818	0.876170	0.400859	0.065163	0.308602	0.215946
140.000000	0.585201	0.248825	0.921576	0.396046	0.065369	0.320067	0.220062
135.000000	0.641822	0.305014	0.978630	0.403769	0.061517	0.296678	0.208050
130.000000	0.691070	0.366559	1.015581	0.393001	0.060199	0.310667	0.210456
125.000000	0.731840	0.384457	1.079223	0.405938	0.058224	0.297940	0.204403
120.000000	0.775637	0.411569	1.139705	0.401877	0.058046	0.307075	0.210745
115.000000	0.818888	0.451860	1.185917	0.400481	0.056273	0.312187	0.217905
110.000000	0.846061	0.481805	1.210316	0.406238	0.055430	0.313506	0.220356
105.000000	0.883994	0.518921	1.249067	0.405012	0.054658	0.284748	0.198970
100.000000	0.917686	0.579402	1.255969	0.397673	0.051343	0.306349	0.217383
95.000000	0.945472	0.601285	1.289658	0.400475	0.050895	0.298707	0.212485
90.000000	0.965665	0.601428	1.329902	0.398559	0.050275	0.294702	0.210174
85.000000	0.979662	0.622356	1.336968	0.401995	0.049501	0.303437	0.219579
80.000000	1.000444	0.599997	1.400891	0.402816	0.049223	0.281142	0.203154
75.000000	1.007932	0.607869	1.407995	0.400113	0.049434	0.293857	0.214020
70.000000	1.030411	0.628897	1.431925	0.404271	0.048631	0.279489	0.202087
65.000000	1.042425	0.647886	1.436964	0.399457	0.047047	0.295429	0.213098
60.000000	1.067623	0.706194	1.429053	0.396712	0.044947	0.286638	0.207550
55.000000	1.081515	0.744564	1.418466	0.396667	0.043645	0.296189	0.211253
50.000000	1.088791	0.715620	1.461961	0.403218	0.044946	0.276554	0.200581
45.000000	1.086853	0.666351	1.507355	0.405890	0.046507	0.282046	0.203898
40.000000	1.088065	0.631114	1.545016	0.406141	0.048080	0.283078	0.203848
35.000000	1.090686	0.620836	1.560537	0.407693	0.049105	0.289702	0.207311
30.000000	1.107069	0.663891	1.550248	0.408608	0.046137	0.290148	0.204812
25.000000	1.115646	0.678981	1.552311	0.404597	0.045476	0.287222	0.207151
20.000000	1.121971	0.702795	1.541148	0.405658	0.044640	0.290217	0.209064
15.000000	1.127794	0.681866	1.573722	0.410029	0.045902	0.280775	0.201788
10.000000	1.128983	0.691933	1.566033	0.402665	0.045020	0.295410	0.211936
5.000000	1.143653	0.729156	1.558149	0.404897	0.044079	0.285527	0.204724
0.000000	1.145343	0.746878	1.543808	0.401774	0.042766	0.293261	0.211528
