255.000000	0.000000	0.000000	0.000000	0.404232	0.101823	0.379192	0.156902
250.000000	0.012649	0.012649	0.082159	0.402581	0.099624	0.401670	0.164955
245.000000	0.007044	0.007044	0.158074	0.394350	0.100920	0.388534	0.156472
240.000000	0.023635	0.023635	0.231827	0.398031	0.098635	0.392590	0.157298
235.000000	0.013063	0.013063	0.328899	0.382602	0.101290	0.383500	0.148901
230.000000	0.022285	0.022285	0.410291	0.395975	0.096292	0.390728	0.148105
225.000000	0.032210	0.032210	0.521650	0.411708	0.093322	0.390518	0.148842
220.000000	0.021336	0.021336	0.597045	0.410512	0.094868	0.387181	0.145261
215.000000	0.037163	0.037163	0.646051	0.421062	0.088622	0.392217	0.147166
210.000000	0.004680	0.004680	0.679754	0.393078	0.097471	0.391919	0.142869
205.000000	0.015532	0.015532	0.693086	0.396280	0.094455	0.393450	0.142469
200.000000	0.010245	-0.010245	0.707237	0.366091	0.097567	0.391258	0.139496
195.000000	0.023871	0.023871	0.739010	0.393147	0.087676	0.398269	0.141864
190.000000	0.007344	-0.007344	0.837105	0.375112	0.091300	0.395624	0.139257
185.000000	0.014411	0.014411	0.865292	0.391957	0.083226	0.402878	0.141530
180.000000	0.013643	0.013643	0.901435	0.390386	0.083213	0.406405	0.141452
175.000000	0.002259	0.002259	0.988372	0.390491	0.077924	0.409635	0.140297
170.000000	0.022566	0.022566	1.011689	0.399817	0.073270	0.411251	0.143737
165.000000	0.013095	-0.013095	1.052369	0.375767	0.078457	0.401936	0.137489
160.000000	0.001900	-0.001900	1.116170	0.391143	0.068515	0.397416	0.136757
155.000000	0.012985	-0.012985	1.176857	0.385124	0.074126	0.392561	0.131995
150.000000	0.016941	-0.016941	1.235497	0.395417	0.068644	0.386007	0.131751
145.000000	0.007228	-0.007228	1.279248	0.396821	0.062971	0.389811	0.134498
140.000000	0.031761	-0.031761	1.343508	0.396484	0.070665	0.381740	0.128605
135.000000	0.029102	-0.029102	1.411674	0.395297	0.062764	0.390971	0.130790
130.000000	0.028495	-0.028495	1.463188	0.404112	0.075367	0.386257	0.127339
125.000000	0.041808	-0.041808	1.517203	0.399220	0.070224	0.391829	0.127481
120.000000	0.041698	-0.041698	1.518257	0.401144	0.073982	0.384968	0.126808
115.000000	0.054181	-0.054181	1.579988	0.395693	0.065735	0.393340	0.127650
110.000000	0.046108	-0.046108	1.616322	0.394692	0.070434	0.389507	0.124896
105.000000	0.053816	-0.053816	1.659624	0.398100	0.071254	0.392717	0.126063
100.000000	0.054397	-0.054397	1.688247	0.386731	0.068668	0.390306	0.125654
95.000000	0.044684	-0.044684	1.708503	0.399629	0.077911	0.384823	0.123400
90.000000	0.053677	-0.053677	1.733754	0.395045	0.072773	0.385878	0.123229
85.000000	0.064029	-0.064029	1.764174	0.395639	0.073182	0.391929	0.124571
80.000000	0.062379	-0.062379	1.790543	0.388723	0.072252	0.391220	0.123480
75.000000	0.067155	-0.067155	1.806686	0.387531	0.072145	0.391799	0.124523
70.000000	0.065868	-0.065868	1.818950	0.391271	0.074874	0.385345	0.123097
65.000000	0.057218	-0.057218	1.820451	0.397285	0.079535	0.387764	0.123583
60.000000	0.085136	-0.085136	1.846946	0.383661	0.070768	0.386378	0.123192
55.000000	0.073907	-0.073907	1.853214	0.391772	0.076081	0.382866	0.122468
50.000000	0.074893	-0.074893	1.874601	0.392245	0.076869	0.388678	0.123513
45.000000	0.098116	-0.098116	1.881960	0.375159	0.068865	0.385169	0.123156
40.000000	0.084319	-0.084319	1.868921	0.391132	0.076298	0.384810	0.123228
35.000000	0.089852	-0.089852	1.912580	0.380124	0.073777	0.388775	0.123554
30.000000	0.101337	-0.101337	1.889599	0.387529	0.074184	0.381440	0.122355
25.000000	0.158758	-0.158758	1.869845	0.380243	0.061556	0.386705	0.123446
20.000000	0.188584	-0.188584	1.861365	0.383326	0.057907	0.382494	0.120951
15.000000	0.159761	-0.159761	1.866175	0.382437	0.063917	0.384675	0.122754
10.000000	0.179235	-0.179235	1.910279	0.378791	0.059424	0.384560	0.122397
5.000000	0.145030	-0.145030	1.910912	0.382972	0.067673	0.383645	0.122760
0.000000	0.141218	-0.141218	1.952212	0.377115	0.067875	0.383628	0.123291
