255.000000	0.000000	0.000000	0.000000	0.405396	0.229723	0.387331	0.210282
250.000000	0.002489	-0.002489	-0.082970	0.409752	0.224543	0.383524	0.205722
245.000000	0.007199	-0.007199	-0.116576	0.411141	0.222396	0.382659	0.204808
240.000000	0.022222	-0.022222	-0.264969	0.419272	0.209456	0.387270	0.203956
235.000000	0.025154	-0.025154	-0.108680	0.405562	0.223454	0.379521	0.203215
230.000000	0.021316	-0.021316	-0.099582	0.404185	0.223231	0.376994	0.203713
225.000000	0.013085	-0.013085	-0.050971	0.406362	0.229032	0.383590	0.209095
220.000000	0.003369	0.003369	-0.067502	0.411046	0.226782	0.384543	0.209331
215.000000	0.031177	0.031177	0.081848	0.415307	0.235482	0.368900	0.208663
210.000000	0.043066	0.043066	0.252073	0.425412	0.237107	0.368624	0.192494
205.000000	0.033261	0.033261	0.136250	0.412173	0.234267	0.371305	0.206441
200.000000	0.051520	0.051520	0.241441	0.411220	0.232039	0.372579	0.198423
195.000000	0.026088	0.026088	0.051927	0.406762	0.231303	0.382466	0.206427
190.000000	0.028306	0.028306	0.098137	0.406265	0.231422	0.372545	0.205098
185.000000	0.028711	0.028711	0.087310	0.410785	0.233146	0.375566	0.207535
180.000000	0.014176	0.014176	-0.014236	0.410557	0.231886	0.383091	0.208611
175.000000	0.018943	0.018943	-0.006168	0.408653	0.229619	0.384079	0.210347
170.000000	0.031387	0.031387	0.068880	0.415786	0.236179	0.379352	0.209560
165.000000	0.036156	0.036156	0.077825	0.407755	0.232505	0.372637	0.206491
160.000000	0.045044	0.045044	0.168173	0.415445	0.238502	0.368270	0.203912
155.000000	0.032289	0.032289	0.135335	0.412383	0.234790	0.366516	0.204914
150.000000	0.035141	0.035141	0.106879	0.410725	0.236366	0.370126	0.206725
145.000000	0.038011	0.038011	0.139220	0.409109	0.233731	0.367651	0.205726
140.000000	0.042196	0.042196	0.222125	0.412395	0.236360	0.368711	0.198173
135.000000	0.018669	0.018669	0.024121	0.403956	0.231074	0.382484	0.209380
130.000000	0.021370	0.021370	-0.051783	0.407013	0.225134	0.385299	0.207869
125.000000	0.019864	0.019864	-0.107354	0.413617	0.220201	0.383406	0.207532
120.000000	0.015741	0.015741	-0.202867	0.417692	0.211435	0.387068	0.210083
115.000000	0.026023	0.026023	-0.077744	0.413099	0.225397	0.386794	0.212151
110.000000	0.046779	0.046779	0.034239	0.406518	0.231711	0.377241	0.212464
105.000000	0.055908	0.055908	-0.065624	0.412890	0.222495	0.376990	0.211516
100.000000	0.086086	0.086086	-0.026706	0.415981	0.225180	0.362194	0.212982
95.000000	0.113409	0.113409	-0.171636	0.436845	0.212233	0.360206	0.217817
90.000000	0.155763	0.155763	-0.190895	0.429734	0.202647	0.332568	0.221731
85.000000	0.222521	0.222521	-0.078023	0.422248	0.199783	0.317736	0.224841
80.000000	0.301018	0.301018	-0.026054	0.422506	0.193998	0.308659	0.222257
75.000000	0.417084	0.417084	0.208140	0.423487	0.200158	0.325625	0.237976
70.000000	0.555758	0.555758	0.248729	0.419495	0.184915	0.311679	0.241609
65.000000	0.728269	0.728269	0.595529	0.412696	0.187205	0.315941	0.245412
60.000000	0.914386	0.914386	0.638831	0.409767	0.173596	0.310109	0.238797
55.000000	1.092042	1.092042	0.736269	0.412102	0.166865	0.330970	0.254179
50.000000	1.246001	1.246001	0.644393	0.414780	0.163365	0.331915	0.243226
45.000000	1.329672	1.329672	0.779809	0.415850	0.161709	0.343258	0.239214
40.000000	1.406185	1.406185	0.838556	0.411095	0.160273	0.358363	0.239774
35.000000	1.462457	1.462457	0.862274	0.417557	0.162956	0.368446	0.235042
30.000000	1.506459	1.506459	0.829522	0.416351	0.165062	0.373491	0.229764
25.000000	1.525336	1.525336	1.014677	0.413861	0.163423	0.343048	0.214194
20.000000	1.537290	1.537290	1.223772	0.400376	0.164567	0.337785	0.210561
15.000000	1.560734	1.560734	1.344107	0.404422	0.172837	0.329719	0.202020
10.000000	1.589782	1.589782	1.232457	0.405371	0.166194	0.336434	0.200207
5.000000	1.589525	1.589525	1.534857	0.395745	0.180618	0.346112	0.208856
0.000000	1.591313	1.591313	1.434980	0.400967	0.177525	0.336588	0.198920
