255.000000	0.000000	0.000000	0.000000	0.387655	0.090358	0.413742	0.128493
250.000000	0.034652	0.001021	0.068282	0.411070	0.093469	0.420423	0.127382
245.000000	0.060566	0.001633	0.119498	0.405881	0.092547	0.428966	0.131546
240.000000	0.072732	-0.025003	0.170467	0.408043	0.085147	0.414326	0.125651
235.000000	0.097948	-0.017030	0.212926	0.410194	0.081342	0.424138	0.129856
230.000000	0.123382	-0.052288	0.299052	0.406789	0.083578	0.409575	0.128028
225.000000	0.142974	-0.057098	0.343047	0.411248	0.077513	0.413866	0.129581
220.000000	0.163086	-0.080778	0.406951	0.400078	0.078081	0.414045	0.129689
215.000000	0.201882	-0.073796	0.477559	0.399261	0.077902	0.412467	0.128899
210.000000	0.256877	-0.013045	0.526798	0.409222	0.079747	0.418306	0.130626
205.000000	0.292594	-0.032704	0.617893	0.399120	0.090486	0.400756	0.125155
200.000000	0.325857	0.001145	0.650569	0.405220	0.082903	0.417215	0.128384
195.000000	0.331065	-0.042981	0.705111	0.399578	0.086929	0.401737	0.126412
190.000000	0.359627	-0.041960	0.761214	0.397994	0.083697	0.401984	0.123867
185.000000	0.382801	-0.033388	0.798990	0.403034	0.083545	0.407926	0.128666
180.000000	0.389963	-0.063556	0.843483	0.395150	0.084618	0.393936	0.124851
175.000000	0.420362	-0.051921	0.892645	0.407868	0.073999	0.415471	0.129700
170.000000	0.417472	-0.100737	0.935681	0.399982	0.078747	0.400513	0.125403
165.000000	0.461957	-0.061821	0.985736	0.410581	0.065806	0.419691	0.130560
160.000000	0.470423	-0.091678	1.032524	0.400651	0.077140	0.405588	0.126861
155.000000	0.515595	-0.054687	1.085876	0.404462	0.069256	0.417814	0.129257
150.000000	0.519954	-0.067874	1.107783	0.408867	0.068552	0.419394	0.130616
145.000000	0.512643	-0.123728	1.149014	0.403312	0.069960	0.408364	0.126047
140.000000	0.525248	-0.134988	1.185485	0.407765	0.063140	0.417990	0.130068
135.000000	0.510677	-0.175999	1.197354	0.408290	0.073549	0.401415	0.123854
130.000000	0.545321	-0.161113	1.251756	0.409948	0.065433	0.413863	0.127695
125.000000	0.563999	-0.136804	1.264801	0.410728	0.071754	0.409869	0.127061
120.000000	0.597977	-0.108902	1.304855	0.404062	0.069268	0.409674	0.127115
115.000000	0.621504	-0.088502	1.331511	0.407465	0.063027	0.415204	0.131905
110.000000	0.621545	-0.099835	1.342924	0.405660	0.071457	0.404770	0.125911
105.000000	0.662830	-0.056661	1.382321	0.414210	0.064472	0.405412	0.130048
100.000000	0.675657	-0.043137	1.394452	0.405730	0.069582	0.400431	0.125433
95.000000	0.705738	-0.017378	1.428855	0.403463	0.067020	0.401248	0.126359
90.000000	0.704800	-0.038941	1.448541	0.403448	0.066592	0.403736	0.126144
85.000000	0.710881	-0.037208	1.458969	0.401032	0.069526	0.395623	0.122478
80.000000	0.736842	-0.020959	1.494642	0.407355	0.061835	0.407003	0.127466
75.000000	0.710306	-0.081868	1.502479	0.406994	0.068622	0.397576	0.122265
70.000000	0.725796	-0.084723	1.536316	0.400718	0.067230	0.397774	0.123855
65.000000	0.718619	-0.107646	1.544883	0.406093	0.068534	0.401533	0.123134
60.000000	0.701620	-0.131045	1.534286	0.404882	0.073374	0.398676	0.120021
55.000000	0.723768	-0.122253	1.569790	0.407313	0.067107	0.399559	0.123960
50.000000	0.730425	-0.110514	1.571365	0.408396	0.070149	0.396841	0.121367
45.000000	0.735880	-0.110620	1.582379	0.405648	0.070040	0.394771	0.120741
40.000000	0.758675	-0.098793	1.616144	0.406923	0.065100	0.400725	0.124394
35.000000	0.773137	-0.077409	1.623683	0.407969	0.068711	0.397817	0.121991
30.000000	0.784433	-0.088410	1.657277	0.405497	0.064610	0.400462	0.124377
25.000000	0.745683	-0.140599	1.631964	0.408643	0.073824	0.401510	0.119743
20.000000	0.732061	-0.175563	1.639684	0.408752	0.074816	0.398252	0.118037
15.000000	0.731244	-0.180054	1.642542	0.410239	0.075915	0.398782	0.116970
10.000000	0.735676	-0.161525	1.632876	0.407022	0.077435	0.401496	0.116570
5.000000	0.751973	-0.170646	1.674591	0.407319	0.073852	0.399320	0.118062
0.000000	0.748721	-0.172733	1.670175	0.411750	0.077444	0.400875	0.116664
