0.000000	0.761077
5.000000	0.753255
10.000000	0.746539
15.000000	0.735781
20.000000	0.718043
25.000000	0.694354
30.000000	0.667882
35.000000	0.632560
40.000000	0.591351
45.000000	0.545058
50.000000	0.472207
55.000000	0.428503
60.000000	0.362538
65.000000	0.327306
70.000000	0.311443
75.000000	0.326678
80.000000	0.420432
85.000000	0.537774
90.000000	0.601410
95.000000	0.723150
100.000000	0.812076
105.000000	0.862340
110.000000	0.906410
115.000000	0.934886
120.000000	0.953750
125.000000	0.968337
130.000000	0.974156
135.000000	0.980925
140.000000	0.987890
145.000000	0.992629
150.000000	0.993288
155.000000	0.995344
160.000000	0.998671
165.000000	0.998628
170.000000	0.998116
175.000000	0.998326
180.000000	0.998913
185.000000	0.997477
190.000000	0.998097
195.000000	0.998818
200.000000	0.999636
205.000000	0.998905
210.000000	0.998966
215.000000	0.998827
220.000000	0.998303
225.000000	0.998157
230.000000	0.998104
235.000000	0.997964
240.000000	0.998236
245.000000	0.999502
250.000000	1.000000
255.000000	0.998588
