0.000000	0.907374
5.000000	0.908984
10.000000	0.910698
15.000000	0.912824
20.000000	0.914712
25.000000	0.916037
30.000000	0.918518
35.000000	0.920741
40.000000	0.922045
45.000000	0.925216
50.000000	0.927526
55.000000	0.930470
60.000000	0.933706
65.000000	0.936914
70.000000	0.939817
75.000000	0.943256
80.000000	0.946456
85.000000	0.950453
90.000000	0.954816
95.000000	0.958224
100.000000	0.963237
105.000000	0.966165
110.000000	0.971269
115.000000	0.972689
120.000000	0.979109
125.000000	0.982172
130.000000	0.984946
135.000000	0.986330
140.000000	0.990185
145.000000	0.990949
150.000000	0.994736
155.000000	0.992536
160.000000	1.000000
165.000000	0.992189
170.000000	0.995506
175.000000	0.993545
180.000000	0.987541
185.000000	0.973585
190.000000	0.959399
195.000000	0.955302
200.000000	0.936641
205.000000	0.938595
210.000000	0.919808
215.000000	0.907232
220.000000	0.881451
225.000000	0.874454
230.000000	0.866839
235.000000	0.849532
240.000000	0.834258
245.000000	0.841590
250.000000	0.831219
255.000000	0.836950
