0.000000	0.763929
5.000000	0.771581
10.000000	0.781284
15.000000	0.795370
20.000000	0.818576
25.000000	0.838761
30.000000	0.866919
35.000000	0.894039
40.000000	0.924966
45.000000	0.954903
50.000000	0.984756
55.000000	1.000000
60.000000	0.995362
65.000000	0.986688
70.000000	0.943082
75.000000	0.867979
80.000000	0.770298
85.000000	0.665208
90.000000	0.568531
95.000000	0.508426
100.000000	0.463078
105.000000	0.433028
110.000000	0.405130
115.000000	0.397050
120.000000	0.387760
125.000000	0.384693
130.000000	0.380875
135.000000	0.378857
140.000000	0.377348
145.000000	0.376660
150.000000	0.375814
155.000000	0.375419
160.000000	0.375216
165.000000	0.374877
170.000000	0.374731
175.000000	0.374697
180.000000	0.374731
185.000000	0.374467
190.000000	0.374411
195.000000	0.374344
200.000000	0.374295
205.000000	0.374239
210.000000	0.374184
215.000000	0.374197
220.000000	0.374128
225.000000	0.374170
230.000000	0.374222
235.000000	0.374259
240.000000	0.374222
245.000000	0.374310
250.000000	0.374278
255.000000	0.374294
