255.000000	0.000000	0.000000	0.000000	0.408232	0.067492	0.334111	0.085975
250.000000	0.009708	0.063006	-0.009708	0.405954	0.072186	0.334226	0.085631
245.000000	0.035887	0.129197	-0.035887	0.407367	0.080856	0.337830	0.085925
240.000000	0.053972	0.149108	-0.053972	0.402941	0.084023	0.337272	0.085557
235.000000	0.056666	0.111643	-0.056666	0.403872	0.080585	0.336457	0.085797
230.000000	0.037473	0.058627	-0.037473	0.404743	0.073969	0.334056	0.085608
225.000000	0.016725	-0.016060	-0.016725	0.406003	0.067778	0.328539	0.085430
220.000000	0.014286	-0.125909	0.014286	0.408103	0.062295	0.326446	0.085511
215.000000	0.079700	-0.298420	0.079700	0.409864	0.059259	0.319720	0.085615
210.000000	0.142572	-0.477483	0.142572	0.405367	0.062631	0.315686	0.086006
205.000000	0.147912	-0.512875	0.147912	0.404070	0.063833	0.314875	0.085477
200.000000	0.134530	-0.511345	0.134530	0.403942	0.063871	0.313326	0.085421
195.000000	0.147039	-0.587743	0.147039	0.401672	0.066977	0.312871	0.085508
190.000000	0.160024	-0.694086	0.160024	0.396583	0.073426	0.311162	0.084822
185.000000	0.161323	-0.764319	0.161323	0.396195	0.079608	0.313787	0.084654
180.000000	0.153473	-0.801207	0.153473	0.395637	0.082364	0.319523	0.084487
175.000000	0.150497	-0.795131	0.150497	0.395031	0.081467	0.317792	0.084730
170.000000	0.157433	-0.758345	0.157433	0.395560	0.078716	0.315249	0.085084
165.000000	0.171831	-0.680803	0.171831	0.397867	0.073662	0.309952	0.086584
160.000000	0.167221	-0.578754	0.167221	0.402444	0.067513	0.310151	0.085732
155.000000	0.149101	-0.489395	0.149101	0.408626	0.063546	0.314289	0.086056
150.000000	0.142536	-0.472303	0.142536	0.405429	0.062599	0.313819	0.085931
145.000000	0.154047	-0.525304	0.154047	0.406433	0.064515	0.311877	0.086539
140.000000	0.163871	-0.573773	0.163871	0.404353	0.066614	0.311228	0.086416
135.000000	0.169031	-0.595541	0.169031	0.405751	0.067487	0.313227	0.087136
130.000000	0.165966	-0.568161	0.165966	0.405469	0.065715	0.311752	0.086603
125.000000	0.164478	-0.521832	0.164478	0.407127	0.063279	0.312091	0.086161
120.000000	0.152701	-0.454687	0.152701	0.408265	0.060343	0.313174	0.085905
115.000000	0.156845	-0.428266	0.156845	0.412157	0.059190	0.314693	0.086897
110.000000	0.187598	-0.449959	0.187598	0.408304	0.057878	0.313149	0.087205
105.000000	0.189545	-0.383475	0.189545	0.415199	0.053572	0.309535	0.088512
100.000000	0.198450	-0.314469	0.198450	0.413287	0.046958	0.306761	0.089900
95.000000	0.152429	-0.124923	0.152429	0.407967	0.038543	0.302451	0.091688
90.000000	0.070377	0.142264	0.070377	0.406482	0.035344	0.302481	0.096096
85.000000	0.003628	0.354333	0.003628	0.404931	0.030757	0.291933	0.098952
80.000000	0.063115	0.593832	-0.063115	0.397271	0.034883	0.296221	0.105761
75.000000	0.065226	0.824279	-0.065226	0.394927	0.045551	0.298705	0.110477
70.000000	0.044193	1.006986	-0.044193	0.389759	0.050917	0.328057	0.119362
65.000000	0.008557	1.170649	-0.008557	0.386679	0.055347	0.345722	0.127486
60.000000	0.012483	1.324736	-0.012483	0.392817	0.057342	0.330137	0.122699
55.000000	0.007892	1.449523	-0.007892	0.397987	0.060165	0.325428	0.121923
50.000000	0.007178	1.540628	0.007178	0.404006	0.062664	0.319676	0.118365
45.000000	0.002249	1.611303	0.002249	0.407076	0.067334	0.311746	0.116471
40.000000	0.006547	1.668633	0.006547	0.414302	0.068439	0.308889	0.113690
35.000000	0.008943	1.715073	-0.008943	0.412858	0.072540	0.308732	0.112520
30.000000	0.033028	1.755452	-0.033028	0.414755	0.075841	0.308431	0.110624
25.000000	0.058704	1.789577	-0.058704	0.418051	0.078634	0.308323	0.108492
20.000000	0.053315	1.812014	-0.053315	0.411864	0.079568	0.310157	0.109056
15.000000	0.017048	1.828362	-0.017048	0.412020	0.076878	0.308015	0.108120
10.000000	0.006003	1.834615	-0.006003	0.409684	0.076476	0.305815	0.107913
5.000000	0.027924	1.839544	0.027924	0.407085	0.073082	0.309232	0.108138
0.000000	0.077707	1.836799	0.077707	0.401468	0.069929	0.307599	0.108037
