255.000000	0.000000	0.000000	0.000000	0.401815	0.211932	0.314782	0.015755
250.000000	0.176120	0.177617	0.176120	0.404865	0.212819	0.314982	0.018111
245.000000	0.273814	0.260671	0.273814	0.403612	0.216447	0.316662	0.023267
240.000000	0.336346	0.300367	0.336346	0.409231	0.223900	0.313905	0.028737
235.000000	0.364775	0.315861	0.364775	0.408680	0.225710	0.316119	0.032654
230.000000	0.392601	0.323172	0.392601	0.407643	0.229737	0.313613	0.037203
225.000000	0.370191	0.320149	0.370191	0.411268	0.227475	0.316383	0.034525
220.000000	0.370845	0.323120	0.370845	0.410282	0.226453	0.315332	0.034742
215.000000	0.357806	0.323955	0.357806	0.410130	0.222887	0.316035	0.032935
210.000000	0.371885	0.327974	0.371885	0.411183	0.224199	0.318002	0.035302
205.000000	0.392606	0.329210	0.392606	0.412035	0.228288	0.316779	0.038570
200.000000	0.396259	0.328282	0.396259	0.408332	0.227211	0.316180	0.038943
195.000000	0.376689	0.326013	0.376689	0.408085	0.224994	0.317403	0.035756
190.000000	0.380783	0.327467	0.380783	0.407211	0.226127	0.316718	0.036714
185.000000	0.404681	0.331068	0.404681	0.409102	0.230095	0.314369	0.040964
180.000000	0.431811	0.330093	0.431811	0.409716	0.233202	0.316528	0.047366
175.000000	0.457891	0.325762	0.457891	0.407644	0.235654	0.315808	0.053591
170.000000	0.479226	0.316392	0.479226	0.404651	0.233324	0.315872	0.059455
165.000000	0.486446	0.312718	0.486446	0.404927	0.237474	0.313483	0.061398
160.000000	0.484621	0.311905	0.484621	0.404566	0.235340	0.314290	0.061241
155.000000	0.475185	0.316503	0.475185	0.404571	0.234399	0.315714	0.058048
150.000000	0.459223	0.320736	0.459223	0.403371	0.233581	0.315024	0.053735
145.000000	0.437548	0.324079	0.437548	0.411241	0.235806	0.313871	0.048185
140.000000	0.406515	0.325017	0.406515	0.407865	0.231059	0.314299	0.040366
135.000000	0.344397	0.308121	0.344397	0.403604	0.222120	0.314915	0.031081
130.000000	0.269518	0.270251	0.269518	0.401049	0.214119	0.314550	0.024238
125.000000	0.168715	0.206227	0.168715	0.398895	0.206344	0.317024	0.019300
120.000000	0.116931	0.170213	0.116931	0.399429	0.201724	0.315388	0.017828
115.000000	0.155870	0.197277	0.155870	0.398682	0.204244	0.314612	0.019011
110.000000	0.139458	0.186818	0.139458	0.400711	0.204996	0.314636	0.018854
105.000000	0.108111	0.166239	0.108111	0.402737	0.203475	0.318977	0.018481
100.000000	0.076283	0.147031	0.076283	0.398170	0.201290	0.317217	0.018091
95.000000	0.046095	0.127553	0.046095	0.401160	0.199854	0.317891	0.017152
90.000000	0.029027	0.075204	-0.029027	0.401290	0.194861	0.317255	0.014848
85.000000	0.099502	0.020444	-0.099502	0.404297	0.193792	0.318820	0.012111
80.000000	0.027641	0.081489	-0.027641	0.405719	0.196699	0.315067	0.009550
75.000000	0.019507	0.094154	-0.019507	0.402207	0.195540	0.313897	0.008563
70.000000	0.040940	0.148089	0.040940	0.401949	0.197538	0.311454	0.011090
65.000000	0.095334	0.184376	0.095334	0.405822	0.199540	0.312497	0.016031
60.000000	0.069985	0.159434	0.069985	0.406076	0.199927	0.311070	0.022353
55.000000	0.032705	0.129334	0.032705	0.403270	0.197804	0.307725	0.028255
50.000000	0.001827	0.109655	0.001827	0.406536	0.197376	0.311746	0.033821
45.000000	0.013595	0.096872	-0.013595	0.405687	0.195248	0.311475	0.039539
40.000000	0.024070	0.085311	-0.024070	0.401305	0.193714	0.313005	0.043192
35.000000	0.036738	0.075912	-0.036738	0.400333	0.194328	0.314470	0.045932
30.000000	0.059971	0.060185	-0.059971	0.402369	0.190920	0.313003	0.049251
25.000000	0.141510	0.027471	-0.141510	0.400972	0.185152	0.315661	0.051801
20.000000	0.206627	0.007390	-0.206627	0.399114	0.176462	0.314545	0.057154
15.000000	0.267795	-0.009053	-0.267795	0.396768	0.170506	0.313422	0.061637
10.000000	0.303627	-0.016102	-0.303627	0.398354	0.166643	0.317471	0.065728
5.000000	0.332831	-0.016734	-0.332831	0.398063	0.163620	0.320399	0.071152
0.000000	0.324312	-0.020716	-0.324312	0.398399	0.165443	0.317764	0.071309
