255.000000	0.000000	0.000000	0.000000	0.386913	0.063982	0.346645	0.102951
250.000000	0.009975	-0.001334	0.021284	0.384946	0.061758	0.348634	0.102180
245.000000	0.002659	0.013541	-0.018859	0.385033	0.065415	0.346326	0.102953
240.000000	0.003818	0.017701	-0.025338	0.385309	0.066155	0.347191	0.102838
235.000000	0.002832	0.010537	-0.004874	0.384241	0.064339	0.347797	0.102586
230.000000	0.026356	-0.017547	0.070258	0.384584	0.058710	0.348996	0.101764
225.000000	0.058225	-0.054134	0.170584	0.386515	0.054383	0.349700	0.100719
220.000000	0.088444	-0.085135	0.262024	0.387818	0.052986	0.355492	0.099046
215.000000	0.093814	-0.091300	0.278928	0.388136	0.053117	0.355332	0.098933
210.000000	0.078395	-0.072995	0.229785	0.387564	0.053866	0.353271	0.099553
205.000000	0.068780	-0.055395	0.192955	0.385780	0.054454	0.350905	0.100118
200.000000	0.063506	-0.034480	0.161492	0.386135	0.054683	0.349435	0.100593
195.000000	0.068890	-0.024963	0.162743	0.385752	0.055168	0.348409	0.100642
190.000000	0.088030	-0.042565	0.218624	0.387867	0.053541	0.351291	0.099782
185.000000	0.110118	-0.070650	0.290885	0.385767	0.052683	0.355049	0.098725
180.000000	0.133746	-0.102662	0.370155	0.387900	0.053157	0.360390	0.097563
175.000000	0.142862	-0.114510	0.400233	0.387878	0.053366	0.362128	0.097172
170.000000	0.142415	-0.112936	0.397766	0.388437	0.053367	0.361553	0.097165
165.000000	0.139523	-0.109423	0.388470	0.388301	0.053406	0.361217	0.097207
160.000000	0.140853	-0.110934	0.392639	0.389332	0.053481	0.361175	0.097111
155.000000	0.147995	-0.118318	0.414309	0.388454	0.053647	0.363138	0.096815
150.000000	0.148212	-0.121092	0.417515	0.389392	0.053652	0.362719	0.096884
145.000000	0.140233	-0.113359	0.393824	0.387285	0.052488	0.359218	0.097519
140.000000	0.135594	-0.104769	0.375956	0.389630	0.052276	0.358741	0.097564
135.000000	0.132892	-0.100210	0.365994	0.389983	0.052062	0.358862	0.097448
130.000000	0.134879	-0.099171	0.368928	0.388811	0.051271	0.357946	0.097550
125.000000	0.125013	-0.085651	0.335678	0.391100	0.050686	0.355506	0.097813
120.000000	0.122064	-0.074212	0.318340	0.390189	0.049881	0.353683	0.097882
115.000000	0.133892	-0.071855	0.339639	0.388961	0.048357	0.354992	0.097265
110.000000	0.137924	-0.042188	0.318037	0.394369	0.046988	0.351263	0.097008
105.000000	0.155711	-0.032228	0.343651	0.392600	0.044234	0.351027	0.095952
100.000000	0.195441	-0.059832	0.450714	0.390940	0.040738	0.350974	0.094949
95.000000	0.248306	-0.096183	0.592794	0.389107	0.037555	0.347733	0.094018
90.000000	0.303511	-0.120714	0.727737	0.383341	0.033251	0.336488	0.093941
85.000000	0.345222	-0.160238	0.850682	0.385069	0.023238	0.321046	0.092688
80.000000	0.384536	-0.303523	1.072594	0.380087	0.012644	0.301541	0.093161
75.000000	0.419422	-0.704856	1.543701	0.380703	0.013733	0.298525	0.099218
70.000000	0.463712	-0.766428	1.693853	0.383284	0.026132	0.300006	0.102290
65.000000	0.518353	-0.714982	1.751688	0.386922	0.035240	0.307816	0.115130
60.000000	0.581232	-0.610309	1.772774	0.383218	0.040714	0.317993	0.130305
55.000000	0.652477	-0.494448	1.799402	0.385640	0.044007	0.325014	0.137235
50.000000	0.720089	-0.400473	1.840652	0.380697	0.046862	0.354032	0.151352
45.000000	0.781335	-0.350975	1.913644	0.378450	0.046248	0.381830	0.162150
40.000000	0.831550	-0.338391	2.001491	0.380033	0.046040	0.366571	0.158293
35.000000	0.873090	-0.361914	2.108094	0.377254	0.047244	0.352209	0.153906
30.000000	0.893080	-0.439812	2.225972	0.381320	0.053362	0.349079	0.153760
25.000000	0.887808	-0.521428	2.297044	0.386566	0.065752	0.357631	0.159624
20.000000	0.894430	-0.540066	2.328927	0.394551	0.074736	0.345825	0.154062
15.000000	0.927527	-0.508639	2.363693	0.396278	0.073820	0.339983	0.153195
10.000000	0.977227	-0.441600	2.396053	0.391539	0.066151	0.323247	0.149194
5.000000	1.032822	-0.355407	2.421051	0.386555	0.058334	0.300877	0.143858
0.000000	1.074817	-0.289381	2.439015	0.380925	0.052422	0.289581	0.144616
