255.000000	0.000000	0.000000	0.000000	0.356990	0.260749	0.360068	0.207120
250.000000	0.011534	-0.019957	-0.011534	0.359120	0.262871	0.359905	0.208918
245.000000	0.038291	-0.050216	-0.038291	0.362984	0.267288	0.363030	0.211513
240.000000	0.081000	-0.140015	-0.081000	0.369860	0.266776	0.371060	0.229979
235.000000	0.098003	-0.210984	-0.098003	0.383648	0.278668	0.358920	0.241987
230.000000	0.102052	-0.168607	-0.102052	0.378639	0.273851	0.365684	0.237027
225.000000	0.149240	-1.682680	0.149240	0.331484	0.220381	0.366130	0.203979
220.000000	0.105440	-0.159506	-0.105440	0.377717	0.272671	0.370298	0.235314
215.000000	0.103964	-0.135847	-0.103964	0.373372	0.272400	0.369300	0.233359
210.000000	0.103239	-0.100247	-0.103239	0.370309	0.269049	0.367717	0.227489
205.000000	0.103635	-0.034398	-0.103635	0.362719	0.264859	0.360657	0.217497
200.000000	0.099250	0.044288	-0.099250	0.357478	0.266060	0.356878	0.205736
195.000000	0.090212	0.137588	-0.090212	0.360667	0.261513	0.352005	0.197661
190.000000	0.080381	0.235487	-0.080381	0.350608	0.255206	0.338902	0.192255
185.000000	0.068504	0.282720	-0.068504	0.353104	0.258101	0.342286	0.189054
180.000000	0.057570	0.285774	-0.057570	0.356503	0.256515	0.337965	0.188968
175.000000	0.054793	0.266231	-0.054793	0.359147	0.257804	0.337553	0.188631
170.000000	0.056483	0.253996	-0.056483	0.354234	0.256321	0.338929	0.190357
165.000000	0.059404	0.255729	-0.059404	0.360695	0.256729	0.343634	0.191448
160.000000	0.062568	0.273856	-0.062568	0.361313	0.255575	0.341260	0.189521
155.000000	0.061738	0.284820	-0.061738	0.357566	0.254087	0.339802	0.189327
150.000000	0.057086	0.287147	-0.057086	0.358397	0.254797	0.340901	0.188557
145.000000	0.051817	0.317345	-0.051817	0.351446	0.247908	0.346228	0.191579
140.000000	0.040759	0.388948	-0.040759	0.365315	0.247343	0.335644	0.186949
135.000000	0.021102	0.437234	-0.021102	0.364502	0.245626	0.332252	0.185750
130.000000	0.000488	0.415285	0.000488	0.354154	0.248633	0.333872	0.184767
125.000000	0.009978	0.362394	0.009978	0.343826	0.246187	0.340291	0.185490
120.000000	0.016285	0.346272	0.016285	0.348793	0.246027	0.340488	0.185512
115.000000	0.024695	0.365359	0.024695	0.346798	0.244130	0.339443	0.182485
110.000000	0.032801	0.338669	0.032801	0.342072	0.247386	0.344054	0.182100
105.000000	0.038249	0.294582	0.038249	0.344574	0.245748	0.352604	0.181371
100.000000	0.038597	0.249620	0.038597	0.342403	0.243600	0.352598	0.176126
95.000000	0.033125	0.219580	0.033125	0.342792	0.246766	0.364877	0.171260
90.000000	0.018746	0.170218	0.018746	0.333684	0.242314	0.373621	0.166559
85.000000	0.003439	0.099031	-0.003439	0.339401	0.240357	0.372746	0.160350
80.000000	0.027967	0.045019	-0.027967	0.333726	0.239600	0.375012	0.155387
75.000000	0.056653	-0.005961	-0.056653	0.343179	0.237918	0.366153	0.151334
70.000000	0.087820	-0.036248	-0.087820	0.336144	0.234940	0.356692	0.147344
65.000000	0.119268	-0.083659	-0.119268	0.337832	0.236758	0.357566	0.154243
60.000000	0.145335	-0.138645	-0.145335	0.341947	0.234300	0.361614	0.156239
55.000000	0.161807	-0.172887	-0.161807	0.349831	0.238520	0.362518	0.158635
50.000000	0.172408	-0.206484	-0.172408	0.352683	0.242135	0.367232	0.161669
45.000000	0.180549	-0.232063	-0.180549	0.353930	0.245216	0.368863	0.162020
40.000000	0.187680	-0.248188	-0.187680	0.350205	0.246442	0.374207	0.165177
35.000000	0.189865	-0.275387	-0.189865	0.351790	0.242932	0.374865	0.166933
30.000000	0.192911	-0.283595	-0.192911	0.352448	0.245926	0.377569	0.166666
25.000000	0.196167	-0.281370	-0.196167	0.350380	0.244498	0.379097	0.168459
20.000000	0.198197	-0.267479	-0.198197	0.351667	0.245654	0.378897	0.167278
15.000000	0.204935	-0.218092	-0.204935	0.347474	0.244738	0.373771	0.161062
10.000000	0.208099	-0.151758	-0.208099	0.340805	0.237869	0.365765	0.156269
5.000000	0.198706	-0.120964	-0.198706	0.338201	0.231952	0.365750	0.152858
0.000000	0.182384	-0.139760	-0.182384	0.337245	0.232999	0.371140	0.154111
