0.000000	1.000000
5.000000	0.997811
10.000000	0.994944
15.000000	0.991515
20.000000	0.991120
25.000000	0.984948
30.000000	0.981419
35.000000	0.972379
40.000000	0.965646
45.000000	0.961789
50.000000	0.954017
55.000000	0.946441
60.000000	0.942008
65.000000	0.932540
70.000000	0.922468
75.000000	0.911226
80.000000	0.903160
85.000000	0.888411
90.000000	0.877316
95.000000	0.861589
100.000000	0.844868
105.000000	0.830093
110.000000	0.813706
115.000000	0.790430
120.000000	0.773309
125.000000	0.749440
130.000000	0.725479
135.000000	0.699693
140.000000	0.676945
145.000000	0.647414
150.000000	0.617034
155.000000	0.590254
160.000000	0.556947
165.000000	0.522578
170.000000	0.492357
175.000000	0.458424
180.000000	0.426514
185.000000	0.395680
190.000000	0.367123
195.000000	0.338769
200.000000	0.311888
205.000000	0.292030
210.000000	0.273211
215.000000	0.261415
220.000000	0.256798
225.000000	0.258639
230.000000	0.263996
235.000000	0.278389
240.000000	0.299089
245.000000	0.326882
250.000000	0.355952
255.000000	0.390464
