255.000000	0.000000	0.000000	0.000000	0.375301	0.188356	0.355602	0.110088
250.000000	0.017061	0.014080	0.017061	0.383950	0.189783	0.356759	0.105450
245.000000	0.039593	0.033938	0.039593	0.379790	0.194068	0.358840	0.101468
240.000000	0.047553	0.040804	0.047553	0.391909	0.206648	0.360775	0.098204
235.000000	0.060328	0.046593	0.060328	0.385580	0.217507	0.365009	0.094399
230.000000	0.159252	0.171557	0.159252	0.389381	0.164067	0.376348	0.090154
225.000000	0.203071	0.220525	0.203071	0.390464	0.153668	0.378244	0.086836
220.000000	0.211554	0.229824	0.211554	0.384070	0.162996	0.376756	0.084338
215.000000	0.266332	0.292324	0.266332	0.384720	0.153660	0.369590	0.082115
210.000000	0.304815	0.349101	0.304815	0.383235	0.146098	0.375145	0.085214
205.000000	0.355392	0.417601	0.355392	0.386390	0.130140	0.363614	0.088877
200.000000	0.383809	0.477238	0.383809	0.382645	0.118096	0.365177	0.096843
195.000000	0.414523	0.525172	0.414523	0.381859	0.110678	0.360245	0.099857
190.000000	0.444371	0.562508	0.444371	0.374878	0.116292	0.365171	0.104908
185.000000	0.462549	0.608281	0.462549	0.377131	0.103189	0.357916	0.113028
180.000000	0.483935	0.642830	0.483935	0.371597	0.104944	0.358071	0.118367
175.000000	0.521589	0.663611	0.521589	0.369605	0.118730	0.353270	0.114978
170.000000	0.549256	0.697689	0.549256	0.367434	0.120380	0.356832	0.122821
165.000000	0.555515	0.727242	0.555515	0.367587	0.113607	0.339437	0.127692
160.000000	0.574247	0.775092	0.574247	0.362498	0.107251	0.346100	0.143343
155.000000	0.598289	0.801191	0.598289	0.362726	0.110116	0.342664	0.148226
150.000000	0.589533	0.839994	0.589533	0.360104	0.097072	0.341588	0.158801
145.000000	0.536720	0.921337	0.536720	0.365809	0.072748	0.343739	0.177108
140.000000	0.430291	1.040304	0.430291	0.367976	0.055714	0.336520	0.186671
135.000000	0.379156	1.143484	0.379156	0.369686	0.051062	0.341513	0.196807
130.000000	0.200617	1.345147	0.200617	0.375923	0.052911	0.345619	0.207647
125.000000	0.184684	1.380329	0.184684	0.375444	0.056065	0.337437	0.199245
120.000000	0.128257	1.491246	0.128257	0.378774	0.065776	0.352460	0.216455
115.000000	0.187108	1.481087	0.187108	0.373981	0.062432	0.348995	0.204457
110.000000	0.375219	1.381918	0.375219	0.367016	0.052629	0.373363	0.209695
105.000000	0.505844	1.318079	0.505844	0.363130	0.055145	0.356306	0.192068
100.000000	0.562004	1.325927	0.562004	0.364582	0.055685	0.357353	0.193108
95.000000	0.567466	1.369991	0.567466	0.361211	0.055514	0.356056	0.188020
90.000000	0.527030	1.426682	0.527030	0.365121	0.055292	0.359736	0.189674
85.000000	0.649978	1.372569	0.649978	0.358880	0.059583	0.350003	0.175542
80.000000	0.870956	1.278145	0.870956	0.350296	0.082976	0.356669	0.178415
75.000000	0.981855	1.259596	0.981855	0.343840	0.110134	0.343624	0.179494
70.000000	1.065796	1.283791	1.065796	0.335671	0.132186	0.353257	0.181736
65.000000	1.066663	1.284231	1.066663	0.343421	0.132761	0.343637	0.184337
60.000000	1.055519	1.318370	1.055519	0.338591	0.115928	0.344135	0.178300
55.000000	1.060545	1.323381	1.060545	0.342810	0.115735	0.342692	0.183025
50.000000	1.089673	1.342366	1.089673	0.338922	0.118955	0.355167	0.185426
45.000000	1.357078	0.256587	1.357078	0.296434	0.282908	0.428911	0.108798
40.000000	1.091967	1.362390	1.091967	0.341823	0.113835	0.349957	0.185286
35.000000	1.114710	1.361989	1.114710	0.339489	0.122007	0.345199	0.189607
30.000000	1.137345	1.356531	1.137345	0.338333	0.133962	0.343487	0.190802
25.000000	1.157968	1.372825	1.157968	0.333904	0.134262	0.353471	0.193311
20.000000	1.185178	1.365321	1.185178	0.334783	0.152963	0.351869	0.201917
15.000000	1.222176	1.383064	1.222176	0.328407	0.165138	0.365710	0.207614
10.000000	1.234701	1.384806	1.234701	0.326779	0.174730	0.361724	0.207680
5.000000	1.230001	1.378801	1.230001	0.329429	0.174510	0.355329	0.207368
0.000000	1.205461	1.392583	1.205461	0.332218	0.147842	0.354828	0.200320
