255.000000	0.000000	0.000000	0.000000	0.349203	0.183752	0.352228	0.228604
250.000000	0.006269	0.059589	-0.006269	0.352359	0.180703	0.352682	0.226588
245.000000	0.004760	0.076604	-0.004760	0.354613	0.181144	0.355816	0.225637
240.000000	0.001678	0.097227	0.001678	0.356664	0.179875	0.357124	0.226047
235.000000	0.007049	0.121358	0.007049	0.357285	0.177029	0.355920	0.223271
230.000000	0.008475	0.124316	0.008475	0.355217	0.173877	0.353648	0.221905
225.000000	0.005109	0.086979	0.005109	0.348890	0.173176	0.349269	0.222128
220.000000	0.004310	-0.017738	-0.004310	0.346295	0.181779	0.348575	0.228924
215.000000	0.021806	-0.132967	-0.021806	0.342586	0.199310	0.347649	0.240668
210.000000	0.037487	-0.207213	-0.037487	0.344966	0.214278	0.345011	0.248235
205.000000	0.034851	-0.189167	-0.034851	0.344853	0.212714	0.345889	0.246175
200.000000	0.030034	-0.137054	-0.030034	0.340573	0.201585	0.347592	0.241037
195.000000	0.029860	-0.046553	-0.029860	0.343673	0.194744	0.352077	0.235377
190.000000	0.033959	0.014672	-0.033959	0.352919	0.189633	0.351541	0.230999
185.000000	0.039057	0.024259	-0.039057	0.346789	0.188523	0.355791	0.228633
180.000000	0.041284	0.005744	-0.041284	0.347999	0.195388	0.350485	0.229069
175.000000	0.034874	-0.016226	-0.034874	0.350019	0.200304	0.346584	0.229130
170.000000	0.147378	-1.211612	0.147378	0.323424	0.238519	0.368719	0.116545
165.000000	0.024047	-0.024980	-0.024047	0.342175	0.199849	0.353374	0.231625
160.000000	0.023273	-0.052586	-0.023273	0.345356	0.202625	0.350094	0.232497
155.000000	0.021775	-0.042138	-0.021775	0.348280	0.199806	0.349770	0.231767
150.000000	0.021682	-0.028120	-0.021682	0.349962	0.201652	0.350501	0.230120
145.000000	0.023750	-0.013252	-0.023750	0.350813	0.195006	0.348528	0.231478
140.000000	0.024347	-0.012830	-0.024347	0.343881	0.193685	0.349864	0.231099
135.000000	0.027867	-0.041088	-0.027867	0.346380	0.201831	0.350662	0.236796
130.000000	0.033041	-0.066394	-0.033041	0.345494	0.204853	0.351416	0.238888
125.000000	0.041512	-0.059405	-0.041512	0.349002	0.205665	0.347938	0.243514
120.000000	0.051417	-0.069941	-0.051417	0.347524	0.204116	0.348820	0.245291
115.000000	0.063600	-0.093866	-0.063600	0.347287	0.209478	0.345657	0.252138
110.000000	0.066920	-0.104911	-0.066920	0.348876	0.212003	0.333901	0.253669
105.000000	0.056034	-0.088444	-0.056034	0.351710	0.210999	0.328505	0.247201
100.000000	0.031801	-0.062462	-0.031801	0.361264	0.214394	0.327612	0.231204
95.000000	0.062052	0.065407	0.062052	0.369069	0.213801	0.355499	0.176290
90.000000	0.776789	0.799994	0.776789	0.365447	0.206997	0.415253	0.130131
85.000000	0.982072	1.047803	0.982072	0.353951	0.193108	0.321907	0.224259
80.000000	1.063578	1.215590	1.063578	0.356703	0.186332	0.311407	0.210741
75.000000	1.124240	1.387406	1.124240	0.349662	0.177994	0.319338	0.207756
70.000000	1.159291	1.552280	1.159291	0.344823	0.168237	0.345550	0.212796
65.000000	1.176686	1.663065	1.176686	0.345475	0.164245	0.356562	0.215824
60.000000	1.191227	1.722192	1.191227	0.339754	0.162656	0.362109	0.212147
55.000000	1.219120	1.702506	1.219120	0.328878	0.159722	0.365567	0.205880
50.000000	1.254833	1.633470	1.254833	0.310481	0.157259	0.365561	0.190819
45.000000	1.297019	1.548411	1.297019	0.299723	0.155542	0.366593	0.181794
40.000000	1.305790	1.546965	1.305790	0.298388	0.153973	0.370869	0.179034
35.000000	1.290903	1.635318	1.290903	0.300072	0.149814	0.367378	0.185705
30.000000	1.276144	1.721373	1.276144	0.305645	0.148785	0.374570	0.197186
25.000000	1.265250	1.785640	1.265250	0.311292	0.150167	0.375536	0.200177
20.000000	1.260251	1.825936	1.260251	0.318360	0.152108	0.381972	0.205738
15.000000	1.254713	1.863298	1.254713	0.322390	0.151931	0.389240	0.209429
10.000000	1.263540	1.859123	1.263540	0.321340	0.151884	0.389263	0.205291
5.000000	1.282517	1.824228	1.282517	0.312241	0.148946	0.387132	0.205986
0.000000	1.295728	1.805030	1.295728	0.307858	0.146571	0.385425	0.205614
