255.000000	0.000000	0.000000	0.000000	0.361184	0.112460	0.377717	0.211282
250.000000	0.022504	0.005014	-0.050021	0.365183	0.119906	0.380200	0.208394
245.000000	0.028472	0.005383	-0.062327	0.353209	0.117595	0.384538	0.207081
240.000000	0.014116	-0.001921	-0.026312	0.351900	0.113423	0.379320	0.209926
235.000000	0.019810	-0.031297	0.070916	0.368380	0.108435	0.378791	0.213471
230.000000	0.057879	-0.087773	0.203531	0.354735	0.102532	0.373819	0.215320
225.000000	0.093773	-0.143181	0.330728	0.363177	0.103431	0.363494	0.214943
220.000000	0.127909	-0.182315	0.438133	0.367573	0.112221	0.353621	0.216958
215.000000	0.143524	-0.186562	0.473611	0.365495	0.113899	0.349725	0.215208
210.000000	0.125078	-0.157299	0.407455	0.360105	0.107789	0.354378	0.215303
205.000000	0.103892	-0.140656	0.348440	0.364675	0.103485	0.356441	0.215977
200.000000	0.117514	-0.174844	0.409872	0.363898	0.108314	0.354349	0.216847
195.000000	0.142315	-0.216125	0.500755	0.372969	0.121699	0.357312	0.215850
190.000000	0.157968	-0.229634	0.545570	0.370304	0.125049	0.346277	0.213795
185.000000	0.155200	-0.222337	0.532738	0.365934	0.123602	0.351902	0.216932
180.000000	0.119056	-0.184439	0.422550	0.367120	0.110919	0.350761	0.217005
175.000000	0.080508	-0.130909	0.291926	0.373341	0.104941	0.361821	0.215357
170.000000	0.050346	-0.087313	0.188006	0.363132	0.102486	0.367759	0.213232
165.000000	0.031439	-0.063046	0.125925	0.362098	0.103715	0.362820	0.209257
160.000000	0.015985	-0.045698	0.077669	0.362998	0.106329	0.371108	0.209126
155.000000	0.010710	-0.036736	0.058155	0.365177	0.107224	0.370847	0.209080
150.000000	0.010494	-0.032859	0.053846	0.363410	0.106635	0.370737	0.210163
145.000000	0.002000	-0.017990	0.021989	0.359315	0.109306	0.369649	0.207320
140.000000	0.004047	-0.009936	0.001843	0.362709	0.110538	0.371608	0.207307
135.000000	0.007587	-0.002020	-0.013153	0.360830	0.111900	0.369787	0.202538
130.000000	0.003854	-0.000102	-0.007607	0.363506	0.110787	0.371960	0.201867
125.000000	0.008032	-0.004763	0.020827	0.360525	0.108987	0.371979	0.203660
120.000000	0.021733	-0.014194	0.057661	0.361542	0.103798	0.379083	0.203154
115.000000	0.035935	-0.019168	0.091038	0.355790	0.099703	0.375783	0.199210
110.000000	0.057677	-0.026329	0.141683	0.356891	0.093332	0.375776	0.194639
105.000000	0.090168	-0.047243	0.227579	0.357712	0.088086	0.375832	0.187032
100.000000	0.117352	-0.054751	0.289456	0.353596	0.080825	0.371832	0.176580
95.000000	0.128665	-0.037935	0.295265	0.355092	0.074153	0.374761	0.157584
90.000000	0.127067	0.000887	0.253248	0.348942	0.060142	0.379442	0.137203
85.000000	0.131298	-0.003227	0.265823	0.343481	0.046426	0.384172	0.113901
80.000000	0.130652	-0.064913	0.326217	0.341721	0.032230	0.370357	0.092494
75.000000	0.119405	-0.186072	0.424882	0.348492	0.019764	0.365937	0.076307
70.000000	0.091057	-0.403147	0.585262	0.351134	0.011577	0.356697	0.062087
65.000000	0.051806	-0.736540	0.840151	0.346913	0.010205	0.356840	0.053582
60.000000	0.024072	-0.860309	0.908452	0.353817	0.016633	0.359157	0.047651
55.000000	0.013987	-0.867076	0.895050	0.355498	0.024317	0.360341	0.043388
50.000000	0.015167	-0.857305	0.887638	0.348209	0.031776	0.367717	0.041332
45.000000	0.044321	-0.804917	0.893560	0.353762	0.042381	0.363803	0.037814
40.000000	0.031166	-0.830432	0.892764	0.358696	0.044313	0.366491	0.036629
35.000000	0.010316	-0.925984	0.905351	0.355484	0.036991	0.371315	0.037088
30.000000	0.029436	-0.973745	0.914872	0.353148	0.033800	0.368347	0.036694
25.000000	0.047539	-1.019381	0.924303	0.360314	0.033120	0.372832	0.037216
20.000000	0.064725	-1.018529	0.889079	0.350993	0.034536	0.372636	0.037277
15.000000	0.112157	-1.098928	0.874615	0.356850	0.030724	0.375441	0.038466
10.000000	0.201573	-1.417636	1.014489	0.356985	0.025321	0.379862	0.042989
5.000000	0.265919	-1.665121	1.133284	0.362648	0.034677	0.383229	0.046835
0.000000	0.319892	-1.782174	1.142389	0.362526	0.042376	0.386979	0.050692
