255.000000	0.000000	0.000000	0.000000	0.412391	0.177241	0.370760	0.136134
250.000000	0.003775	-0.003775	-0.014517	0.412881	0.175193	0.366707	0.134535
245.000000	0.016631	0.016631	-0.103919	0.422941	0.177457	0.371371	0.136167
240.000000	0.020341	0.020341	0.076742	0.410129	0.172419	0.361870	0.131084
235.000000	0.010487	-0.010487	-0.006404	0.409538	0.171420	0.363311	0.131327
230.000000	0.009664	0.009664	0.205117	0.406474	0.172664	0.353360	0.129659
225.000000	0.011534	-0.011534	0.337616	0.417255	0.174717	0.350517	0.130617
220.000000	0.022687	-0.022687	0.093874	0.407574	0.173004	0.361338	0.131178
215.000000	0.005120	0.005120	0.118406	0.407471	0.172727	0.363838	0.132018
210.000000	0.008619	-0.008619	0.471786	0.422020	0.174594	0.346127	0.132971
205.000000	0.015863	-0.015863	0.453391	0.418139	0.172994	0.344665	0.131482
200.000000	0.008711	-0.008711	0.387025	0.410860	0.173695	0.351543	0.132717
195.000000	0.038335	-0.038335	0.561518	0.421794	0.174948	0.342296	0.133769
190.000000	0.041015	-0.041015	0.731610	0.433134	0.178355	0.346525	0.135406
185.000000	0.083835	-0.083835	0.759213	0.436202	0.178194	0.347107	0.135227
180.000000	0.073193	-0.073193	0.778589	0.434841	0.180820	0.345941	0.136415
175.000000	0.022618	-0.022618	0.652558	0.425935	0.177403	0.345827	0.136381
170.000000	0.051407	-0.051407	0.548889	0.423930	0.174914	0.344708	0.133645
165.000000	0.057430	-0.057430	0.548273	0.425345	0.176111	0.346687	0.133551
160.000000	0.061410	-0.061410	0.407667	0.423282	0.177271	0.356660	0.133833
155.000000	0.070010	-0.070010	0.253018	0.423795	0.179312	0.367984	0.135828
150.000000	0.095150	-0.095150	-0.029800	0.411829	0.180469	0.368836	0.138791
145.000000	0.032910	-0.032910	0.256956	0.411635	0.175659	0.356441	0.130942
140.000000	0.013155	0.013155	0.736088	0.436083	0.178011	0.352798	0.135969
135.000000	0.010073	-0.010073	0.790517	0.435152	0.179298	0.353268	0.135850
130.000000	0.040725	-0.040725	1.021879	0.454558	0.188093	0.348823	0.134442
125.000000	0.012612	-0.012612	0.957186	0.439036	0.182985	0.354255	0.137054
120.000000	0.012762	-0.012762	0.970199	0.441271	0.184381	0.353386	0.135956
115.000000	0.037643	-0.037643	1.065417	0.449880	0.185488	0.349668	0.134182
110.000000	0.019441	-0.019441	1.043773	0.446911	0.187968	0.353400	0.135317
105.000000	0.000705	0.000705	0.686316	0.428127	0.180018	0.351380	0.136694
100.000000	0.015376	0.015376	0.563940	0.421753	0.179461	0.365438	0.134630
95.000000	0.020963	-0.020963	0.409741	0.426422	0.179274	0.377820	0.133521
90.000000	0.028311	-0.028311	0.378893	0.425393	0.179534	0.376629	0.131348
85.000000	0.001063	-0.001063	0.560843	0.421252	0.179084	0.366445	0.130072
80.000000	0.003075	-0.003075	0.854084	0.432122	0.182274	0.359402	0.130384
75.000000	0.006540	-0.006540	1.019502	0.440134	0.185767	0.353345	0.126138
70.000000	0.022821	-0.022821	1.079585	0.439732	0.186485	0.349883	0.124725
65.000000	0.036824	-0.036824	0.939009	0.434805	0.182773	0.354438	0.129037
60.000000	0.018816	-0.018816	0.706870	0.432496	0.181506	0.351249	0.131220
55.000000	0.011265	-0.011265	0.799422	0.433887	0.181041	0.352504	0.131329
50.000000	0.001301	0.001301	0.788181	0.434586	0.180647	0.352259	0.132733
45.000000	0.013069	0.013069	0.756377	0.430644	0.180605	0.352433	0.135657
40.000000	0.018050	0.018050	0.768421	0.424941	0.179291	0.352103	0.136730
35.000000	0.012678	0.012678	0.769774	0.428034	0.179526	0.351111	0.136377
30.000000	0.007189	0.007189	0.780528	0.424038	0.177470	0.354095	0.137111
25.000000	0.003847	0.003847	0.735542	0.420823	0.176011	0.356058	0.138226
20.000000	0.003922	0.003922	0.677820	0.424396	0.177496	0.355887	0.136562
15.000000	0.010738	0.010738	0.633344	0.423025	0.177645	0.362187	0.137963
10.000000	0.000799	-0.000799	0.662611	0.417706	0.175218	0.360001	0.136558
5.000000	0.003471	-0.003471	0.656787	0.422127	0.176656	0.359669	0.136207
0.000000	0.005627	-0.005627	0.653139	0.421361	0.175433	0.361817	0.137214
