255.000000	0.000000	0.000000	0.000000	0.393147	0.204619	0.399684	0.195189
250.000000	0.011957	0.011957	0.084277	0.399075	0.202736	0.401263	0.194119
245.000000	0.025091	0.025091	0.083460	0.396107	0.201856	0.400702	0.193360
240.000000	0.031988	0.031988	0.057647	0.395568	0.201972	0.399358	0.193536
235.000000	0.040564	0.040564	-0.011388	0.397846	0.203517	0.397895	0.195712
230.000000	0.053646	0.053646	-0.109248	0.401764	0.204076	0.399461	0.198362
225.000000	0.067490	0.067490	-0.213151	0.407792	0.207745	0.389922	0.196298
220.000000	0.069406	0.069406	-0.247129	0.410330	0.209160	0.389205	0.196681
215.000000	0.063724	0.063724	-0.229209	0.409634	0.208697	0.390707	0.197195
210.000000	0.058930	0.058930	-0.206530	0.407491	0.208100	0.391259	0.196578
205.000000	0.055830	0.055830	-0.192135	0.405764	0.206514	0.391750	0.197445
200.000000	0.054570	0.054570	-0.194810	0.409702	0.208865	0.392234	0.196611
195.000000	0.049067	0.049067	-0.154615	0.408485	0.206274	0.395422	0.197978
190.000000	0.045078	0.045078	-0.121764	0.403244	0.204994	0.396743	0.198133
185.000000	0.041897	0.041897	-0.072001	0.401596	0.205200	0.401287	0.197934
180.000000	0.043335	0.043335	-0.023209	0.395918	0.203942	0.400791	0.196236
175.000000	0.046820	0.046820	0.006184	0.394459	0.204991	0.402926	0.194973
170.000000	0.047497	0.047497	0.025555	0.390552	0.205210	0.405613	0.195385
165.000000	0.047518	0.047518	0.028707	0.393842	0.205587	0.405040	0.194536
160.000000	0.045838	0.045838	0.036024	0.394524	0.204654	0.403744	0.195026
155.000000	0.047620	0.047620	0.026532	0.395006	0.205563	0.401126	0.194422
150.000000	0.052616	0.052616	0.003298	0.395383	0.205696	0.401839	0.195006
145.000000	0.056759	0.056759	0.004877	0.397785	0.205131	0.404334	0.196548
140.000000	0.057720	0.057720	0.030118	0.395844	0.205814	0.403235	0.195819
135.000000	0.054607	0.054607	0.104724	0.395192	0.202145	0.396253	0.191055
130.000000	0.052652	0.052652	0.174354	0.400604	0.199932	0.392647	0.188718
125.000000	0.056944	0.056944	0.207421	0.402342	0.199737	0.388433	0.186699
120.000000	0.064071	0.064071	0.240906	0.403362	0.198704	0.383884	0.185187
115.000000	0.074733	0.074733	0.248304	0.401964	0.196409	0.378803	0.184251
110.000000	0.089680	0.089680	0.228731	0.398897	0.196707	0.378589	0.186137
105.000000	0.111230	0.111230	0.222311	0.393974	0.195086	0.370883	0.184868
100.000000	0.144648	0.144648	0.275210	0.392377	0.191103	0.365453	0.178836
95.000000	0.192530	0.192530	0.326723	0.385666	0.184772	0.349828	0.171097
90.000000	0.256779	0.256779	0.376841	0.373158	0.176805	0.346340	0.166099
85.000000	0.339096	0.339096	0.443241	0.370860	0.170590	0.334520	0.161283
80.000000	0.425357	0.425357	0.517881	0.351483	0.158686	0.344215	0.161750
75.000000	0.516049	0.516049	0.628350	0.340794	0.149340	0.350382	0.156662
70.000000	0.590010	0.590010	0.750597	0.332795	0.141906	0.346102	0.159144
65.000000	0.631020	0.631020	0.848101	0.330239	0.133875	0.339627	0.152009
60.000000	0.627270	0.627270	1.161161	0.340314	0.139737	0.348125	0.158158
55.000000	0.670245	0.670245	1.334376	0.336721	0.142044	0.339001	0.153379
50.000000	0.746145	0.746145	1.523310	0.350532	0.145703	0.349490	0.158428
45.000000	0.787829	0.787829	1.904792	0.387711	0.173437	0.379677	0.185631
40.000000	0.823772	0.823772	1.855077	0.381821	0.165156	0.383025	0.182318
35.000000	0.861475	0.861475	1.802033	0.368916	0.155829	0.383500	0.183567
30.000000	0.869806	0.869806	1.552418	0.334599	0.135276	0.362988	0.165249
25.000000	0.842692	0.842692	1.461933	0.333496	0.134562	0.377461	0.169121
20.000000	0.911666	0.911666	0.897765	0.354474	0.118891	0.350895	0.154297
15.000000	0.917366	0.917366	0.858841	0.357197	0.124097	0.354904	0.155816
10.000000	0.964171	0.964171	0.725362	0.354069	0.129562	0.361880	0.158920
5.000000	1.008078	1.008078	0.592489	0.356716	0.138621	0.353809	0.154951
0.000000	1.081940	1.081940	0.461999	0.339839	0.146670	0.362193	0.157834
