255.000000	0.000000	0.000000	0.000000	0.347031	0.278428	0.357965	0.266265
250.000000	0.194475	-0.017939	-0.371011	0.366920	0.269930	0.337511	0.251042
245.000000	0.119920	-0.004383	0.244222	0.357401	0.281907	0.341557	0.248944
240.000000	0.270959	-0.012394	0.554312	0.354293	0.293209	0.314223	0.228478
235.000000	0.201110	-0.035030	0.437250	0.365811	0.298368	0.327320	0.235560
230.000000	0.246306	-0.009690	0.502302	0.360929	0.291234	0.315280	0.229233
225.000000	0.132758	-0.000220	0.265736	0.353072	0.285467	0.345240	0.248299
220.000000	0.177251	-0.000795	0.355296	0.358842	0.285054	0.330650	0.240101
215.000000	0.281824	0.014221	0.549428	0.352731	0.288154	0.318599	0.229286
210.000000	0.294720	0.008229	0.581212	0.360385	0.295092	0.311833	0.225327
205.000000	0.348379	0.008225	0.688533	0.362195	0.294854	0.307021	0.221796
200.000000	0.174600	-0.008334	0.357534	0.357321	0.287529	0.336468	0.240911
195.000000	0.319712	0.008686	0.630737	0.359285	0.295007	0.308876	0.223841
190.000000	0.310870	-0.004769	0.626509	0.361448	0.296964	0.308757	0.224013
185.000000	0.323977	-0.012148	0.660103	0.363632	0.299222	0.310438	0.223127
180.000000	0.389829	0.001131	0.778526	0.377697	0.306656	0.299428	0.217872
175.000000	0.459980	-0.006564	0.926525	0.379856	0.293387	0.296910	0.211094
170.000000	0.455962	-0.007518	0.919441	0.376721	0.295034	0.295174	0.210824
165.000000	0.406289	0.027662	0.784916	0.367931	0.303512	0.299457	0.217565
160.000000	0.466432	0.005330	0.927534	0.382181	0.299387	0.295594	0.208338
155.000000	0.396352	-0.006355	0.799060	0.373137	0.305323	0.301316	0.218778
150.000000	0.382783	-0.021017	0.786583	0.379739	0.306514	0.300937	0.217902
145.000000	0.363637	-0.031188	0.758463	0.373883	0.305005	0.300712	0.220191
140.000000	0.258291	-0.026638	0.543220	0.362520	0.297523	0.313849	0.230233
135.000000	0.182401	-0.020696	0.385497	0.366138	0.290924	0.323649	0.236687
130.000000	0.462031	-0.013696	0.937757	0.380347	0.293358	0.293287	0.211309
125.000000	0.075569	-0.064552	0.215690	0.361044	0.287770	0.347196	0.256536
120.000000	0.048903	-0.025636	-0.072171	0.349340	0.280513	0.347230	0.269316
115.000000	0.355524	-0.036369	0.747417	0.377051	0.308035	0.289488	0.223438
110.000000	0.200891	-0.054911	0.456693	0.355673	0.291205	0.308213	0.245087
105.000000	0.723777	-0.031741	1.479295	0.390976	0.254766	0.289371	0.209328
100.000000	0.421693	-0.040447	0.883833	0.369685	0.287178	0.291825	0.227271
95.000000	0.297236	-0.055901	0.650372	0.373925	0.300562	0.334495	0.205594
90.000000	0.525442	-0.975849	-0.075035	0.355377	0.276837	0.367130	0.069530
85.000000	0.592735	-1.088596	-0.096874	0.340258	0.257741	0.269147	0.254520
80.000000	0.584376	-1.119083	-0.049668	0.331472	0.244087	0.298874	0.256352
75.000000	0.701023	-1.148242	-0.253803	0.323189	0.251477	0.334189	0.238767
70.000000	0.784572	-1.182411	-0.386733	0.307649	0.242026	0.324421	0.203880
65.000000	0.719871	-1.189745	-0.249997	0.322597	0.241265	0.336265	0.183332
60.000000	0.691484	-1.210222	-0.172746	0.318687	0.232325	0.343602	0.174608
55.000000	0.708220	-1.245359	-0.171081	0.318188	0.225881	0.345580	0.161955
50.000000	0.721897	-1.261212	-0.182582	0.311957	0.223779	0.341640	0.154412
45.000000	0.758180	-1.247883	-0.268476	0.305179	0.223363	0.344725	0.147679
40.000000	0.820375	-1.257782	-0.382968	0.284347	0.215012	0.343928	0.142907
35.000000	0.887434	-1.282448	-0.492420	0.276708	0.211216	0.340554	0.137580
30.000000	0.914243	-1.298463	-0.530023	0.279692	0.215212	0.342812	0.133466
25.000000	0.888071	-1.301803	-0.474338	0.278503	0.211442	0.344806	0.134610
20.000000	0.895000	-1.315301	-0.474699	0.278111	0.210290	0.344653	0.134222
15.000000	0.938076	-1.340579	-0.535573	0.282296	0.216641	0.349441	0.131213
10.000000	0.969611	-1.348652	-0.590570	0.274794	0.212423	0.349512	0.129986
5.000000	0.901524	-1.333371	-0.469678	0.287470	0.216731	0.356072	0.134837
0.000000	1.043977	-2.261056	0.173102	0.302933	0.174499	0.356291	0.235412
