255.000000	0.000000	0.000000	0.000000	0.392138	0.069767	0.349498	0.156034
250.000000	0.064460	-0.023882	0.152803	0.391641	0.080433	0.357113	0.163120
245.000000	0.049863	0.034445	0.065282	0.394781	0.069445	0.367560	0.164129
240.000000	0.052250	0.100216	0.004284	0.394006	0.062579	0.377377	0.169152
235.000000	0.091476	0.093121	0.089831	0.397043	0.064635	0.384982	0.176237
230.000000	0.101913	0.126285	0.077542	0.394196	0.058369	0.389350	0.178709
225.000000	0.090871	0.240276	-0.058535	0.390093	0.054422	0.390633	0.177453
220.000000	0.143875	0.164981	0.122770	0.395860	0.053054	0.388340	0.183819
215.000000	0.174271	0.147343	0.201200	0.386808	0.052662	0.383479	0.187782
210.000000	0.158087	0.278999	0.037174	0.395639	0.043056	0.380115	0.184521
205.000000	0.164733	0.359668	-0.030202	0.389835	0.039686	0.374485	0.184930
200.000000	0.199867	0.266133	0.133602	0.393089	0.039464	0.365706	0.188517
195.000000	0.235480	0.120415	0.350544	0.390834	0.043280	0.363890	0.190754
190.000000	0.219644	0.241961	0.197326	0.386710	0.035155	0.355815	0.189191
185.000000	0.221463	0.308871	0.134056	0.393904	0.026839	0.363667	0.190713
180.000000	0.220621	0.432185	0.009057	0.388597	0.028483	0.360272	0.194422
175.000000	0.221467	0.558022	-0.115088	0.391305	0.027192	0.361173	0.194895
170.000000	0.243241	0.448469	0.038014	0.388375	0.022910	0.364248	0.202529
165.000000	0.275489	0.160460	0.390518	0.389958	0.022096	0.365088	0.206231
160.000000	0.308509	0.067042	0.549975	0.389782	0.040017	0.367608	0.212473
155.000000	0.321103	0.063586	0.578620	0.389323	0.045873	0.371552	0.215068
150.000000	0.327546	0.018833	0.636258	0.390871	0.044788	0.361716	0.214042
145.000000	0.336365	0.058879	0.613850	0.386860	0.049017	0.372049	0.220067
140.000000	0.340517	0.014282	0.666752	0.391435	0.046624	0.360553	0.216537
135.000000	0.341996	0.033216	0.650776	0.391840	0.044238	0.363259	0.219764
130.000000	0.338123	0.053566	0.622679	0.388610	0.037434	0.364198	0.222095
125.000000	0.343593	0.016424	0.670761	0.392046	0.034761	0.357668	0.220692
120.000000	0.356050	0.052649	0.659450	0.390670	0.041722	0.366872	0.223930
115.000000	0.366674	0.005076	0.728273	0.390552	0.044623	0.360608	0.222261
110.000000	0.371044	0.040493	0.701594	0.388779	0.043494	0.369946	0.224258
105.000000	0.371456	0.006622	0.736291	0.391697	0.039957	0.361003	0.222853
100.000000	0.370211	-0.000295	0.740716	0.391865	0.036637	0.361313	0.223031
95.000000	0.359322	0.048807	0.669836	0.385771	0.026404	0.365381	0.226076
90.000000	0.360023	0.013519	0.706527	0.390618	0.022988	0.356311	0.223967
85.000000	0.362856	0.029047	0.696664	0.388423	0.023251	0.361709	0.224535
80.000000	0.373376	-0.011849	0.758602	0.390163	0.029698	0.360896	0.225175
75.000000	0.369813	0.032264	0.707363	0.387224	0.025959	0.366266	0.227039
70.000000	0.365706	-0.050619	0.782031	0.389321	0.021267	0.353617	0.224067
65.000000	0.360998	-0.025204	0.747199	0.386325	0.014582	0.356969	0.226486
60.000000	0.348333	-0.326315	1.022981	0.387137	0.003051	0.350612	0.224480
55.000000	0.341960	-0.883995	1.567915	0.388650	0.006276	0.347221	0.223849
50.000000	0.345626	-1.106880	1.798131	0.386286	0.004459	0.356283	0.226495
45.000000	0.341861	-0.872501	1.556224	0.388255	0.010844	0.344084	0.223528
40.000000	0.342983	-1.021841	1.707806	0.385920	0.011015	0.356538	0.227938
35.000000	0.342236	-0.938120	1.622592	0.386119	0.013758	0.348768	0.225034
30.000000	0.350408	-0.947186	1.648003	0.386225	0.008673	0.354185	0.226546
25.000000	0.354456	-0.887921	1.596834	0.383616	0.008450	0.352767	0.225771
20.000000	0.361221	-0.641520	1.363963	0.388525	0.007656	0.345702	0.222098
15.000000	0.373804	-0.178396	0.926003	0.387047	0.004499	0.359033	0.225041
10.000000	0.394892	-0.099159	0.888943	0.389344	0.020510	0.356492	0.223193
5.000000	0.414301	0.000966	0.827636	0.386228	0.036524	0.367152	0.224865
0.000000	0.432103	0.019977	0.844228	0.388501	0.050732	0.370699	0.224319
