0.000000	0.883247
5.000000	0.883475
10.000000	0.883952
15.000000	0.884067
20.000000	0.883980
25.000000	0.884630
30.000000	0.885300
35.000000	0.885781
40.000000	0.886374
45.000000	0.887447
50.000000	0.887949
55.000000	0.889311
60.000000	0.890005
65.000000	0.890820
70.000000	0.892542
75.000000	0.893885
80.000000	0.896024
85.000000	0.897292
90.000000	0.899701
95.000000	0.900848
100.000000	0.905617
105.000000	0.908214
110.000000	0.911446
115.000000	0.915392
120.000000	0.918657
125.000000	0.924100
130.000000	0.928827
135.000000	0.933584
140.000000	0.940259
145.000000	0.945977
150.000000	0.952194
155.000000	0.958708
160.000000	0.964614
165.000000	0.973545
170.000000	0.978708
175.000000	0.984812
180.000000	0.992589
185.000000	0.993827
190.000000	1.000000
195.000000	0.999531
200.000000	0.994782
205.000000	0.993340
210.000000	0.981306
215.000000	0.966573
220.000000	0.954951
225.000000	0.928509
230.000000	0.906055
235.000000	0.875392
240.000000	0.835840
245.000000	0.798959
250.000000	0.754812
255.000000	0.710999
