0.000000	0.994594
5.000000	0.993222
10.000000	0.991512
15.000000	0.989538
20.000000	0.987201
25.000000	0.984761
30.000000	0.982326
35.000000	0.979350
40.000000	0.977365
45.000000	0.975196
50.000000	0.971885
55.000000	0.968031
60.000000	0.965223
65.000000	0.961319
70.000000	0.957041
75.000000	0.953675
80.000000	0.949245
85.000000	0.943925
90.000000	0.940033
95.000000	0.935300
100.000000	0.930673
105.000000	0.925572
110.000000	0.920842
115.000000	0.915962
120.000000	0.910500
125.000000	0.905459
130.000000	0.900948
135.000000	0.896255
140.000000	0.892478
145.000000	0.887574
150.000000	0.884854
155.000000	0.881851
160.000000	0.880396
165.000000	0.880633
170.000000	0.881142
175.000000	0.882416
180.000000	0.886797
185.000000	0.891416
190.000000	0.898365
195.000000	0.906599
200.000000	0.916403
205.000000	0.926064
210.000000	0.938802
215.000000	0.949404
220.000000	0.961136
225.000000	0.972348
230.000000	0.982392
235.000000	0.992152
240.000000	0.996369
245.000000	1.000000
250.000000	0.998005
255.000000	0.995223
