0.000000	0.024806
5.000000	0.024682
10.000000	0.024232
15.000000	0.023859
20.000000	0.023698
25.000000	0.023143
30.000000	0.022771
35.000000	0.022395
40.000000	0.022035
45.000000	0.021646
50.000000	0.021348
55.000000	0.021023
60.000000	0.020733
65.000000	0.020516
70.000000	0.020347
75.000000	0.020190
80.000000	0.020454
85.000000	0.020638
90.000000	0.020905
95.000000	0.021664
100.000000	0.022964
105.000000	0.024059
110.000000	0.026038
115.000000	0.028191
120.000000	0.031516
125.000000	0.035268
130.000000	0.040016
135.000000	0.046745
140.000000	0.053525
145.000000	0.061870
150.000000	0.074398
155.000000	0.084718
160.000000	0.100640
165.000000	0.120534
170.000000	0.140912
175.000000	0.164807
180.000000	0.196489
185.000000	0.226875
190.000000	0.262471
195.000000	0.305392
200.000000	0.352643
205.000000	0.400923
210.000000	0.458552
215.000000	0.515977
220.000000	0.579797
225.000000	0.639208
230.000000	0.708823
235.000000	0.768544
240.000000	0.834641
245.000000	0.890312
250.000000	0.948559
255.000000	1.000000
