0.000000	0.103689
5.000000	0.104702
10.000000	0.106216
15.000000	0.108683
20.000000	0.113068
25.000000	0.118597
30.000000	0.129369
35.000000	0.145983
40.000000	0.160858
45.000000	0.183149
50.000000	0.226041
55.000000	0.270345
60.000000	0.329065
65.000000	0.410327
70.000000	0.531882
75.000000	0.648661
80.000000	0.731508
85.000000	0.826300
90.000000	0.883431
95.000000	0.923543
100.000000	0.953743
105.000000	0.972574
110.000000	0.983865
115.000000	0.989493
120.000000	0.992094
125.000000	0.994429
130.000000	0.996316
135.000000	0.997163
140.000000	0.997993
145.000000	0.998477
150.000000	0.998869
155.000000	0.999274
160.000000	0.999572
165.000000	0.999583
170.000000	0.999624
175.000000	0.999661
180.000000	0.999821
185.000000	1.000000
190.000000	0.999780
195.000000	0.999621
200.000000	0.999473
205.000000	0.999208
210.000000	0.998972
215.000000	0.998757
220.000000	0.998493
225.000000	0.998501
230.000000	0.998696
235.000000	0.998594
240.000000	0.998900
245.000000	0.998975
250.000000	0.998739
255.000000	0.998464
