255.000000	0.000000	0.000000	0.000000	0.403316	0.066790	0.354327	0.186804
250.000000	0.041251	-0.017998	0.100499	0.395352	0.064270	0.364054	0.189857
245.000000	0.055883	0.023856	0.087910	0.414162	0.063405	0.373702	0.195122
240.000000	0.047739	0.096913	-0.001435	0.404537	0.065481	0.381560	0.198568
235.000000	0.062607	0.128369	-0.003155	0.420186	0.063011	0.382151	0.202970
230.000000	0.081585	0.153569	0.009600	0.402851	0.059918	0.393671	0.199991
225.000000	0.109321	0.170544	0.048099	0.417994	0.054432	0.391195	0.204535
220.000000	0.137396	0.167308	0.107484	0.414695	0.050826	0.394532	0.203448
215.000000	0.161126	0.185814	0.136437	0.418606	0.042955	0.391878	0.203689
210.000000	0.196636	0.117024	0.276248	0.417120	0.040989	0.383016	0.202031
205.000000	0.232601	0.041308	0.423893	0.411041	0.036026	0.379928	0.195312
200.000000	0.242438	0.085411	0.399465	0.417378	0.034331	0.373829	0.195347
195.000000	0.253842	0.080148	0.427536	0.408215	0.026078	0.366798	0.191735
190.000000	0.293357	-0.034520	0.621235	0.410543	0.031141	0.369735	0.187413
185.000000	0.293909	0.015474	0.572344	0.413736	0.028068	0.362735	0.187801
180.000000	0.339486	-0.119655	0.798627	0.410931	0.039175	0.361637	0.180191
175.000000	0.367211	-0.107369	0.841791	0.409489	0.044455	0.362707	0.179636
170.000000	0.408398	-0.129719	0.946516	0.410714	0.062528	0.364314	0.176319
165.000000	0.418751	-0.126525	0.964027	0.407751	0.062716	0.366912	0.178398
160.000000	0.428849	-0.137640	0.995338	0.407894	0.063854	0.365546	0.179239
155.000000	0.440352	-0.148034	1.028738	0.407480	0.065582	0.365566	0.179746
150.000000	0.432639	-0.126763	0.992041	0.410623	0.058044	0.366066	0.182688
145.000000	0.408425	-0.228178	1.045028	0.406148	0.039581	0.364275	0.184827
140.000000	0.401412	-0.191604	0.994428	0.413278	0.029295	0.365105	0.189620
135.000000	0.400026	-0.295941	1.095994	0.407050	0.027363	0.361871	0.189069
130.000000	0.409995	-0.201670	1.021660	0.414925	0.027593	0.363983	0.192592
125.000000	0.420226	-0.274956	1.115409	0.406255	0.033223	0.364156	0.191038
120.000000	0.417235	-0.284105	1.118575	0.405918	0.027544	0.363031	0.192604
115.000000	0.417236	-0.320820	1.155291	0.407885	0.026791	0.363216	0.193412
110.000000	0.395060	-0.536609	1.326728	0.410857	0.016186	0.359836	0.196498
105.000000	0.401276	-0.483108	1.285661	0.413423	0.015126	0.360775	0.197241
100.000000	0.392832	-0.685177	1.470841	0.414453	0.012899	0.359954	0.199659
95.000000	0.406656	-0.597315	1.410627	0.414260	0.016623	0.359992	0.198613
90.000000	0.434343	-0.354611	1.223298	0.417183	0.022068	0.365514	0.198458
85.000000	0.396855	-0.696108	1.489818	0.407523	0.021600	0.361291	0.197971
80.000000	0.372814	-0.932154	1.677782	0.407111	0.025287	0.361007	0.202523
75.000000	0.377365	-0.944241	1.698971	0.409166	0.024988	0.357697	0.201728
70.000000	0.422547	-0.590834	1.435928	0.407710	0.020449	0.360450	0.198469
65.000000	0.475469	-0.234208	1.185146	0.412260	0.036593	0.366664	0.197989
60.000000	0.487716	-0.248847	1.224279	0.405701	0.046413	0.361337	0.194812
55.000000	0.472905	-0.259926	1.205736	0.413232	0.036223	0.364334	0.197235
50.000000	0.441140	-0.458474	1.340754	0.404799	0.028975	0.358430	0.196245
45.000000	0.389936	-0.903269	1.683141	0.415898	0.024493	0.360096	0.204336
40.000000	0.360641	-0.986772	1.708054	0.406065	0.040958	0.351264	0.203806
35.000000	0.354548	-1.037515	1.746611	0.407476	0.043035	0.354024	0.207370
30.000000	0.366278	-1.017212	1.749768	0.406282	0.038618	0.353847	0.206820
25.000000	0.396308	-0.885154	1.677770	0.409482	0.030404	0.355273	0.202838
20.000000	0.426070	-0.705513	1.557653	0.414463	0.019356	0.359773	0.201710
15.000000	0.450921	-0.502140	1.403983	0.406191	0.026937	0.355476	0.197840
10.000000	0.470071	-0.374851	1.314993	0.412091	0.029507	0.361214	0.198928
5.000000	0.474309	-0.368738	1.317356	0.406048	0.032902	0.358670	0.197095
0.000000	0.463110	-0.424890	1.351110	0.409689	0.025800	0.362198	0.199339
