255.000000	0.000000	0.000000	0.000000	0.435412	0.048993	0.299636	0.014299
250.000000	0.066205	-0.056146	-0.076263	0.436414	0.050522	0.300730	0.018842
245.000000	0.152876	-0.034832	-0.270919	0.434003	0.051613	0.300880	0.032484
240.000000	0.204358	0.051558	-0.460274	0.416319	0.061071	0.295965	0.049539
235.000000	0.218535	0.106287	-0.543357	0.408031	0.072596	0.299264	0.056887
230.000000	0.207150	0.099351	-0.513651	0.412603	0.069007	0.295363	0.049078
225.000000	0.209202	0.108812	-0.527217	0.410115	0.071995	0.302066	0.051832
220.000000	0.171093	0.095069	-0.437254	0.419592	0.063798	0.300323	0.034129
215.000000	0.178332	0.074321	-0.430985	0.417288	0.063824	0.295399	0.037544
210.000000	0.170623	0.072975	-0.414221	0.414862	0.060955	0.300820	0.033917
205.000000	0.122867	0.041788	-0.287522	0.422765	0.056106	0.298950	0.023819
200.000000	0.082254	-0.002265	-0.162244	0.431732	0.054169	0.300730	0.020386
195.000000	0.053348	-0.007190	-0.099506	0.434641	0.049877	0.300812	0.016584
190.000000	0.091765	-0.017142	-0.166388	0.433157	0.051408	0.302336	0.020277
185.000000	0.111325	-0.012104	-0.210545	0.432051	0.052717	0.303146	0.022842
180.000000	0.204586	0.080844	-0.490016	0.410573	0.066026	0.298398	0.047284
175.000000	0.219300	0.107661	-0.546262	0.406746	0.072507	0.301182	0.055697
170.000000	0.148020	0.015716	-0.311756	0.425472	0.056702	0.299938	0.029923
165.000000	0.191254	0.060636	-0.443144	0.416949	0.061395	0.301234	0.042605
160.000000	0.167771	0.056567	-0.392109	0.421397	0.059795	0.298072	0.034089
155.000000	0.118485	0.049234	-0.286204	0.432242	0.057071	0.298047	0.024176
150.000000	0.041525	0.086182	-0.003133	0.444069	0.052491	0.299184	0.013176
145.000000	0.181023	0.066440	-0.428485	0.417105	0.058972	0.300438	0.037514
140.000000	0.211440	0.106361	-0.529241	0.407460	0.068994	0.295976	0.050934
135.000000	0.211418	0.099849	-0.522686	0.409665	0.069448	0.300834	0.052469
130.000000	0.179729	0.070396	-0.429854	0.412219	0.061091	0.300497	0.036845
125.000000	0.122953	0.062794	-0.308699	0.423158	0.056542	0.300049	0.024131
120.000000	0.050105	0.053336	-0.153547	0.433040	0.054932	0.299663	0.018575
115.000000	0.122195	0.049584	-0.293974	0.428616	0.059084	0.301631	0.028261
110.000000	0.094651	0.132599	0.056703	0.442057	0.053700	0.302486	0.013784
105.000000	0.441694	0.307042	0.576347	0.431013	0.059640	0.302436	0.016760
100.000000	0.440797	0.280616	0.600979	0.426275	0.061611	0.302031	0.019879
95.000000	0.529500	0.301493	0.757506	0.419874	0.068182	0.301727	0.029507
90.000000	0.552416	0.253313	0.851518	0.407624	0.076658	0.301352	0.038927
85.000000	0.550169	0.226142	0.874195	0.405639	0.071904	0.297557	0.045760
80.000000	0.523544	0.169369	0.877718	0.410966	0.064649	0.299663	0.050689
75.000000	0.497980	0.124540	0.871421	0.414907	0.051719	0.291434	0.052203
70.000000	0.469239	0.090701	0.847777	0.426725	0.031846	0.285001	0.050541
65.000000	0.479699	0.073471	0.885927	0.440589	0.008483	0.283462	0.047393
60.000000	0.555120	-0.719489	1.829729	0.439510	0.012803	0.277642	0.041862
55.000000	0.684403	-0.622808	1.991614	0.422808	0.029085	0.280180	0.039742
50.000000	0.813605	-0.473332	2.100543	0.417286	0.032402	0.284660	0.053599
45.000000	0.892346	-0.405497	2.190189	0.416393	0.042792	0.295258	0.057288
40.000000	0.905465	-0.280515	2.091446	0.422167	0.029280	0.301717	0.076791
35.000000	0.935300	-0.254693	2.125294	0.425555	0.031606	0.303714	0.084467
30.000000	0.955944	-0.228987	2.140874	0.428032	0.034379	0.311348	0.091192
25.000000	0.969497	-0.177160	2.116154	0.419860	0.033003	0.309386	0.089847
20.000000	0.979298	-0.146516	2.105111	0.420221	0.032690	0.309515	0.086609
15.000000	0.986819	-0.132125	2.105762	0.424942	0.032212	0.311364	0.082852
10.000000	1.014863	-0.212127	2.241854	0.405893	0.039074	0.303848	0.069346
5.000000	1.045324	-0.229915	2.320562	0.400840	0.046219	0.300593	0.063754
0.000000	1.063093	-0.228747	2.354934	0.397387	0.052522	0.299267	0.061415
