0.000000	0.648918
5.000000	0.655642
10.000000	0.661217
15.000000	0.675535
20.000000	0.688202
25.000000	0.719926
30.000000	0.737466
35.000000	0.760382
40.000000	0.797134
45.000000	0.838025
50.000000	0.884930
55.000000	0.928949
60.000000	0.967099
65.000000	1.000000
70.000000	0.997464
75.000000	0.970263
80.000000	0.904833
85.000000	0.810284
90.000000	0.708738
95.000000	0.642005
100.000000	0.592275
105.000000	0.543324
110.000000	0.503748
115.000000	0.482731
120.000000	0.470985
125.000000	0.459054
130.000000	0.452247
135.000000	0.450236
140.000000	0.446374
145.000000	0.443534
150.000000	0.441290
155.000000	0.440274
160.000000	0.439240
165.000000	0.438721
170.000000	0.438161
175.000000	0.438122
180.000000	0.438025
185.000000	0.437898
190.000000	0.437817
195.000000	0.437759
200.000000	0.437751
205.000000	0.437616
210.000000	0.437386
215.000000	0.437302
220.000000	0.436988
225.000000	0.436478
230.000000	0.436207
235.000000	0.436009
240.000000	0.435824
245.000000	0.435495
250.000000	0.435204
255.000000	0.435378
