255.000000	0.000000	0.000000	0.000000	0.410714	0.058840	0.391822	0.092168
250.000000	0.018170	-0.001849	0.038190	0.409935	0.056615	0.389922	0.091405
245.000000	0.044038	0.017291	0.070785	0.407118	0.050962	0.397658	0.089729
240.000000	0.065603	0.023275	0.107931	0.410283	0.047059	0.384240	0.084585
235.000000	0.083541	0.005729	0.161353	0.416029	0.049102	0.391484	0.088667
230.000000	0.095251	-0.023028	0.213531	0.408867	0.052082	0.383701	0.088415
225.000000	0.118634	-0.014920	0.252187	0.409445	0.047599	0.381888	0.087878
220.000000	0.131736	-0.018311	0.281782	0.413708	0.049966	0.384632	0.089960
215.000000	0.147320	-0.036899	0.331540	0.405517	0.047659	0.378476	0.087567
210.000000	0.162957	-0.028931	0.354844	0.415705	0.049557	0.384899	0.088763
205.000000	0.186258	-0.037727	0.410243	0.406078	0.043518	0.381199	0.085182
200.000000	0.202920	-0.032718	0.438558	0.407583	0.042338	0.383416	0.085608
195.000000	0.215773	-0.021208	0.452754	0.409995	0.042281	0.386460	0.085239
190.000000	0.220603	-0.054253	0.495460	0.402194	0.043732	0.383143	0.084312
185.000000	0.236021	-0.036858	0.508900	0.412640	0.042092	0.388293	0.084429
180.000000	0.238109	-0.056791	0.533008	0.405769	0.042981	0.384291	0.083689
175.000000	0.240291	-0.048026	0.528609	0.412299	0.046790	0.387199	0.084774
170.000000	0.249552	-0.034089	0.533193	0.412409	0.047517	0.386617	0.083022
165.000000	0.246903	-0.057424	0.551230	0.407636	0.049629	0.384857	0.082961
160.000000	0.257476	-0.037023	0.551974	0.414040	0.047236	0.388958	0.082259
155.000000	0.259810	-0.066644	0.586264	0.403468	0.045011	0.384708	0.080911
150.000000	0.290553	-0.044398	0.625504	0.402592	0.035370	0.386611	0.078696
145.000000	0.314439	-0.073141	0.702019	0.403857	0.029520	0.383769	0.075487
140.000000	0.343531	-0.115026	0.802088	0.399945	0.020765	0.388767	0.074655
135.000000	0.355818	-0.138916	0.850551	0.399082	0.020402	0.383977	0.072807
130.000000	0.374494	-0.236661	0.985649	0.397788	0.019097	0.387175	0.072045
125.000000	0.387671	-0.234008	1.009351	0.399418	0.016112	0.386060	0.072374
120.000000	0.389461	-0.259963	1.038885	0.394919	0.018844	0.385959	0.071239
115.000000	0.400296	-0.283480	1.084071	0.398045	0.016823	0.387668	0.071477
110.000000	0.388991	-0.218835	0.996817	0.397095	0.019794	0.385262	0.070688
105.000000	0.368559	-0.116989	0.854108	0.402987	0.023830	0.387875	0.071974
100.000000	0.405171	-0.213395	1.023736	0.404538	0.018578	0.385217	0.070200
95.000000	0.407779	-0.223719	1.039277	0.399250	0.021341	0.386504	0.069683
90.000000	0.451507	-0.389971	1.292984	0.396143	0.021803	0.381905	0.069917
85.000000	0.431198	-0.346114	1.208511	0.397647	0.021697	0.384912	0.069677
80.000000	0.399455	-0.169206	0.968116	0.400573	0.021090	0.385647	0.069532
75.000000	0.398036	-0.127350	0.923423	0.401565	0.025498	0.382475	0.068521
70.000000	0.404716	-0.112051	0.921482	0.405559	0.025141	0.384426	0.068687
65.000000	0.446483	-0.214718	1.107684	0.402988	0.022106	0.383276	0.067710
60.000000	0.471245	-0.328163	1.270653	0.397782	0.022778	0.388181	0.069474
55.000000	0.439518	-0.218716	1.097751	0.404235	0.021065	0.384838	0.069295
50.000000	0.437168	-0.224129	1.098464	0.400166	0.023840	0.384216	0.068472
45.000000	0.422069	-0.155303	0.999440	0.401935	0.024670	0.381443	0.068079
40.000000	0.434186	-0.184754	1.053127	0.403838	0.024204	0.382176	0.067909
35.000000	0.421658	-0.161492	1.004809	0.402436	0.026883	0.383596	0.067476
30.000000	0.436194	-0.183825	1.056212	0.404442	0.024073	0.384196	0.067711
25.000000	0.456640	-0.241231	1.154511	0.399243	0.024572	0.381891	0.067205
20.000000	0.475675	-0.287865	1.239214	0.398904	0.027081	0.380933	0.067537
15.000000	0.512530	-0.380367	1.405426	0.400737	0.029353	0.384510	0.070329
10.000000	0.511074	-0.364416	1.386565	0.396749	0.031669	0.381649	0.069481
5.000000	0.507307	-0.355318	1.369932	0.401683	0.028829	0.384980	0.070310
0.000000	0.446922	-0.142439	1.036282	0.404813	0.029156	0.384785	0.066577
