255.000000	0.000000	0.000000	0.000000	0.369485	0.051084	0.340252	0.132059
250.000000	0.006905	0.026758	-0.012949	0.364566	0.052797	0.341367	0.131530
245.000000	0.015715	0.057668	-0.026239	0.365879	0.055796	0.341453	0.131033
240.000000	0.030411	0.107840	-0.047018	0.366299	0.062232	0.344531	0.129137
235.000000	0.044047	0.148464	-0.060371	0.365106	0.067987	0.348314	0.127912
230.000000	0.044428	0.149583	-0.060728	0.366261	0.068476	0.348778	0.127900
225.000000	0.044139	0.146451	-0.058174	0.369044	0.067737	0.349477	0.128030
220.000000	0.037956	0.128504	-0.052592	0.369731	0.064679	0.347137	0.128955
215.000000	0.039653	0.134146	-0.054839	0.367352	0.065470	0.347951	0.128621
210.000000	0.041931	0.143779	-0.059918	0.371909	0.067484	0.349216	0.128610
205.000000	0.042155	0.147970	-0.063660	0.371012	0.068362	0.348402	0.128530
200.000000	0.037374	0.137030	-0.062282	0.368420	0.066888	0.346674	0.129040
195.000000	0.027937	0.110898	-0.055024	0.368814	0.063001	0.345108	0.130146
190.000000	0.015807	0.074286	-0.042671	0.367813	0.058552	0.342959	0.131044
185.000000	0.007543	0.045443	-0.030357	0.368467	0.055434	0.340306	0.131866
180.000000	0.005822	-0.003916	-0.007728	0.370599	0.050992	0.339707	0.132709
175.000000	0.017411	-0.050784	0.015962	0.365873	0.047655	0.336789	0.133757
170.000000	0.025770	-0.089226	0.037686	0.367313	0.045711	0.335290	0.134339
165.000000	0.033247	-0.128452	0.061957	0.369466	0.044325	0.334028	0.134635
160.000000	0.046301	-0.198733	0.106130	0.366831	0.042266	0.331862	0.135501
155.000000	0.047603	-0.210799	0.115594	0.369473	0.042565	0.331334	0.135280
150.000000	0.045822	-0.205402	0.113759	0.370176	0.042396	0.331776	0.135134
145.000000	0.038021	-0.171434	0.095392	0.368265	0.042384	0.332958	0.134420
140.000000	0.030773	-0.141164	0.079619	0.367633	0.043316	0.334311	0.133853
135.000000	0.021081	-0.100605	0.058444	0.369687	0.044856	0.335043	0.133219
130.000000	0.013839	-0.073022	0.045345	0.366625	0.045595	0.334808	0.132947
125.000000	0.007913	-0.052915	0.037090	0.364869	0.046052	0.335482	0.132438
120.000000	0.006034	-0.055817	0.043749	0.366921	0.045460	0.335386	0.132026
115.000000	0.005707	-0.070519	0.059104	0.365949	0.044273	0.332878	0.131649
110.000000	0.009919	-0.118354	0.098516	0.366411	0.041339	0.328851	0.131352
105.000000	0.008329	-0.165354	0.148696	0.365929	0.038646	0.322882	0.130426
100.000000	0.001984	-0.215317	0.211349	0.367323	0.036299	0.318090	0.128428
95.000000	0.011992	-0.279540	0.303525	0.365411	0.033826	0.308562	0.124269
90.000000	0.035110	-0.336000	0.406220	0.367129	0.030984	0.298108	0.121116
85.000000	0.066924	-0.417429	0.551278	0.369033	0.029298	0.298028	0.119326
80.000000	0.105549	-0.524974	0.736072	0.372838	0.032003	0.288913	0.115355
75.000000	0.145958	-0.595296	0.887213	0.376619	0.037229	0.297207	0.117662
70.000000	0.190197	-0.631633	1.012026	0.373866	0.045038	0.298320	0.120901
65.000000	0.251976	-0.635580	1.139531	0.373711	0.049045	0.308781	0.126525
60.000000	0.326993	-0.625640	1.279625	0.367204	0.049873	0.337963	0.140420
55.000000	0.413121	-0.606963	1.433205	0.369408	0.050886	0.342499	0.144025
50.000000	0.492139	-0.571521	1.555798	0.366264	0.052535	0.337431	0.144717
45.000000	0.567576	-0.525263	1.660415	0.361449	0.054791	0.321257	0.143776
40.000000	0.630018	-0.482621	1.742657	0.361475	0.056849	0.314421	0.145205
35.000000	0.689842	-0.445679	1.825362	0.360763	0.057256	0.305468	0.144661
30.000000	0.754362	-0.421581	1.930305	0.361144	0.056778	0.294820	0.146635
25.000000	0.835600	-0.444575	2.115774	0.364620	0.059545	0.297415	0.149108
20.000000	0.891613	-0.443814	2.227040	0.368207	0.063933	0.297290	0.149902
15.000000	0.925625	-0.429683	2.280934	0.368232	0.066834	0.293622	0.150224
10.000000	0.949628	-0.406928	2.306185	0.368988	0.067044	0.297797	0.154436
5.000000	0.962463	-0.390421	2.315347	0.368893	0.065973	0.298400	0.152592
0.000000	0.957850	-0.366439	2.282139	0.367290	0.062686	0.301244	0.153608
