0.000000	0.655207
5.000000	0.660478
10.000000	0.668520
15.000000	0.679034
20.000000	0.693768
25.000000	0.716452
30.000000	0.738938
35.000000	0.768858
40.000000	0.807236
45.000000	0.853255
50.000000	0.884913
55.000000	0.926848
60.000000	0.976675
65.000000	1.000000
70.000000	0.998680
75.000000	0.965007
80.000000	0.891529
85.000000	0.816510
90.000000	0.725941
95.000000	0.633538
100.000000	0.562778
105.000000	0.528039
110.000000	0.494730
115.000000	0.463985
120.000000	0.455858
125.000000	0.445923
130.000000	0.438832
135.000000	0.434212
140.000000	0.430721
145.000000	0.427881
150.000000	0.426632
155.000000	0.425763
160.000000	0.425016
165.000000	0.424130
170.000000	0.423772
175.000000	0.423324
180.000000	0.423250
185.000000	0.423253
190.000000	0.423038
195.000000	0.423026
200.000000	0.422918
205.000000	0.422868
210.000000	0.422865
215.000000	0.423107
220.000000	0.423613
225.000000	0.423698
230.000000	0.423565
235.000000	0.423493
240.000000	0.423132
245.000000	0.423679
250.000000	0.423519
255.000000	0.423601
