255.000000	0.000000	0.000000	0.000000	0.387201	0.142160	0.355124	0.177533
250.000000	0.033048	-0.110981	0.044886	0.397848	0.125783	0.359498	0.184046
245.000000	0.024167	0.005291	0.043043	0.391948	0.137160	0.350245	0.175145
240.000000	0.041561	0.025231	0.057891	0.389037	0.135708	0.337619	0.169375
235.000000	0.100390	0.131503	0.069276	0.398657	0.147951	0.337196	0.165191
230.000000	0.040205	-0.089037	0.169446	0.409466	0.117865	0.348328	0.180691
225.000000	0.026303	-0.168164	0.220770	0.408310	0.111888	0.356322	0.186448
220.000000	0.031227	-0.224352	0.286806	0.405032	0.107935	0.350357	0.188289
215.000000	0.093671	-0.073986	0.261328	0.397174	0.108802	0.345736	0.177959
210.000000	0.160161	0.076353	0.243969	0.398442	0.115046	0.343153	0.167278
205.000000	0.356051	0.455312	0.256791	0.407756	0.154800	0.378170	0.141765
200.000000	0.245487	0.204912	0.286062	0.396122	0.116858	0.355597	0.162864
195.000000	0.224023	0.089424	0.358622	0.385240	0.103759	0.349004	0.168042
190.000000	0.390749	0.447297	0.334202	0.393402	0.133024	0.376241	0.157440
185.000000	0.491415	0.618026	0.364804	0.400820	0.153226	0.402898	0.155963
180.000000	0.435320	0.514888	0.355752	0.395357	0.136221	0.388900	0.164725
175.000000	0.439258	0.481885	0.396631	0.391342	0.125418	0.380983	0.170077
170.000000	0.274091	-0.022544	0.570727	0.389384	0.096698	0.337641	0.183231
165.000000	0.251619	-0.122381	0.625619	0.387730	0.104261	0.334754	0.188948
160.000000	0.392050	0.247854	0.536247	0.373146	0.094756	0.367271	0.191455
155.000000	0.288841	-0.112413	0.690094	0.387649	0.105861	0.334276	0.195675
150.000000	0.324983	-0.041977	0.691943	0.383909	0.100266	0.331115	0.193181
145.000000	0.442299	0.233099	0.651500	0.366715	0.092080	0.366133	0.203255
140.000000	0.578122	0.623175	0.533069	0.382967	0.116665	0.424743	0.217654
135.000000	0.594704	0.602901	0.586507	0.373922	0.109580	0.409752	0.222966
130.000000	0.534159	0.388112	0.680205	0.368071	0.091557	0.381964	0.219554
125.000000	0.434298	0.045807	0.822789	0.381040	0.101701	0.329333	0.205022
120.000000	0.432588	-0.009343	0.874519	0.380022	0.109212	0.312357	0.196791
115.000000	0.379576	-0.161551	0.920703	0.397684	0.134201	0.303026	0.192864
110.000000	0.360704	-0.215737	0.937145	0.398277	0.141682	0.289955	0.182115
105.000000	0.470808	0.036609	0.905006	0.385581	0.109350	0.315537	0.205188
100.000000	0.448519	-0.055062	0.952099	0.384423	0.118982	0.289186	0.186484
95.000000	0.474914	0.013063	0.936764	0.389105	0.113999	0.300179	0.199027
90.000000	0.603683	0.375553	0.831813	0.367415	0.090937	0.322269	0.213661
85.000000	0.495074	0.007409	0.982739	0.392491	0.119610	0.292068	0.193964
80.000000	0.501144	-0.013235	1.015523	0.383740	0.120666	0.281109	0.187387
75.000000	0.520812	0.037215	1.004409	0.390105	0.117633	0.285695	0.194216
70.000000	0.441485	-0.161592	1.044562	0.401498	0.150397	0.254540	0.168610
65.000000	0.576527	0.142762	1.010293	0.382443	0.108579	0.294134	0.200660
60.000000	0.488147	-0.086165	1.062459	0.393952	0.139619	0.255882	0.170903
55.000000	0.555886	0.043895	1.067878	0.390986	0.125216	0.281872	0.191469
50.000000	0.655437	0.316213	0.994662	0.367908	0.095670	0.310160	0.209883
45.000000	0.602031	0.160454	1.043609	0.384485	0.109525	0.290279	0.199776
40.000000	0.620717	0.207395	1.034039	0.377708	0.104424	0.292284	0.200765
35.000000	1.114021	-0.142642	2.370683	0.379118	0.317838	0.322278	0.237551
30.000000	0.664930	0.327732	1.002128	0.371265	0.094748	0.321435	0.219166
25.000000	0.694158	0.419511	0.968804	0.367762	0.091157	0.323128	0.218629
20.000000	0.689983	0.387675	0.992291	0.371360	0.092410	0.327364	0.223011
15.000000	0.681762	0.337950	1.025574	0.372426	0.095872	0.317229	0.215421
10.000000	0.677187	0.306748	1.047625	0.374191	0.099184	0.307862	0.211329
5.000000	0.670465	0.282344	1.058587	0.378776	0.101447	0.312535	0.213636
0.000000	0.629043	0.136138	1.121947	0.382769	0.115170	0.276517	0.188389
