0.000000	0.997328
5.000000	0.994118
10.000000	0.992684
15.000000	0.992522
20.000000	0.996043
25.000000	0.996950
30.000000	0.999048
35.000000	1.000000
40.000000	0.996908
45.000000	0.988418
50.000000	0.963172
55.000000	0.935138
60.000000	0.883319
65.000000	0.802909
70.000000	0.740155
75.000000	0.635140
80.000000	0.500550
85.000000	0.355507
90.000000	0.256877
95.000000	0.204974
100.000000	0.166864
105.000000	0.141435
110.000000	0.125098
115.000000	0.113953
120.000000	0.106416
125.000000	0.102139
130.000000	0.099188
135.000000	0.098090
140.000000	0.096585
145.000000	0.095362
150.000000	0.094608
155.000000	0.094216
160.000000	0.093742
165.000000	0.093465
170.000000	0.093363
175.000000	0.093154
180.000000	0.093066
185.000000	0.092958
190.000000	0.092960
195.000000	0.092964
200.000000	0.093110
205.000000	0.093220
210.000000	0.093044
215.000000	0.093045
220.000000	0.092887
225.000000	0.092935
230.000000	0.092920
235.000000	0.092941
240.000000	0.092995
245.000000	0.092974
250.000000	0.092952
255.000000	0.093176
