0.000000	0.431438
5.000000	0.433092
10.000000	0.434080
15.000000	0.436986
20.000000	0.439511
25.000000	0.441935
30.000000	0.444068
35.000000	0.447750
40.000000	0.451240
45.000000	0.454730
50.000000	0.458789
55.000000	0.462048
60.000000	0.467083
65.000000	0.472863
70.000000	0.477621
75.000000	0.485165
80.000000	0.491561
85.000000	0.498975
90.000000	0.508232
95.000000	0.515682
100.000000	0.524374
105.000000	0.536475
110.000000	0.546526
115.000000	0.560374
120.000000	0.571564
125.000000	0.585680
130.000000	0.603231
135.000000	0.619807
140.000000	0.636426
145.000000	0.657949
150.000000	0.677592
155.000000	0.700597
160.000000	0.721884
165.000000	0.747027
170.000000	0.774085
175.000000	0.797101
180.000000	0.824880
185.000000	0.848831
190.000000	0.879534
195.000000	0.902949
200.000000	0.928508
205.000000	0.948962
210.000000	0.963917
215.000000	0.973089
220.000000	0.989215
225.000000	1.000000
230.000000	0.995773
235.000000	0.993386
240.000000	0.979922
245.000000	0.958215
250.000000	0.939111
255.000000	0.910770
