0.000000	0.884390
5.000000	0.884421
10.000000	0.883989
15.000000	0.884366
20.000000	0.883855
25.000000	0.886047
30.000000	0.886675
35.000000	0.887188
40.000000	0.887395
45.000000	0.889543
50.000000	0.888862
55.000000	0.889945
60.000000	0.891099
65.000000	0.892121
70.000000	0.893096
75.000000	0.895329
80.000000	0.896922
85.000000	0.899141
90.000000	0.901875
95.000000	0.902847
100.000000	0.906540
105.000000	0.909060
110.000000	0.912917
115.000000	0.916839
120.000000	0.920285
125.000000	0.925180
130.000000	0.928901
135.000000	0.933822
140.000000	0.941105
145.000000	0.946819
150.000000	0.954244
155.000000	0.961409
160.000000	0.966471
165.000000	0.973707
170.000000	0.980398
175.000000	0.986274
180.000000	0.993091
185.000000	0.996402
190.000000	0.999844
195.000000	0.998710
200.000000	1.000000
205.000000	0.995426
210.000000	0.985606
215.000000	0.969966
220.000000	0.948391
225.000000	0.930017
230.000000	0.904890
235.000000	0.869581
240.000000	0.829145
245.000000	0.790239
250.000000	0.744851
255.000000	0.698596
