0.000000	1.000000
5.000000	0.998616
10.000000	0.996308
15.000000	0.994290
20.000000	0.992686
25.000000	0.989769
30.000000	0.989202
35.000000	0.986695
40.000000	0.984159
45.000000	0.980481
50.000000	0.977386
55.000000	0.974248
60.000000	0.970426
65.000000	0.968052
70.000000	0.962962
75.000000	0.959446
80.000000	0.954515
85.000000	0.948774
90.000000	0.944052
95.000000	0.940059
100.000000	0.933728
105.000000	0.929429
110.000000	0.924887
115.000000	0.918750
120.000000	0.914006
125.000000	0.909927
130.000000	0.903732
135.000000	0.897834
140.000000	0.893123
145.000000	0.889628
150.000000	0.885769
155.000000	0.884004
160.000000	0.882045
165.000000	0.881852
170.000000	0.882079
175.000000	0.883969
180.000000	0.888598
185.000000	0.893392
190.000000	0.901241
195.000000	0.908968
200.000000	0.918548
205.000000	0.928593
210.000000	0.940532
215.000000	0.952579
220.000000	0.963609
225.000000	0.975885
230.000000	0.985010
235.000000	0.991588
240.000000	0.998416
245.000000	0.999027
250.000000	0.998960
255.000000	0.993834
