0.000000	0.432519
5.000000	0.434752
10.000000	0.437071
15.000000	0.438970
20.000000	0.440485
25.000000	0.443915
30.000000	0.445751
35.000000	0.449412
40.000000	0.451237
45.000000	0.456228
50.000000	0.460038
55.000000	0.463447
60.000000	0.468294
65.000000	0.475823
70.000000	0.480837
75.000000	0.487689
80.000000	0.494852
85.000000	0.502263
90.000000	0.510040
95.000000	0.519802
100.000000	0.528617
105.000000	0.540145
110.000000	0.551396
115.000000	0.562197
120.000000	0.575069
125.000000	0.591931
130.000000	0.607197
135.000000	0.623639
140.000000	0.642858
145.000000	0.663465
150.000000	0.684101
155.000000	0.703716
160.000000	0.727323
165.000000	0.753474
170.000000	0.777256
175.000000	0.804721
180.000000	0.830335
185.000000	0.860093
190.000000	0.882053
195.000000	0.909737
200.000000	0.928036
205.000000	0.952586
210.000000	0.972893
215.000000	0.981614
220.000000	0.985571
225.000000	0.996068
230.000000	1.000000
235.000000	0.989531
240.000000	0.971431
245.000000	0.960029
250.000000	0.933185
255.000000	0.908530
