255.000000	0.000000	0.000000	0.000000	0.466779	0.037819	0.431191	0.057469
250.000000	0.085522	0.185640	-0.014597	0.468347	0.037790	0.415278	0.048038
245.000000	0.183696	0.380090	-0.012697	0.466387	0.041344	0.405811	0.042589
240.000000	0.119426	0.210834	0.028017	0.470871	0.032369	0.413906	0.049808
235.000000	0.068993	-0.042297	0.180283	0.478510	0.033248	0.422772	0.059599
230.000000	0.080683	-0.091059	0.252426	0.480608	0.032201	0.422054	0.062712
225.000000	0.122394	-0.050667	0.295455	0.478374	0.029224	0.418975	0.063145
220.000000	0.129591	-0.091190	0.350372	0.477774	0.028151	0.417546	0.064841
215.000000	0.149964	-0.114479	0.414407	0.477023	0.029892	0.419156	0.069429
210.000000	0.176877	-0.120481	0.474235	0.473348	0.025441	0.416237	0.070440
205.000000	0.201376	-0.138791	0.541542	0.472107	0.024578	0.420922	0.075399
200.000000	0.219457	-0.159489	0.598403	0.473762	0.024125	0.417868	0.077857
195.000000	0.276708	-0.136678	0.690093	0.473890	0.015905	0.418923	0.082653
190.000000	0.257499	-0.152080	0.667078	0.466527	0.021604	0.419609	0.086028
185.000000	0.221841	-0.265818	0.709500	0.465635	0.031551	0.424730	0.088841
180.000000	0.276451	-0.224227	0.777129	0.465320	0.022794	0.416568	0.092589
175.000000	0.357106	-0.247515	0.961727	0.473830	0.007467	0.404809	0.098025
170.000000	0.344016	-0.335785	1.023817	0.467076	0.013770	0.417478	0.101807
165.000000	0.335568	-0.297169	0.968305	0.469424	0.017748	0.418255	0.103839
160.000000	0.371570	-0.445808	1.188948	0.472438	0.014813	0.414907	0.108352
155.000000	0.397308	-0.534230	1.328846	0.469935	0.009100	0.404628	0.110464
150.000000	0.401263	-0.561660	1.364186	0.471709	0.015502	0.413856	0.112845
145.000000	0.406391	-0.579356	1.392137	0.468533	0.011842	0.410516	0.113915
140.000000	0.403637	-0.573892	1.381166	0.474412	0.014415	0.413300	0.116718
135.000000	0.403008	-0.599418	1.405434	0.469602	0.014081	0.413120	0.116719
130.000000	0.418666	-0.666480	1.503811	0.474749	0.017904	0.416453	0.117803
125.000000	0.416177	-0.664682	1.497036	0.471169	0.017501	0.416226	0.117756
120.000000	0.442260	-0.792811	1.677332	0.471002	0.019296	0.407419	0.118682
115.000000	0.448096	-0.754111	1.650304	0.479076	0.024547	0.418793	0.120143
110.000000	0.451778	-0.787909	1.691464	0.475363	0.023822	0.410670	0.119620
105.000000	0.457957	-0.811068	1.726983	0.474092	0.024432	0.408355	0.119825
100.000000	0.463026	-0.785465	1.711517	0.477148	0.027979	0.413556	0.120447
95.000000	0.456073	-0.781273	1.693419	0.475607	0.025188	0.410199	0.119078
90.000000	0.464467	-0.797418	1.726352	0.476038	0.026743	0.412674	0.120855
85.000000	0.472051	-0.780844	1.724946	0.478909	0.029218	0.409044	0.119329
80.000000	0.479547	-0.792229	1.751324	0.475756	0.030600	0.408208	0.120431
75.000000	0.500141	-0.805251	1.805533	0.468492	0.035041	0.408670	0.121338
70.000000	0.511812	-0.817234	1.840859	0.468790	0.037930	0.407438	0.121336
65.000000	0.518877	-0.818841	1.856596	0.465270	0.039070	0.406413	0.121292
60.000000	0.527597	-0.795101	1.850295	0.465457	0.043089	0.410477	0.122217
55.000000	0.525134	-0.830519	1.880786	0.461057	0.040743	0.407974	0.123344
50.000000	0.526957	-0.794426	1.848339	0.463455	0.042714	0.409516	0.121730
45.000000	0.516216	-0.808828	1.841259	0.463525	0.039101	0.407787	0.121408
40.000000	0.551549	-0.795786	1.898884	0.460967	0.048709	0.407108	0.122034
35.000000	0.540311	-0.799378	1.880001	0.460988	0.045799	0.408125	0.122638
30.000000	0.548756	-0.819102	1.916614	0.460381	0.046975	0.410010	0.124270
25.000000	0.547832	-0.788375	1.884038	0.460347	0.047043	0.410784	0.121753
20.000000	0.548635	-0.807462	1.904732	0.455355	0.046739	0.410723	0.123895
15.000000	0.545857	-0.787836	1.879549	0.459875	0.046015	0.412018	0.122614
10.000000	0.537722	-0.784669	1.860114	0.459904	0.043459	0.409125	0.122304
5.000000	0.532996	-0.803025	1.869016	0.457840	0.041380	0.407201	0.123536
0.000000	0.521295	-0.776237	1.818826	0.463797	0.039208	0.405302	0.120528
