0.000000	0.897396
5.000000	0.900390
10.000000	0.906047
15.000000	0.909328
20.000000	0.914338
25.000000	0.917461
30.000000	0.919534
35.000000	0.922735
40.000000	0.920226
45.000000	0.913471
50.000000	0.904849
55.000000	0.884658
60.000000	0.864187
65.000000	0.836798
70.000000	0.819890
75.000000	0.801956
80.000000	0.802711
85.000000	0.818659
90.000000	0.846805
95.000000	0.883224
100.000000	0.914143
105.000000	0.937887
110.000000	0.955305
115.000000	0.962889
120.000000	0.968829
125.000000	0.974155
130.000000	0.978527
135.000000	0.982613
140.000000	0.985806
145.000000	0.987224
150.000000	0.988927
155.000000	0.990189
160.000000	0.991446
165.000000	0.992363
170.000000	0.992508
175.000000	0.993176
180.000000	0.993678
185.000000	0.994376
190.000000	0.995107
195.000000	0.996472
200.000000	0.998354
205.000000	0.999721
210.000000	0.999698
215.000000	0.999357
220.000000	0.999245
225.000000	0.998812
230.000000	0.998104
235.000000	0.997634
240.000000	0.998065
245.000000	0.999027
250.000000	1.000000
255.000000	0.999299
