0.000000	0.081437
5.000000	0.085645
10.000000	0.092612
15.000000	0.104726
20.000000	0.121360
25.000000	0.136528
30.000000	0.160799
35.000000	0.191426
40.000000	0.234905
45.000000	0.298285
50.000000	0.377743
55.000000	0.476875
60.000000	0.541754
65.000000	0.644593
70.000000	0.778428
75.000000	0.883084
80.000000	0.944228
85.000000	0.990146
90.000000	1.000000
95.000000	0.995348
100.000000	0.971299
105.000000	0.959504
110.000000	0.945113
115.000000	0.935545
120.000000	0.929312
125.000000	0.925054
130.000000	0.921923
135.000000	0.920408
140.000000	0.917915
145.000000	0.915897
150.000000	0.914353
155.000000	0.913900
160.000000	0.913702
165.000000	0.913398
170.000000	0.913028
175.000000	0.912862
180.000000	0.912868
185.000000	0.912865
190.000000	0.912474
195.000000	0.912884
200.000000	0.913591
205.000000	0.913077
210.000000	0.911882
215.000000	0.912314
220.000000	0.912029
225.000000	0.911741
230.000000	0.911567
235.000000	0.911242
240.000000	0.911051
245.000000	0.911021
250.000000	0.911373
255.000000	0.912181
