255.000000	0.000000	0.000000	0.000000	0.398285	0.096365	0.320241	0.185004
250.000000	0.018158	0.001447	-0.037763	0.399237	0.097588	0.320194	0.184311
245.000000	0.018196	-0.020244	0.056636	0.397346	0.096471	0.319731	0.186975
240.000000	0.036076	-0.046028	0.118180	0.397308	0.098639	0.317892	0.188426
235.000000	0.040110	-0.042247	0.122468	0.396027	0.098817	0.318517	0.188346
230.000000	0.040499	-0.055353	0.136352	0.395099	0.099087	0.320206	0.187422
225.000000	0.045768	-0.072595	0.164132	0.397744	0.101664	0.321639	0.186861
220.000000	0.015225	-0.017636	-0.012813	0.397081	0.099331	0.317080	0.182645
215.000000	0.014087	0.003466	-0.031639	0.398376	0.099070	0.319480	0.183799
210.000000	0.021532	0.019486	-0.062551	0.399502	0.099061	0.319756	0.183523
205.000000	0.038665	0.037742	-0.115071	0.401616	0.101847	0.321941	0.182358
200.000000	0.054045	0.045789	-0.153879	0.401990	0.104501	0.322642	0.179878
195.000000	0.081092	0.058417	-0.220601	0.404767	0.109552	0.322743	0.177922
190.000000	0.083388	0.052087	-0.218864	0.406028	0.109030	0.324342	0.178070
185.000000	0.096445	0.053619	-0.246509	0.404464	0.109702	0.324304	0.177275
180.000000	0.064660	0.030861	-0.160182	0.404144	0.103334	0.323567	0.179552
175.000000	0.025322	-0.000271	-0.050372	0.403542	0.098320	0.320849	0.182879
170.000000	0.009410	-0.031840	0.050661	0.397475	0.096667	0.318771	0.185520
165.000000	0.028102	-0.043083	0.099287	0.397297	0.097534	0.317438	0.187480
160.000000	0.038685	-0.051848	0.129218	0.396772	0.097832	0.320039	0.188188
155.000000	0.044945	-0.056627	0.146518	0.393651	0.098245	0.320183	0.188799
150.000000	0.046387	-0.058490	0.151265	0.393606	0.098367	0.321049	0.188726
145.000000	0.040326	-0.048892	0.129544	0.395669	0.097514	0.320103	0.188897
140.000000	0.030792	-0.028957	0.090540	0.395249	0.096354	0.320517	0.188282
135.000000	0.020789	-0.007896	0.049474	0.393712	0.094886	0.322949	0.187623
130.000000	0.036885	-0.029310	0.103080	0.395307	0.093911	0.324371	0.189268
125.000000	0.082431	-0.070090	0.234952	0.394988	0.097739	0.335739	0.191402
120.000000	0.147847	-0.120574	0.416267	0.387408	0.111491	0.361778	0.188578
115.000000	0.103480	-0.099082	0.306041	0.392467	0.104279	0.350225	0.191410
110.000000	0.024458	-0.023232	0.072148	0.392785	0.092157	0.333163	0.190518
105.000000	0.019373	0.038194	-0.076941	0.392414	0.091994	0.342303	0.186411
100.000000	0.033428	0.087856	-0.154712	0.396040	0.094368	0.353725	0.185299
95.000000	0.044664	0.142555	-0.231882	0.390356	0.097709	0.362399	0.184583
90.000000	0.002364	0.160509	-0.155780	0.388769	0.086154	0.369958	0.187150
85.000000	0.011539	0.239044	-0.215965	0.381218	0.082899	0.368786	0.183455
80.000000	0.039182	0.327028	-0.248665	0.378367	0.077634	0.356588	0.176408
75.000000	0.056758	0.427963	-0.314448	0.380893	0.080660	0.332239	0.163620
70.000000	0.100351	0.517752	-0.317049	0.375342	0.072272	0.299848	0.152876
65.000000	0.120497	0.601037	-0.360044	0.386680	0.080047	0.284063	0.145267
60.000000	0.142813	0.667831	-0.382205	0.393257	0.086999	0.275277	0.145806
55.000000	0.177510	0.727136	-0.372117	0.393323	0.087549	0.279333	0.150697
50.000000	0.222999	0.788647	-0.342649	0.389593	0.080569	0.284322	0.152641
45.000000	0.285457	0.867251	-0.296337	0.385220	0.064320	0.287546	0.158571
40.000000	0.341928	0.956263	-0.272407	0.384094	0.043991	0.289362	0.158562
35.000000	0.388211	1.064442	-0.288020	0.384474	0.028973	0.285442	0.156619
30.000000	0.397754	1.049013	-0.253505	0.387664	0.037304	0.287041	0.163739
25.000000	0.401456	1.031705	-0.228792	0.389048	0.046772	0.287312	0.168703
20.000000	0.406564	1.030546	-0.217419	0.390988	0.050355	0.285036	0.172151
15.000000	0.400019	1.016242	-0.216204	0.394943	0.061472	0.289055	0.179549
10.000000	0.403901	1.017975	-0.210173	0.395093	0.063641	0.282903	0.179440
5.000000	0.409824	1.023698	-0.204050	0.396572	0.063291	0.289740	0.183892
0.000000	0.416013	1.033661	-0.201635	0.395453	0.059210	0.286830	0.182365
