0.000000	0.762101
5.000000	0.768425
10.000000	0.779551
15.000000	0.794546
20.000000	0.813526
25.000000	0.836012
30.000000	0.862340
35.000000	0.892693
40.000000	0.924188
45.000000	0.956104
50.000000	0.979675
55.000000	0.995514
60.000000	1.000000
65.000000	0.964030
70.000000	0.932847
75.000000	0.856436
80.000000	0.758185
85.000000	0.651650
90.000000	0.554754
95.000000	0.483618
100.000000	0.455537
105.000000	0.423746
110.000000	0.402810
115.000000	0.390146
120.000000	0.382597
125.000000	0.377864
130.000000	0.374816
135.000000	0.372731
140.000000	0.371821
145.000000	0.370772
150.000000	0.369798
155.000000	0.369239
160.000000	0.368883
165.000000	0.368754
170.000000	0.368499
175.000000	0.368494
180.000000	0.368472
185.000000	0.368423
190.000000	0.368391
195.000000	0.368443
200.000000	0.368361
205.000000	0.368325
210.000000	0.368613
215.000000	0.368581
220.000000	0.368556
225.000000	0.368583
230.000000	0.368554
235.000000	0.368754
240.000000	0.368677
245.000000	0.368792
250.000000	0.368663
255.000000	0.368953
