0.000000	1.000000
5.000000	0.996315
10.000000	0.989886
15.000000	0.979968
20.000000	0.965387
25.000000	0.943544
30.000000	0.917114
35.000000	0.879090
40.000000	0.837484
45.000000	0.785911
50.000000	0.711640
55.000000	0.621125
60.000000	0.510549
65.000000	0.388615
70.000000	0.259558
75.000000	0.141331
80.000000	0.076277
85.000000	0.033502
90.000000	0.010302
95.000000	0.015605
100.000000	0.033882
105.000000	0.052803
110.000000	0.067641
115.000000	0.075828
120.000000	0.081461
125.000000	0.088613
130.000000	0.089841
135.000000	0.095198
140.000000	0.096210
145.000000	0.097790
150.000000	0.098701
155.000000	0.099725
160.000000	0.100041
165.000000	0.100664
170.000000	0.100731
175.000000	0.100961
180.000000	0.100982
185.000000	0.101070
190.000000	0.101017
195.000000	0.101071
200.000000	0.101152
205.000000	0.101163
210.000000	0.101124
215.000000	0.097358
220.000000	0.101071
225.000000	0.101111
230.000000	0.101237
235.000000	0.101314
240.000000	0.101297
245.000000	0.101339
250.000000	0.101217
255.000000	0.100980
