0.000000	0.597393
5.000000	0.598204
10.000000	0.597748
15.000000	0.598020
20.000000	0.598901
25.000000	0.598858
30.000000	0.599203
35.000000	0.599349
40.000000	0.600406
45.000000	0.600292
50.000000	0.601846
55.000000	0.602946
60.000000	0.604195
65.000000	0.605537
70.000000	0.607463
75.000000	0.608489
80.000000	0.610712
85.000000	0.613599
90.000000	0.615746
95.000000	0.617901
100.000000	0.622648
105.000000	0.625966
110.000000	0.630146
115.000000	0.636025
120.000000	0.643687
125.000000	0.650205
130.000000	0.659295
135.000000	0.667486
140.000000	0.679928
145.000000	0.691046
150.000000	0.704496
155.000000	0.718621
160.000000	0.732565
165.000000	0.752538
170.000000	0.770520
175.000000	0.790081
180.000000	0.812865
185.000000	0.834840
190.000000	0.859007
195.000000	0.880316
200.000000	0.904850
205.000000	0.927765
210.000000	0.948342
215.000000	0.963582
220.000000	0.983084
225.000000	0.993495
230.000000	0.997390
235.000000	1.000000
240.000000	0.992572
245.000000	0.985454
250.000000	0.966273
255.000000	0.948125
