255.000000	0.000000	0.000000	0.000000	0.310119	0.302093	0.362745	0.192378
250.000000	0.024068	0.015052	0.033084	0.309888	0.304532	0.365601	0.190734
245.000000	0.071121	0.052890	0.089352	0.308648	0.303099	0.362327	0.188198
240.000000	0.107672	0.067297	0.148047	0.316724	0.304712	0.358142	0.186023
235.000000	0.090745	0.054692	0.126798	0.315607	0.303411	0.358175	0.186142
230.000000	0.109275	0.053363	0.165186	0.321856	0.310219	0.359269	0.186867
225.000000	0.124601	0.050254	0.198948	0.331847	0.313450	0.357060	0.184974
220.000000	0.142387	0.055159	0.229614	0.333945	0.313942	0.356320	0.186404
215.000000	0.175525	0.072813	0.278238	0.337275	0.308604	0.354203	0.186220
210.000000	0.212201	0.098849	0.325552	0.335607	0.304929	0.351683	0.188736
205.000000	0.245079	0.122892	0.367266	0.336688	0.302112	0.351085	0.190871
200.000000	0.252694	0.135907	0.369480	0.334946	0.304318	0.351859	0.191344
195.000000	0.262795	0.146141	0.379449	0.335086	0.304870	0.353071	0.192783
190.000000	0.284713	0.156244	0.413183	0.334081	0.299980	0.352734	0.192987
185.000000	0.274213	0.152453	0.395973	0.334216	0.302270	0.352569	0.192647
180.000000	0.244494	0.137947	0.351041	0.334225	0.307540	0.351620	0.190755
175.000000	0.215230	0.118434	0.312025	0.333280	0.305604	0.351530	0.188435
170.000000	0.172994	0.090571	0.255417	0.329011	0.304894	0.355029	0.187880
165.000000	0.156556	0.068119	0.244993	0.328283	0.305189	0.356321	0.186208
160.000000	0.145997	0.057585	0.234408	0.328579	0.304344	0.357038	0.186530
155.000000	0.154150	0.059556	0.248743	0.330601	0.305442	0.355480	0.186209
150.000000	0.167895	0.066061	0.269729	0.334187	0.305237	0.356035	0.187760
145.000000	0.185910	0.072963	0.298857	0.335595	0.304513	0.353860	0.187630
140.000000	0.205212	0.078442	0.331982	0.333376	0.298452	0.350647	0.187231
135.000000	0.226419	0.082972	0.369865	0.331950	0.292128	0.350955	0.187619
130.000000	0.258242	0.091873	0.424610	0.329006	0.282760	0.353320	0.190597
125.000000	0.284268	0.102927	0.465609	0.324353	0.273068	0.351619	0.190743
120.000000	0.312135	0.117776	0.506495	0.326770	0.265424	0.354643	0.189547
115.000000	0.318623	0.131503	0.505742	0.323545	0.266412	0.358153	0.190022
110.000000	0.332364	0.150048	0.514680	0.322691	0.267249	0.357167	0.187409
105.000000	0.349757	0.173329	0.526186	0.319824	0.266738	0.361385	0.186570
100.000000	0.370875	0.204016	0.537733	0.317338	0.266579	0.355739	0.179521
95.000000	0.406181	0.246833	0.565528	0.314090	0.262392	0.366195	0.179025
90.000000	0.449320	0.297698	0.600943	0.305098	0.253964	0.362259	0.174184
85.000000	0.507789	0.358031	0.657546	0.298966	0.242449	0.347793	0.163462
80.000000	0.566580	0.416717	0.716442	0.294407	0.230049	0.358752	0.168670
75.000000	0.625690	0.468857	0.782522	0.293846	0.213410	0.353186	0.165725
70.000000	0.666405	0.511545	0.821265	0.290372	0.200440	0.363458	0.172145
65.000000	0.697174	0.544825	0.849523	0.291063	0.191225	0.377715	0.177685
60.000000	0.734937	0.566786	0.903088	0.293024	0.181308	0.389148	0.178988
55.000000	0.776831	0.581904	0.971759	0.291463	0.169175	0.389519	0.182476
50.000000	0.827193	0.597821	1.056566	0.292122	0.158887	0.390686	0.179964
45.000000	0.876614	0.616594	1.136635	0.291960	0.149312	0.398688	0.184492
40.000000	0.926535	0.634573	1.218496	0.288925	0.140303	0.405350	0.186277
35.000000	0.966310	0.657249	1.275371	0.290869	0.137319	0.403689	0.185639
30.000000	1.006510	0.671566	1.341455	0.294666	0.132160	0.399557	0.186441
25.000000	1.041121	0.680222	1.402020	0.295790	0.129969	0.396615	0.186622
20.000000	1.070894	0.684876	1.456912	0.298054	0.127385	0.394246	0.186196
15.000000	1.091135	0.692052	1.490218	0.299392	0.126255	0.391760	0.188399
10.000000	1.106805	0.701262	1.512348	0.299836	0.125898	0.390321	0.188601
5.000000	1.111769	0.714908	1.508630	0.301005	0.127088	0.391728	0.188850
0.000000	1.103872	0.730317	1.477426	0.300820	0.127697	0.390037	0.190361
