0.000000	0.396213
5.000000	0.396073
10.000000	0.395901
15.000000	0.396161
20.000000	0.396767
25.000000	0.397027
30.000000	0.397196
35.000000	0.397700
40.000000	0.397320
45.000000	0.398228
50.000000	0.398798
55.000000	0.399977
60.000000	0.400636
65.000000	0.401094
70.000000	0.402919
75.000000	0.404973
80.000000	0.406133
85.000000	0.408474
90.000000	0.411912
95.000000	0.414567
100.000000	0.418364
105.000000	0.423224
110.000000	0.426032
115.000000	0.433375
120.000000	0.438919
125.000000	0.445199
130.000000	0.456303
135.000000	0.464787
140.000000	0.473917
145.000000	0.489677
150.000000	0.503875
155.000000	0.518162
160.000000	0.536614
165.000000	0.559530
170.000000	0.581439
175.000000	0.605453
180.000000	0.632379
185.000000	0.662906
190.000000	0.691276
195.000000	0.724548
200.000000	0.759288
205.000000	0.794402
210.000000	0.829898
215.000000	0.860124
220.000000	0.896726
225.000000	0.925351
230.000000	0.947604
235.000000	0.972690
240.000000	0.988141
245.000000	0.995288
250.000000	1.000000
255.000000	0.998289
