0.000000	0.104217
5.000000	0.104566
10.000000	0.106985
15.000000	0.109557
20.000000	0.113468
25.000000	0.119388
30.000000	0.128040
35.000000	0.141130
40.000000	0.160423
45.000000	0.189253
50.000000	0.222818
55.000000	0.275039
60.000000	0.346736
65.000000	0.413554
70.000000	0.570746
75.000000	0.623725
80.000000	0.732810
85.000000	0.814675
90.000000	0.897493
95.000000	0.933793
100.000000	0.961706
105.000000	0.973758
110.000000	0.982615
115.000000	0.988460
120.000000	0.991876
125.000000	0.994007
130.000000	0.995152
135.000000	0.996274
140.000000	0.997333
145.000000	0.997436
150.000000	0.997882
155.000000	0.998021
160.000000	0.998225
165.000000	0.998426
170.000000	0.998261
175.000000	0.998477
180.000000	0.998829
185.000000	0.999010
190.000000	0.999264
195.000000	0.999503
200.000000	0.999515
205.000000	0.999488
210.000000	0.999768
215.000000	0.999682
220.000000	0.999601
225.000000	0.999948
230.000000	1.000000
235.000000	0.999832
240.000000	0.999941
245.000000	0.999569
250.000000	0.999744
255.000000	0.999535
