255.000000	0.000000	0.000000	0.000000	0.375520	0.110391	0.435592	0.136734
250.000000	0.015189	0.062338	-0.031960	0.395285	0.115643	0.429779	0.138940
245.000000	0.050258	0.097949	0.002566	0.402502	0.108824	0.427387	0.144388
240.000000	0.089078	0.141179	0.036976	0.409486	0.100712	0.410345	0.143692
235.000000	0.092920	0.235588	-0.049748	0.397056	0.092219	0.415568	0.152475
230.000000	0.105706	0.302449	-0.091036	0.409575	0.093876	0.404393	0.150097
225.000000	0.134386	0.388492	-0.119719	0.410385	0.090126	0.428732	0.154608
220.000000	0.178341	0.440835	-0.084153	0.413543	0.081001	0.403419	0.150130
215.000000	0.253776	0.514221	-0.006669	0.420508	0.066667	0.423413	0.150956
210.000000	0.314106	0.555406	0.072806	0.417276	0.053074	0.426751	0.148408
205.000000	0.356384	0.645752	0.067016	0.417578	0.048747	0.424201	0.149051
200.000000	0.384509	0.715197	0.053821	0.414179	0.040967	0.432553	0.149369
195.000000	0.437883	0.785773	0.089993	0.411478	0.027383	0.437631	0.149362
190.000000	0.509195	0.655489	0.362901	0.415382	0.013223	0.440738	0.153475
185.000000	0.573098	0.148353	0.997843	0.400994	0.021764	0.430502	0.149137
180.000000	0.639715	0.199057	1.080372	0.410636	0.036087	0.427847	0.152504
175.000000	0.690286	0.176356	1.204215	0.406158	0.051264	0.423471	0.151787
170.000000	0.711678	0.191384	1.231972	0.405892	0.052114	0.423444	0.150316
165.000000	0.719389	0.173770	1.265007	0.406198	0.052689	0.418100	0.148514
160.000000	0.739060	0.171852	1.306268	0.402750	0.057265	0.417098	0.146270
155.000000	0.721611	0.099559	1.343663	0.401421	0.046000	0.414044	0.143855
150.000000	0.683562	-0.120700	1.487824	0.398120	0.030296	0.412578	0.141073
145.000000	0.685546	-0.168077	1.539169	0.403386	0.022792	0.427198	0.148496
140.000000	0.675748	-0.271555	1.623051	0.402160	0.033687	0.411691	0.139164
135.000000	0.677430	-0.353427	1.708286	0.401656	0.034717	0.421947	0.141889
130.000000	0.684662	-0.377623	1.746948	0.400390	0.031525	0.420688	0.145386
125.000000	0.679135	-0.363562	1.721832	0.394140	0.043570	0.408431	0.136887
120.000000	0.671232	-0.439621	1.782085	0.398955	0.045086	0.422146	0.141428
115.000000	0.668353	-0.425993	1.762700	0.400706	0.051992	0.414305	0.136420
110.000000	0.664825	-0.470315	1.799966	0.398513	0.055823	0.420774	0.138172
105.000000	0.662069	-0.467614	1.791753	0.406900	0.059193	0.412677	0.136439
100.000000	0.671449	-0.471797	1.814696	0.406228	0.058390	0.421110	0.138285
95.000000	0.678354	-0.449213	1.805921	0.402524	0.057533	0.411447	0.138032
90.000000	0.664024	-0.504850	1.832897	0.408751	0.066368	0.423615	0.139498
85.000000	0.670447	-0.460795	1.801688	0.401163	0.071426	0.411179	0.131423
80.000000	0.681890	-0.471207	1.834988	0.403724	0.067324	0.420893	0.138657
75.000000	0.682759	-0.462248	1.827766	0.405857	0.069448	0.413951	0.136783
70.000000	0.676671	-0.461411	1.814752	0.406687	0.078351	0.410569	0.131327
65.000000	0.683640	-0.483408	1.850688	0.406637	0.073985	0.418468	0.138278
60.000000	0.660885	-0.501721	1.823492	0.411516	0.083617	0.410604	0.133628
55.000000	0.621530	-0.570079	1.813138	0.408869	0.099161	0.419839	0.131809
50.000000	0.664941	-0.493463	1.823345	0.412239	0.087141	0.409798	0.131142
45.000000	0.689699	-0.460407	1.839806	0.412157	0.079153	0.413039	0.133836
40.000000	0.659747	-0.530165	1.849658	0.410737	0.089075	0.414169	0.136155
35.000000	0.616398	-0.565386	1.798183	0.408087	0.107479	0.410121	0.125168
30.000000	0.630939	-0.568484	1.830362	0.403146	0.104155	0.420279	0.134535
25.000000	0.645922	-0.527874	1.819718	0.403479	0.098372	0.412940	0.129339
20.000000	0.657316	-0.532285	1.846918	0.410886	0.094054	0.415356	0.135285
15.000000	0.641830	-0.537071	1.820731	0.408748	0.100387	0.405691	0.129878
10.000000	0.656999	-0.514997	1.828995	0.411797	0.097810	0.410518	0.129344
5.000000	0.665522	-0.526047	1.857090	0.415544	0.097470	0.412833	0.135020
0.000000	0.660476	-0.509977	1.830929	0.410616	0.099209	0.405762	0.130781
