0.000000	0.507020
5.000000	0.498439
10.000000	0.484216
15.000000	0.460220
20.000000	0.441948
25.000000	0.411321
30.000000	0.379818
35.000000	0.334826
40.000000	0.308014
45.000000	0.274948
50.000000	0.245501
55.000000	0.233040
60.000000	0.241195
65.000000	0.282787
70.000000	0.326241
75.000000	0.412105
80.000000	0.550480
85.000000	0.675848
90.000000	0.762460
95.000000	0.849600
100.000000	0.908575
105.000000	0.934676
110.000000	0.963723
115.000000	0.974948
120.000000	0.984061
125.000000	0.989796
130.000000	0.993393
135.000000	0.995524
140.000000	0.996812
145.000000	0.997545
150.000000	0.998145
155.000000	0.998541
160.000000	0.999393
165.000000	0.999644
170.000000	0.999823
175.000000	0.999652
180.000000	0.999828
185.000000	0.999909
190.000000	1.000000
195.000000	0.999899
200.000000	0.999624
205.000000	0.999606
210.000000	0.999310
215.000000	0.999597
220.000000	0.999443
225.000000	0.999547
230.000000	0.999509
235.000000	0.999543
240.000000	0.999591
245.000000	0.999355
250.000000	0.998372
255.000000	0.998695
