0.000000	0.870609
5.000000	0.868732
10.000000	0.864708
15.000000	0.862148
20.000000	0.858374
25.000000	0.855758
30.000000	0.852939
35.000000	0.852030
40.000000	0.858416
45.000000	0.871974
50.000000	0.883761
55.000000	0.910617
60.000000	0.943829
65.000000	0.960814
70.000000	0.983429
75.000000	1.000000
80.000000	0.998088
85.000000	0.979100
90.000000	0.951232
95.000000	0.908744
100.000000	0.881126
105.000000	0.850076
110.000000	0.841188
115.000000	0.828948
120.000000	0.817839
125.000000	0.813418
130.000000	0.808704
135.000000	0.804957
140.000000	0.803035
145.000000	0.801487
150.000000	0.799815
155.000000	0.799420
160.000000	0.799076
165.000000	0.798276
170.000000	0.797786
175.000000	0.797307
180.000000	0.797172
185.000000	0.797203
190.000000	0.797313
195.000000	0.797614
200.000000	0.797104
205.000000	0.797072
210.000000	0.797405
215.000000	0.797606
220.000000	0.798243
225.000000	0.798339
230.000000	0.798344
235.000000	0.797768
240.000000	0.797095
245.000000	0.796521
250.000000	0.796513
255.000000	0.797206
