255.000000	0.000000	0.000000	0.000000	0.447043	0.141220	0.364321	0.120188
250.000000	0.004616	0.004616	0.043273	0.449408	0.143691	0.360165	0.117537
245.000000	0.007573	0.007573	0.032404	0.449374	0.143007	0.361209	0.120107
240.000000	0.010757	0.010757	0.019335	0.450179	0.142720	0.360313	0.122010
235.000000	0.013501	0.013501	0.040171	0.448966	0.143673	0.364427	0.120861
230.000000	0.011204	0.011204	0.025199	0.450798	0.140549	0.361541	0.121904
225.000000	0.010511	0.010511	-0.076420	0.452807	0.135832	0.365704	0.128651
220.000000	0.025324	0.025324	-0.222254	0.454076	0.128481	0.363415	0.136521
215.000000	0.035016	0.035016	-0.280170	0.451412	0.127502	0.358971	0.137418
210.000000	0.038936	0.038936	-0.300522	0.448057	0.126298	0.358166	0.136433
205.000000	0.027534	0.027534	-0.257597	0.452880	0.128752	0.367175	0.132967
200.000000	0.016307	0.016307	-0.186882	0.453082	0.131782	0.366476	0.124266
195.000000	0.005741	0.005741	-0.088641	0.449632	0.135529	0.365144	0.112183
190.000000	0.003337	0.003337	-0.044679	0.448251	0.139025	0.354921	0.106092
185.000000	0.000693	-0.000693	-0.045374	0.449407	0.138602	0.354397	0.102104
180.000000	0.005113	-0.005113	-0.077022	0.446204	0.137472	0.357763	0.101555
175.000000	0.007906	-0.007906	-0.098173	0.446371	0.136953	0.355760	0.100898
170.000000	0.006012	-0.006012	-0.063202	0.442273	0.137409	0.357567	0.097067
165.000000	0.000796	-0.000796	-0.013735	0.442007	0.139234	0.349947	0.091818
160.000000	0.013294	0.013294	0.062902	0.436656	0.142573	0.352429	0.087026
155.000000	0.034695	0.034695	0.147200	0.441715	0.145780	0.350546	0.084476
150.000000	0.058879	0.058879	0.232505	0.443080	0.149210	0.346045	0.082553
145.000000	0.056752	0.056752	0.233106	0.442474	0.149488	0.348206	0.082480
140.000000	0.038100	0.038100	0.185750	0.440996	0.147488	0.348278	0.081768
135.000000	0.014188	0.014188	0.122443	0.437631	0.144342	0.348904	0.082327
130.000000	0.022357	-0.022357	0.011771	0.440379	0.140673	0.351237	0.085755
125.000000	0.051753	-0.051753	-0.139159	0.443221	0.135758	0.354087	0.095492
120.000000	0.052108	-0.052108	-0.201403	0.445279	0.133322	0.362847	0.101896
115.000000	0.043922	-0.043922	-0.199012	0.443084	0.130973	0.355651	0.099174
110.000000	0.014539	-0.014539	-0.063979	0.441606	0.135430	0.355115	0.088144
105.000000	0.032483	0.032483	0.148265	0.442410	0.144521	0.351121	0.079784
100.000000	0.042634	0.042634	0.246241	0.438502	0.149810	0.349043	0.078658
95.000000	0.026005	0.026005	0.084173	0.439947	0.140426	0.350491	0.080628
90.000000	0.075943	0.075943	0.312130	0.439351	0.151458	0.352838	0.080369
85.000000	0.056482	0.056482	0.226754	0.439877	0.147805	0.351967	0.078567
80.000000	0.048362	0.048362	0.190325	0.441441	0.146355	0.351283	0.078797
75.000000	0.009248	0.009248	0.085664	0.444166	0.143619	0.351344	0.080685
70.000000	0.036663	0.036663	0.139003	0.438950	0.143268	0.353833	0.079132
65.000000	0.018094	0.018094	0.091822	0.435117	0.142828	0.353393	0.079205
60.000000	0.001743	0.001743	0.056608	0.438484	0.142828	0.353015	0.080207
55.000000	0.015550	-0.015550	-0.000393	0.441063	0.140889	0.355407	0.083003
50.000000	0.027060	-0.027060	-0.034993	0.441191	0.139581	0.349843	0.084201
45.000000	0.045018	-0.045018	-0.126184	0.440379	0.136217	0.358519	0.091928
40.000000	0.047443	-0.047443	-0.213984	0.441819	0.132657	0.360265	0.099039
35.000000	0.041350	-0.041350	-0.192041	0.441843	0.133093	0.359910	0.096675
30.000000	0.039502	-0.039502	-0.140201	0.439406	0.135356	0.354922	0.092302
25.000000	0.038487	-0.038487	-0.182803	0.442460	0.133511	0.356856	0.095879
20.000000	0.033624	-0.033624	-0.189752	0.440078	0.132640	0.361930	0.096576
15.000000	0.029627	-0.029627	-0.243916	0.441064	0.130887	0.362322	0.100955
10.000000	0.017878	-0.017878	-0.177410	0.437198	0.132563	0.360228	0.093218
5.000000	0.010193	-0.010193	-0.120515	0.442587	0.136887	0.359844	0.088283
0.000000	0.007759	-0.007759	-0.059081	0.441548	0.137653	0.358329	0.085011
