0.000000	1.000000
5.000000	0.989409
10.000000	0.967580
15.000000	0.947845
20.000000	0.929950
25.000000	0.906639
30.000000	0.885396
35.000000	0.861235
40.000000	0.836057
45.000000	0.807583
50.000000	0.784310
55.000000	0.754857
60.000000	0.722638
65.000000	0.689542
70.000000	0.660213
75.000000	0.622519
80.000000	0.594894
85.000000	0.559739
90.000000	0.522438
95.000000	0.482288
100.000000	0.448730
105.000000	0.413115
110.000000	0.379843
115.000000	0.337326
120.000000	0.304990
125.000000	0.281074
130.000000	0.244862
135.000000	0.220963
140.000000	0.201568
145.000000	0.188314
150.000000	0.178006
155.000000	0.176572
160.000000	0.177516
165.000000	0.184818
170.000000	0.194737
175.000000	0.210953
180.000000	0.225285
185.000000	0.243189
190.000000	0.257325
195.000000	0.272468
200.000000	0.278483
205.000000	0.280243
210.000000	0.276631
215.000000	0.272646
220.000000	0.267683
225.000000	0.272863
230.000000	0.283102
235.000000	0.310811
240.000000	0.358029
245.000000	0.418737
250.000000	0.498263
255.000000	0.584834
