0.000000	1.000000
5.000000	0.993822
10.000000	0.987707
15.000000	0.983347
20.000000	0.979652
25.000000	0.971420
30.000000	0.966794
35.000000	0.954146
40.000000	0.947078
45.000000	0.939295
50.000000	0.930160
55.000000	0.918476
60.000000	0.910713
65.000000	0.898399
70.000000	0.886319
75.000000	0.876511
80.000000	0.859317
85.000000	0.845734
90.000000	0.828235
95.000000	0.817102
100.000000	0.797508
105.000000	0.778129
110.000000	0.761989
115.000000	0.739529
120.000000	0.721489
125.000000	0.698296
130.000000	0.676993
135.000000	0.652917
140.000000	0.631515
145.000000	0.607112
150.000000	0.585819
155.000000	0.564578
160.000000	0.543298
165.000000	0.520832
170.000000	0.506316
175.000000	0.488953
180.000000	0.476977
185.000000	0.472534
190.000000	0.464546
195.000000	0.469102
200.000000	0.472321
205.000000	0.488860
210.000000	0.505932
215.000000	0.531518
220.000000	0.559907
225.000000	0.596817
230.000000	0.634157
235.000000	0.680424
240.000000	0.726171
245.000000	0.774676
250.000000	0.816954
255.000000	0.865844
