0.000000	1.000000
5.000000	0.998228
10.000000	0.996626
15.000000	0.992643
20.000000	0.989911
25.000000	0.987527
30.000000	0.983893
35.000000	0.979657
40.000000	0.977202
45.000000	0.975509
50.000000	0.971115
55.000000	0.967601
60.000000	0.959031
65.000000	0.954713
70.000000	0.948112
75.000000	0.943763
80.000000	0.934589
85.000000	0.929085
90.000000	0.921203
95.000000	0.911159
100.000000	0.903269
105.000000	0.889872
110.000000	0.876975
115.000000	0.867778
120.000000	0.852924
125.000000	0.838210
130.000000	0.821915
135.000000	0.801024
140.000000	0.781162
145.000000	0.761761
150.000000	0.736320
155.000000	0.718884
160.000000	0.692195
165.000000	0.662688
170.000000	0.634562
175.000000	0.603738
180.000000	0.568071
185.000000	0.540128
190.000000	0.504076
195.000000	0.471990
200.000000	0.433470
205.000000	0.402524
210.000000	0.365737
215.000000	0.335499
220.000000	0.302355
225.000000	0.276091
230.000000	0.250031
235.000000	0.226357
240.000000	0.207491
245.000000	0.190346
250.000000	0.179018
255.000000	0.164590
