255.000000	0.000000	0.000000	0.000000	0.361409	0.282180	0.363107	0.294510
250.000000	0.029085	-0.027596	-0.030574	0.366102	0.283945	0.367835	0.299662
245.000000	0.075487	-0.088498	-0.062476	0.367473	0.286775	0.373095	0.308112
240.000000	0.144835	-0.210835	-0.078835	0.380068	0.306848	0.363169	0.302628
235.000000	0.222743	-0.345980	-0.099505	0.379818	0.308110	0.372333	0.308598
230.000000	0.313919	-0.508941	-0.118897	0.375053	0.304076	0.373991	0.308420
225.000000	0.328767	-0.534651	-0.122883	0.377729	0.304456	0.375343	0.308189
220.000000	0.398513	-0.669125	-0.127900	0.373985	0.298278	0.373969	0.312633
215.000000	0.426621	-0.734587	-0.118656	0.368314	0.289135	0.376738	0.311475
210.000000	0.424686	-0.742242	-0.107131	0.365367	0.285360	0.378079	0.311694
205.000000	0.490435	-0.870632	-0.110238	0.355466	0.267232	0.378245	0.311801
200.000000	0.516026	-0.916309	-0.115743	0.353514	0.266037	0.368046	0.304326
195.000000	0.476104	-0.833297	-0.118910	0.359143	0.277100	0.376447	0.310249
190.000000	0.427947	-0.729962	-0.125933	0.369793	0.292011	0.372505	0.305820
185.000000	0.418699	-0.703188	-0.134211	0.374006	0.297914	0.372923	0.309468
180.000000	0.460276	-0.749914	-0.170639	0.370769	0.293542	0.366735	0.305230
175.000000	0.546321	-0.893156	-0.199486	0.364142	0.280747	0.355942	0.301022
170.000000	0.570016	-0.930527	-0.209505	0.363883	0.282223	0.345605	0.291252
165.000000	0.528611	-0.849149	-0.208074	0.373807	0.293991	0.355034	0.299914
160.000000	0.500246	-0.805691	-0.194802	0.371369	0.294378	0.360110	0.300102
155.000000	0.411103	-0.662639	-0.159567	0.367608	0.293611	0.374550	0.312503
150.000000	0.340653	-0.545373	-0.135934	0.365195	0.297336	0.372894	0.306787
145.000000	0.267724	-0.411067	-0.124382	0.367390	0.299363	0.382406	0.315073
140.000000	0.265595	-0.405803	-0.125388	0.373915	0.304634	0.383878	0.316599
135.000000	0.247736	-0.377961	-0.117511	0.374429	0.306444	0.385626	0.318504
130.000000	1.068588	-0.226886	-1.910289	0.362178	0.206358	0.357941	0.110053
125.000000	0.113771	-0.124363	-0.103180	0.363180	0.280591	0.365560	0.306898
120.000000	0.229831	-0.338009	-0.121653	0.369134	0.298664	0.387627	0.321295
115.000000	0.276308	-0.416960	-0.135656	0.374555	0.305984	0.381651	0.314752
110.000000	0.453039	-0.748144	-0.157933	0.366956	0.287720	0.378575	0.313043
105.000000	0.374131	-0.633923	-0.114338	0.377824	0.300927	0.373130	0.315985
100.000000	0.329764	-0.549704	-0.109823	0.374293	0.303265	0.376922	0.322303
95.000000	0.286899	-0.481157	-0.092642	0.365522	0.295503	0.377896	0.328328
90.000000	0.288443	-0.529664	-0.047222	0.360600	0.289475	0.373681	0.331339
85.000000	0.192431	-0.399657	0.014796	0.358278	0.288158	0.364955	0.328107
80.000000	0.170947	-0.409802	0.067909	0.360086	0.282855	0.353448	0.320075
75.000000	0.013856	-0.202973	0.175260	0.334896	0.272845	0.344491	0.308381
70.000000	0.197815	0.095865	0.299766	0.333033	0.265287	0.345162	0.294533
65.000000	0.342013	0.283367	0.400660	0.334619	0.261265	0.349160	0.291281
60.000000	0.403257	0.352711	0.453804	0.333320	0.253679	0.348057	0.285619
55.000000	0.485587	0.456555	0.514619	0.328574	0.242270	0.350067	0.284314
50.000000	0.505839	0.425344	0.586334	0.333723	0.247420	0.348161	0.282336
45.000000	0.507590	0.350196	0.664983	0.331939	0.243255	0.347608	0.277655
40.000000	0.469152	0.216727	0.721576	0.340723	0.243442	0.353325	0.284536
35.000000	0.036074	-1.192640	1.120491	0.339805	0.179027	0.310679	0.086768
30.000000	0.599978	0.356259	0.843696	0.335173	0.238562	0.364866	0.291296
25.000000	0.719142	0.533349	0.904934	0.340194	0.245609	0.383416	0.309842
20.000000	0.898667	0.802215	0.995119	0.350616	0.251363	0.370291	0.319640
15.000000	0.964189	0.871772	1.056607	0.361521	0.257139	0.367677	0.320787
10.000000	1.079590	1.084787	1.074393	0.350555	0.236223	0.346423	0.312068
5.000000	1.081383	1.094564	1.068203	0.346860	0.232459	0.350731	0.318950
0.000000	0.997447	0.937771	1.057123	0.352468	0.246507	0.361087	0.324118
