255.000000	0.000000	0.000000	0.000000	0.410690	0.011657	0.428776	0.048281
250.000000	0.029350	0.139535	-0.080835	0.413438	0.009430	0.427561	0.046470
245.000000	0.079841	0.362257	-0.202574	0.401575	0.010968	0.416860	0.043607
240.000000	0.098512	0.111112	0.085912	0.413306	0.005529	0.428593	0.046047
235.000000	0.132900	-0.254062	0.519862	0.400949	0.007102	0.416466	0.047749
230.000000	0.165123	-0.062104	0.392349	0.409072	0.004191	0.423922	0.047866
225.000000	0.196044	0.476231	-0.084144	0.403845	0.002112	0.416902	0.049655
220.000000	0.214539	0.577138	-0.148060	0.412252	0.005113	0.428726	0.050919
215.000000	0.231464	0.462287	0.000640	0.403232	0.002053	0.421222	0.054728
210.000000	0.241614	0.271517	0.211712	0.413676	0.001849	0.428566	0.056780
205.000000	0.245028	0.160615	0.329441	0.396217	0.002401	0.428376	0.058324
200.000000	0.250271	0.308596	0.191946	0.405393	0.002786	0.435621	0.059580
195.000000	0.243982	0.279293	0.208672	0.408155	0.000780	0.418009	0.062236
190.000000	0.244537	-0.056766	0.545839	0.407635	0.005437	0.428548	0.061983
185.000000	0.229150	-0.242103	0.700404	0.405301	0.010304	0.423513	0.064851
180.000000	0.231749	-0.211571	0.675069	0.402785	0.015559	0.422392	0.062622
175.000000	0.213803	-0.317067	0.744674	0.420405	0.020566	0.420286	0.065644
170.000000	0.219064	-0.281178	0.719306	0.408657	0.025807	0.419178	0.063288
165.000000	0.209258	-0.346362	0.764877	0.414583	0.022085	0.413796	0.063523
160.000000	0.225224	-0.281978	0.732426	0.405655	0.020573	0.421969	0.061071
155.000000	0.220047	-0.318624	0.758718	0.413795	0.016843	0.424023	0.059350
150.000000	0.233688	-0.309627	0.777003	0.407963	0.015168	0.425305	0.057815
145.000000	0.236342	-0.323368	0.796052	0.408462	0.010791	0.428721	0.056359
140.000000	0.239449	-0.678380	1.157278	0.413302	0.005629	0.426113	0.055358
135.000000	0.274214	-1.158495	1.706923	0.403795	0.005189	0.432076	0.051101
130.000000	0.267280	-1.033556	1.568115	0.410247	0.010200	0.432857	0.052152
125.000000	0.287952	-1.031880	1.607785	0.401737	0.008488	0.432358	0.050527
120.000000	0.279496	-0.862371	1.421363	0.406970	0.009225	0.433589	0.051923
115.000000	0.287435	-0.582777	1.157646	0.406985	0.009914	0.421925	0.052265
110.000000	0.290042	-0.491444	1.071529	0.415176	0.014239	0.426322	0.052154
105.000000	0.287472	-0.441305	1.016250	0.409940	0.021580	0.422715	0.054036
100.000000	0.304163	-0.372761	0.981087	0.403366	0.024316	0.425720	0.053627
95.000000	0.304125	-0.426361	1.034611	0.411482	0.026016	0.430899	0.053103
90.000000	0.319605	-0.379475	1.018685	0.400807	0.027029	0.430194	0.053600
85.000000	0.318127	-0.384003	1.020258	0.415784	0.032495	0.434664	0.053129
80.000000	0.322899	-0.402231	1.048029	0.413738	0.034477	0.421959	0.053951
75.000000	0.341242	-0.354305	1.036789	0.409509	0.034737	0.424361	0.052958
70.000000	0.338389	-0.364274	1.041053	0.423014	0.041483	0.424814	0.053036
65.000000	0.349449	-0.365992	1.064890	0.414856	0.040933	0.426797	0.054384
60.000000	0.363832	-0.372103	1.099767	0.415367	0.036964	0.423605	0.052674
55.000000	0.377217	-0.392380	1.146814	0.402442	0.032734	0.429956	0.053981
50.000000	0.391871	-0.405302	1.189043	0.418769	0.029977	0.429372	0.052104
45.000000	0.400148	-0.468328	1.268623	0.404160	0.028176	0.427963	0.053681
40.000000	0.422120	-0.461209	1.305450	0.408759	0.024599	0.432244	0.053021
35.000000	0.414830	-0.491607	1.321266	0.408186	0.028675	0.431462	0.053255
30.000000	0.424690	-0.467249	1.316629	0.400504	0.029023	0.432781	0.054057
25.000000	0.440335	-0.502718	1.383389	0.412200	0.028981	0.428969	0.053098
20.000000	0.444302	-0.521323	1.409926	0.418003	0.029513	0.421035	0.053754
15.000000	0.454675	-0.432405	1.341755	0.403252	0.028824	0.429734	0.053906
10.000000	0.441478	-0.449436	1.332393	0.406696	0.034643	0.427088	0.053962
5.000000	0.437250	-0.407724	1.282224	0.405723	0.036541	0.425353	0.054972
0.000000	0.448688	-0.394341	1.291717	0.406201	0.035733	0.426061	0.053990
