0.000000	1.000000
5.000000	0.999921
10.000000	0.993532
15.000000	0.988779
20.000000	0.985843
25.000000	0.979387
30.000000	0.976651
35.000000	0.969296
40.000000	0.965600
45.000000	0.955048
50.000000	0.947765
55.000000	0.943865
60.000000	0.932277
65.000000	0.922195
70.000000	0.913252
75.000000	0.899424
80.000000	0.894824
85.000000	0.878538
90.000000	0.858954
95.000000	0.842309
100.000000	0.833941
105.000000	0.804517
110.000000	0.797668
115.000000	0.764429
120.000000	0.746697
125.000000	0.728371
130.000000	0.686458
135.000000	0.665200
140.000000	0.642924
145.000000	0.603409
150.000000	0.572869
155.000000	0.525649
160.000000	0.497648
165.000000	0.461129
170.000000	0.420340
175.000000	0.380912
180.000000	0.332942
185.000000	0.304901
190.000000	0.264300
195.000000	0.228495
200.000000	0.202412
205.000000	0.185948
210.000000	0.161808
215.000000	0.156333
220.000000	0.143917
225.000000	0.159207
230.000000	0.165967
235.000000	0.199705
240.000000	0.226787
245.000000	0.275169
250.000000	0.319706
255.000000	0.379298
