255.000000	0.000000	0.000000	0.000000	0.291210	0.119321	0.405959	0.113040
250.000000	0.007416	-0.007416	-0.067902	0.293346	0.126477	0.400504	0.112407
245.000000	0.013324	-0.013324	-0.104735	0.294130	0.130600	0.396477	0.111659
240.000000	0.015211	-0.015211	-0.112897	0.292308	0.130925	0.395968	0.111029
235.000000	0.015962	-0.015962	-0.114948	0.292066	0.130312	0.392797	0.111368
230.000000	0.014732	-0.014732	-0.112568	0.290920	0.130375	0.399671	0.112788
225.000000	0.012375	-0.012375	-0.106294	0.294230	0.129056	0.394108	0.111417
220.000000	0.002298	-0.002298	-0.056184	0.292785	0.124904	0.402096	0.113330
215.000000	0.006442	0.006442	-0.004568	0.293452	0.120242	0.404167	0.112616
210.000000	0.014967	0.014967	0.073838	0.291375	0.113319	0.414888	0.114955
205.000000	0.016988	0.016988	0.107695	0.295030	0.111591	0.418730	0.116040
200.000000	0.017455	0.017455	0.135059	0.295579	0.109968	0.423255	0.117324
195.000000	0.019364	0.019364	0.121571	0.293527	0.110974	0.418149	0.115979
190.000000	0.021166	0.021166	0.123820	0.294984	0.110778	0.421642	0.116702
185.000000	0.020169	0.020169	0.095849	0.295540	0.113813	0.419891	0.115740
180.000000	0.018560	0.018560	0.075871	0.295962	0.114710	0.421055	0.117155
175.000000	0.016193	0.016193	0.042090	0.293855	0.117965	0.409790	0.113781
170.000000	0.019317	0.019317	0.052986	0.295803	0.117433	0.415988	0.115581
165.000000	0.017430	0.017430	0.049553	0.293576	0.117400	0.412346	0.114606
160.000000	0.017050	0.017050	0.053796	0.295015	0.115956	0.415923	0.114746
155.000000	0.017342	0.017342	0.060746	0.293871	0.114877	0.412340	0.114627
150.000000	0.020127	0.020127	0.067615	0.293303	0.114845	0.413501	0.114741
145.000000	0.024545	0.024545	0.071533	0.293158	0.113709	0.413627	0.114648
140.000000	0.027713	0.027713	0.084522	0.290933	0.113587	0.421903	0.116239
135.000000	0.028944	0.028944	0.096540	0.295863	0.113932	0.421434	0.116398
130.000000	0.030269	0.030269	0.115102	0.295542	0.111497	0.421807	0.116721
125.000000	0.031203	0.031203	0.150139	0.300061	0.109533	0.422416	0.116540
120.000000	0.034424	0.034424	0.182953	0.298978	0.107163	0.414161	0.114539
115.000000	0.040623	0.040623	0.226957	0.305062	0.106669	0.416777	0.114830
110.000000	0.041370	0.041370	0.314866	0.304033	0.101442	0.414604	0.114363
105.000000	0.043243	0.043243	0.357786	0.302235	0.098883	0.408228	0.114920
100.000000	0.059460	0.059460	0.387252	0.301844	0.097075	0.411019	0.116044
95.000000	0.091548	0.091548	0.446715	0.300289	0.093005	0.402816	0.115446
90.000000	0.123028	0.123028	0.529360	0.304054	0.089676	0.396910	0.114194
85.000000	0.160934	0.160934	0.603511	0.303793	0.084377	0.395483	0.114366
80.000000	0.210311	0.210311	0.623387	0.300587	0.079600	0.389910	0.113608
75.000000	0.265429	0.265429	0.614800	0.297587	0.072732	0.398289	0.115242
70.000000	0.335015	0.335015	0.572993	0.295208	0.069744	0.391259	0.114470
65.000000	0.394788	0.394788	0.522612	0.290652	0.068971	0.398806	0.116622
60.000000	0.439027	0.439027	0.481328	0.291059	0.068709	0.393260	0.117613
55.000000	0.469261	0.469261	0.430309	0.291286	0.071614	0.387514	0.119210
50.000000	0.479607	0.479607	0.386066	0.291481	0.074048	0.390463	0.119106
45.000000	0.481347	0.481347	0.351776	0.295495	0.076902	0.385125	0.120609
40.000000	0.470397	0.470397	0.387522	0.292898	0.073103	0.381332	0.122336
35.000000	0.461366	0.461366	0.519513	0.291728	0.063877	0.387132	0.132045
30.000000	0.397981	0.397981	0.750887	0.292676	0.056102	0.387793	0.138297
25.000000	0.339649	0.339649	0.915574	0.295500	0.057601	0.404730	0.143372
20.000000	0.325978	0.325978	0.974752	0.297342	0.058672	0.404173	0.144048
15.000000	0.335726	0.335726	0.963109	0.295804	0.057602	0.406220	0.144582
10.000000	0.355236	0.355236	0.925426	0.295906	0.056456	0.400223	0.143927
5.000000	0.364169	0.364169	0.906162	0.295913	0.056220	0.401045	0.144589
0.000000	0.385615	0.385615	0.854573	0.295463	0.054761	0.399839	0.142708
