255.000000	0.000000	0.000000	0.000000	0.327090	0.384184	0.364055	0.337125
250.000000	0.038599	0.038599	0.040156	0.329631	0.383035	0.352238	0.323394
245.000000	0.077153	0.077153	0.090167	0.329673	0.387247	0.357564	0.327686
240.000000	0.128431	0.128431	0.153706	0.329904	0.392533	0.355835	0.326216
235.000000	0.174604	0.174604	0.140827	0.334776	0.385461	0.364261	0.331104
230.000000	0.214854	0.214854	0.152446	0.334552	0.377931	0.361891	0.326923
225.000000	0.260225	0.260225	0.237238	0.329958	0.382201	0.348378	0.311049
220.000000	0.319565	0.319565	0.330571	0.328347	0.385325	0.344343	0.303233
215.000000	0.343928	0.343928	0.246049	0.319758	0.350120	0.327330	0.288762
210.000000	0.421543	0.421543	0.344435	0.314654	0.351132	0.336775	0.294754
205.000000	0.491111	0.491111	0.474122	0.311781	0.357049	0.345193	0.301674
200.000000	0.546157	0.546157	0.531458	0.300424	0.346666	0.328352	0.292121
195.000000	0.587996	0.587996	0.500027	0.299931	0.331034	0.326991	0.291483
190.000000	0.618080	0.618080	0.457462	0.299903	0.313917	0.335789	0.293372
185.000000	0.660277	0.660277	0.535548	0.297545	0.318938	0.315843	0.288013
180.000000	0.697661	0.697661	0.549913	0.301233	0.317920	0.309255	0.284798
175.000000	0.743087	0.743087	0.683744	0.300711	0.337210	0.327072	0.298723
170.000000	0.776942	0.776942	0.759491	0.302431	0.344110	0.325117	0.295034
165.000000	0.825704	0.825704	0.890186	0.298127	0.352721	0.339552	0.308818
160.000000	0.850044	0.850044	0.961718	0.298278	0.353413	0.347037	0.314883
155.000000	0.836831	0.836831	0.820396	0.296566	0.337910	0.343090	0.312708
150.000000	0.859620	0.859620	0.860035	0.296535	0.338884	0.345677	0.314321
145.000000	0.893465	0.893465	1.005286	0.288125	0.346272	0.354558	0.322517
140.000000	0.927812	0.927812	1.107974	0.300512	0.360796	0.344897	0.314309
135.000000	0.950188	0.950188	1.119392	0.303594	0.369207	0.337969	0.310421
130.000000	0.934170	0.934170	1.004337	0.291451	0.347555	0.360545	0.326941
125.000000	0.948273	0.948273	1.058560	0.296330	0.357244	0.352567	0.322234
120.000000	0.963376	0.963376	1.064137	0.297059	0.358479	0.368259	0.336638
115.000000	1.008952	1.008952	1.227555	0.312896	0.376629	0.361961	0.331413
110.000000	1.050078	1.050078	1.317131	0.306355	0.367554	0.356968	0.328742
105.000000	1.050455	1.050455	1.288345	0.312142	0.376676	0.354431	0.327336
100.000000	0.997393	0.997393	1.056971	0.295153	0.349143	0.363399	0.331656
95.000000	1.019479	1.019479	1.090003	0.291496	0.348206	0.371471	0.339117
90.000000	1.063792	1.063792	1.208288	0.292268	0.351993	0.356052	0.324484
85.000000	1.069394	1.069394	1.287123	0.303928	0.367511	0.354879	0.328052
80.000000	1.078771	1.078771	1.320946	0.301504	0.362413	0.344252	0.318583
75.000000	1.082825	1.082825	1.274115	0.297390	0.360777	0.352740	0.325491
70.000000	1.101405	1.101405	1.281606	0.291750	0.351442	0.343668	0.317488
65.000000	1.152089	1.152089	1.493712	0.307006	0.352240	0.335773	0.312620
60.000000	1.166456	1.166456	1.556997	0.316423	0.351210	0.336895	0.314615
55.000000	1.183376	1.183376	1.631051	0.319145	0.340606	0.333756	0.310589
50.000000	1.168067	1.168067	1.492940	0.302324	0.349256	0.340895	0.314748
45.000000	1.192306	1.192306	1.593658	0.315272	0.346998	0.334576	0.311738
40.000000	1.192289	1.192289	1.524372	0.302151	0.347441	0.342782	0.318141
35.000000	1.198014	1.198014	1.503070	0.303772	0.354337	0.337004	0.313652
30.000000	1.209952	1.209952	1.565845	0.310398	0.351317	0.335957	0.313613
25.000000	1.210341	1.210341	1.597241	0.310611	0.344033	0.337594	0.314698
20.000000	1.228792	1.228792	1.704197	0.316889	0.333322	0.336528	0.313842
15.000000	1.228267	1.228267	1.666681	0.319828	0.342311	0.329363	0.306934
10.000000	1.234524	1.234524	1.632566	0.320134	0.352135	0.331445	0.308489
5.000000	1.245844	1.245844	1.675977	0.313300	0.338696	0.336559	0.314674
0.000000	1.009027	1.009027	3.140393	0.263737	0.145734	0.327651	0.099182
