255.000000	0.000000	0.000000	0.000000	0.409144	0.184066	0.400291	0.183855
250.000000	0.008374	-0.008704	0.025451	0.401551	0.189361	0.420923	0.183433
245.000000	0.077050	0.069066	0.085035	0.401503	0.190568	0.404195	0.175418
240.000000	0.146725	0.141951	0.151499	0.393149	0.185933	0.397444	0.159843
235.000000	0.189465	0.188160	0.190770	0.390811	0.196498	0.401501	0.160846
230.000000	0.201382	0.187908	0.214857	0.401433	0.199266	0.398003	0.151778
225.000000	0.300850	0.317720	0.283981	0.382080	0.191992	0.403615	0.150449
220.000000	0.394278	0.427873	0.360683	0.392246	0.185381	0.392157	0.143148
215.000000	0.460653	0.512554	0.408752	0.401204	0.181052	0.387818	0.140385
210.000000	0.560885	0.637652	0.484118	0.391225	0.179150	0.403238	0.144758
205.000000	0.622277	0.721697	0.522856	0.405184	0.174678	0.410258	0.147462
200.000000	0.672472	0.778372	0.566571	0.378421	0.176213	0.385537	0.136759
195.000000	0.761378	1.680265	-0.157509	0.390058	0.071430	0.397180	0.057374
190.000000	0.127594	0.996150	-1.251339	0.346361	0.136158	0.368034	0.171848
185.000000	0.281409	1.510071	-0.947253	0.380099	0.122747	0.397884	0.096077
180.000000	0.900542	3.104235	-1.303151	0.374359	0.159471	0.373607	0.143209
175.000000	0.912591	3.114187	-1.289004	0.368369	0.161910	0.373122	0.142987
170.000000	0.906544	3.089616	-1.276528	0.359360	0.165209	0.344180	0.126515
165.000000	0.910902	3.099942	-1.278137	0.363979	0.172121	0.371210	0.141116
160.000000	0.925769	3.109765	-1.258226	0.368798	0.175877	0.359135	0.131768
155.000000	0.930999	3.116880	-1.254881	0.364232	0.178554	0.359259	0.134836
150.000000	0.934744	3.119549	-1.250061	0.359040	0.178460	0.363270	0.136442
145.000000	0.952457	3.130113	-1.225200	0.360987	0.177208	0.348890	0.126082
140.000000	0.956342	3.152339	-1.239656	0.363611	0.181848	0.368794	0.140997
135.000000	0.948145	3.119985	-1.223695	0.375935	0.185035	0.343614	0.124193
130.000000	0.942375	3.118208	-1.233459	0.372308	0.189402	0.353320	0.129979
125.000000	0.971702	3.151276	-1.207873	0.377416	0.187202	0.347587	0.127434
120.000000	0.990423	3.179296	-1.198449	0.368324	0.185473	0.353231	0.131089
115.000000	0.983835	3.176535	-1.208866	0.365337	0.188557	0.364574	0.139765
110.000000	0.968658	3.135567	-1.198252	0.385156	0.190362	0.343587	0.124512
105.000000	0.984554	3.171522	-1.202413	0.376944	0.191536	0.364296	0.138595
100.000000	0.999496	3.177741	-1.178749	0.386267	0.187093	0.348077	0.128560
95.000000	1.007691	3.197945	-1.182564	0.382423	0.191396	0.362196	0.137308
90.000000	1.053563	3.251371	-1.144245	0.378933	0.183688	0.351280	0.133964
85.000000	1.113269	3.356624	-1.130085	0.379094	0.181857	0.371742	0.149189
80.000000	1.144160	3.395405	-1.107084	0.377180	0.171622	0.364708	0.145040
75.000000	1.215743	3.521098	-1.089612	0.389162	0.170987	0.378911	0.155803
70.000000	1.210406	3.507132	-1.086321	0.392526	0.172550	0.379865	0.158885
65.000000	1.181279	3.445896	-1.083339	0.381501	0.173859	0.371673	0.150778
60.000000	1.233982	3.539438	-1.071474	0.393124	0.175946	0.372482	0.156522
55.000000	1.231845	3.527466	-1.063777	0.381961	0.167555	0.376066	0.153995
50.000000	1.261251	3.578737	-1.056234	0.396078	0.172736	0.373631	0.157205
45.000000	1.238306	3.529608	-1.052996	0.390522	0.172706	0.381996	0.158737
40.000000	1.196873	3.457746	-1.064000	0.380854	0.174380	0.372207	0.150863
35.000000	1.185994	3.441814	-1.069825	0.383082	0.179852	0.376253	0.154340
30.000000	1.193628	3.452856	-1.065599	0.383697	0.177810	0.379339	0.156875
25.000000	1.204733	3.476258	-1.066792	0.388037	0.176036	0.383865	0.159604
20.000000	1.249300	3.538634	-1.040035	0.393420	0.170548	0.378794	0.158794
15.000000	1.290489	3.607579	-1.026601	0.395667	0.171016	0.379203	0.157978
10.000000	1.324034	3.659214	-1.011145	0.402823	0.172145	0.379281	0.156868
5.000000	1.294593	3.607810	-1.018624	0.385264	0.165985	0.379960	0.157393
0.000000	1.251211	3.537548	-1.035126	0.393434	0.177053	0.379614	0.161697
