0.000000	0.508190
5.000000	0.498916
10.000000	0.491249
15.000000	0.478598
20.000000	0.460066
25.000000	0.439113
30.000000	0.425698
35.000000	0.410375
40.000000	0.398594
45.000000	0.396620
50.000000	0.410041
55.000000	0.443505
60.000000	0.497537
65.000000	0.598736
70.000000	0.607968
75.000000	0.671608
80.000000	0.735776
85.000000	0.776892
90.000000	0.793904
95.000000	1.000000
100.000000	0.788699
105.000000	0.782961
110.000000	0.782917
115.000000	0.780898
120.000000	0.779724
125.000000	0.781609
130.000000	0.784692
135.000000	0.788449
140.000000	0.793505
145.000000	0.797136
150.000000	0.801731
155.000000	0.810011
160.000000	0.820338
165.000000	0.807632
170.000000	0.801807
175.000000	0.800567
180.000000	0.801131
185.000000	0.802776
190.000000	0.802017
195.000000	0.801488
200.000000	0.804765
205.000000	0.801917
210.000000	0.798331
215.000000	0.797442
220.000000	0.799278
225.000000	0.802157
230.000000	0.809147
235.000000	0.808340
240.000000	0.811824
245.000000	0.821517
250.000000	0.831000
255.000000	0.841202
