255.000000	0.000000	0.000000	0.000000	0.385173	0.285483	0.378709	0.359490
250.000000	0.074208	0.026038	0.122378	0.397624	0.300400	0.375356	0.360395
245.000000	0.090397	0.070668	0.110126	0.393837	0.295302	0.373867	0.361155
240.000000	0.143479	0.112064	0.174894	0.390721	0.296545	0.370776	0.360635
235.000000	0.256937	0.146685	0.367188	0.398080	0.311826	0.380084	0.371674
230.000000	0.370736	0.183023	0.558448	0.397249	0.326197	0.371722	0.363777
225.000000	0.458852	0.234249	0.683455	0.384488	0.324421	0.356639	0.342730
220.000000	0.528666	0.281710	0.775621	0.380148	0.325989	0.358173	0.340095
215.000000	0.557634	0.326380	0.788889	0.379560	0.322527	0.356127	0.337631
210.000000	0.638168	0.385724	0.890612	0.384626	0.331385	0.373046	0.347679
205.000000	0.731766	0.439150	1.024382	0.380723	0.334701	0.373130	0.348401
200.000000	0.827573	0.494861	1.160286	0.375153	0.337755	0.354393	0.329094
195.000000	0.910656	0.539798	1.281514	0.374960	0.336444	0.350123	0.324678
190.000000	0.954562	0.578630	1.330493	0.373084	0.335081	0.354336	0.331016
185.000000	0.999914	0.624966	1.374863	0.368468	0.330378	0.358539	0.335789
180.000000	1.044278	0.659366	1.429189	0.374449	0.336374	0.357008	0.335104
175.000000	1.094475	0.699363	1.489587	0.369356	0.330252	0.371254	0.348676
170.000000	1.152466	0.737353	1.567578	0.375587	0.335333	0.371800	0.347294
165.000000	1.231661	0.779300	1.684022	0.371390	0.327438	0.357723	0.335248
160.000000	1.320170	0.816710	1.823629	0.377039	0.330327	0.355162	0.330694
155.000000	1.397919	0.851541	1.944297	0.366853	0.314359	0.344907	0.322741
150.000000	1.421792	0.872232	1.971351	0.373533	0.317648	0.362133	0.338938
145.000000	1.477740	0.905126	2.050353	0.369435	0.308771	0.361966	0.338408
140.000000	1.518838	0.929208	2.108469	0.376048	0.309812	0.375023	0.349676
135.000000	1.550238	0.955487	2.144989	0.371375	0.305870	0.368360	0.344224
130.000000	1.558061	0.974940	2.141182	0.376146	0.311151	0.363447	0.339563
125.000000	1.527132	0.989702	2.064563	0.373268	0.315382	0.365517	0.341649
120.000000	1.513576	1.009033	2.018119	0.373220	0.320959	0.363849	0.343031
115.000000	1.526627	1.030899	2.022355	0.372036	0.319253	0.361214	0.339717
110.000000	1.552849	1.044964	2.060735	0.378484	0.325171	0.355016	0.333645
105.000000	1.579913	1.062082	2.097744	0.377746	0.321537	0.352761	0.329660
100.000000	1.606184	1.072608	2.139760	0.377770	0.322045	0.350552	0.327208
95.000000	1.590510	1.081089	2.099931	0.374767	0.321127	0.354205	0.329758
90.000000	1.588229	1.095733	2.080724	0.377242	0.323286	0.352169	0.328464
85.000000	1.645867	1.120925	2.170809	0.377289	0.321976	0.346375	0.323564
80.000000	1.798424	1.148475	2.448373	0.385844	0.305660	0.351456	0.327724
75.000000	1.708719	1.152155	2.265283	0.373435	0.312019	0.343086	0.319807
70.000000	1.721822	1.169250	2.274394	0.378195	0.315038	0.354690	0.329679
65.000000	2.205036	1.813428	2.596645	0.375272	0.144789	0.324384	0.236175
60.000000	1.759885	1.191809	2.327961	0.374301	0.306791	0.356592	0.332601
55.000000	1.696375	1.185112	2.207639	0.371552	0.314364	0.350948	0.325469
50.000000	1.656866	1.186532	2.127201	0.373170	0.319623	0.350297	0.323880
45.000000	1.698339	1.201288	2.195391	0.370661	0.316104	0.350566	0.325345
40.000000	1.303051	-0.154565	2.760668	0.375126	0.183158	0.339831	0.098469
35.000000	1.760539	1.220871	2.300207	0.373737	0.312174	0.361030	0.331218
30.000000	1.798600	1.235530	2.361670	0.374390	0.307626	0.362327	0.335206
25.000000	1.788929	1.240828	2.337029	0.374592	0.310076	0.361286	0.331164
20.000000	1.823699	1.250845	2.396554	0.373989	0.306054	0.366907	0.338208
15.000000	1.887124	1.262148	2.512099	0.390312	0.312948	0.360070	0.330924
10.000000	1.914663	1.276908	2.552419	0.387992	0.307179	0.373944	0.343799
5.000000	1.911762	1.272742	2.550782	0.391801	0.309453	0.372419	0.340997
0.000000	1.840707	1.267668	2.413746	0.392097	0.319594	0.357853	0.325389
