0.000000	0.731080
5.000000	0.720985
10.000000	0.688888
15.000000	0.663082
20.000000	0.617895
25.000000	0.568961
30.000000	0.491016
35.000000	0.432670
40.000000	0.361936
45.000000	0.275710
50.000000	0.205894
55.000000	0.127448
60.000000	0.097136
65.000000	0.088613
70.000000	0.121741
75.000000	0.222055
80.000000	0.329892
85.000000	0.457842
90.000000	0.620210
95.000000	0.740528
100.000000	0.813456
105.000000	0.875715
110.000000	0.912044
115.000000	0.946053
120.000000	0.957522
125.000000	0.968408
130.000000	0.977857
135.000000	0.985110
140.000000	0.988382
145.000000	0.992354
150.000000	0.994078
155.000000	0.995131
160.000000	0.995705
165.000000	0.996592
170.000000	0.997437
175.000000	0.998428
180.000000	0.998720
185.000000	0.998496
190.000000	0.998029
195.000000	0.998463
200.000000	0.999355
205.000000	0.999493
210.000000	1.000000
215.000000	0.999446
220.000000	0.999049
225.000000	0.998644
230.000000	0.999867
235.000000	0.999763
240.000000	0.999327
245.000000	0.999287
250.000000	0.998384
255.000000	0.997462
