255.000000	0.000000	0.000000	0.000000	0.309886	0.150812	0.406987	0.191499
250.000000	0.068495	0.006215	0.130775	0.317959	0.134016	0.389252	0.188376
245.000000	0.100542	0.001065	0.200018	0.320721	0.126382	0.381030	0.190454
240.000000	0.085190	0.014585	0.155795	0.316780	0.131125	0.388901	0.192614
235.000000	0.072988	0.024043	0.121933	0.312295	0.137644	0.384135	0.189039
230.000000	0.070304	0.019718	0.120890	0.313895	0.137254	0.382715	0.187152
225.000000	0.060733	0.009207	0.112259	0.310255	0.137641	0.383525	0.185626
220.000000	0.075012	-0.009699	0.159722	0.317987	0.130419	0.384730	0.188247
215.000000	0.106237	-0.032750	0.245225	0.317751	0.120805	0.382276	0.190461
210.000000	0.128444	-0.044946	0.301835	0.320177	0.117884	0.379338	0.190409
205.000000	0.163108	-0.065480	0.391697	0.321112	0.114310	0.376776	0.195238
200.000000	0.191778	-0.072148	0.455704	0.324995	0.114527	0.375249	0.199444
195.000000	0.210965	-0.078763	0.500693	0.328034	0.114736	0.381067	0.201138
190.000000	0.201539	-0.065965	0.469042	0.327822	0.114406	0.380329	0.201211
185.000000	0.185450	-0.056210	0.427110	0.323305	0.114647	0.373310	0.199558
180.000000	0.173484	-0.056173	0.403141	0.324900	0.114032	0.373816	0.197483
175.000000	0.181074	-0.067549	0.429697	0.323881	0.113862	0.374143	0.196685
170.000000	0.194021	-0.074427	0.462469	0.325913	0.114779	0.373036	0.199783
165.000000	0.192070	-0.060537	0.444676	0.324179	0.114400	0.374881	0.198973
160.000000	0.189604	-0.048795	0.428004	0.321385	0.114627	0.374270	0.197941
155.000000	0.177642	-0.031099	0.386384	0.321719	0.115576	0.372354	0.197441
150.000000	0.178381	-0.033767	0.390530	0.322960	0.116031	0.372793	0.198625
145.000000	0.180443	-0.038656	0.399543	0.323603	0.115054	0.376631	0.200849
140.000000	0.184800	-0.052709	0.422309	0.325992	0.115222	0.373443	0.198821
135.000000	0.191185	-0.065445	0.447814	0.326810	0.115591	0.370969	0.197788
130.000000	0.195978	-0.063981	0.455936	0.325759	0.116504	0.372921	0.198968
125.000000	0.187055	-0.041216	0.415325	0.320859	0.115760	0.371976	0.197841
120.000000	0.157292	-0.000624	0.315209	0.316344	0.119524	0.376114	0.193544
115.000000	0.136587	0.029428	0.243746	0.313102	0.125730	0.371716	0.191116
110.000000	0.153489	0.042600	0.264377	0.310620	0.123396	0.372058	0.194339
105.000000	0.197638	0.053221	0.342054	0.308002	0.116768	0.369313	0.197800
100.000000	0.283012	0.046927	0.519096	0.306816	0.109157	0.382558	0.199415
95.000000	0.341871	0.081758	0.601984	0.297373	0.102191	0.376125	0.190336
90.000000	0.415432	0.132737	0.698127	0.294396	0.094939	0.365924	0.178425
85.000000	0.486457	0.192740	0.780174	0.286985	0.083817	0.355172	0.167393
80.000000	0.549245	0.298044	0.800447	0.281217	0.071001	0.348765	0.159975
75.000000	0.609351	0.411467	0.807235	0.282329	0.058330	0.350654	0.155697
70.000000	0.701314	0.456451	0.946176	0.289649	0.046728	0.352352	0.152077
65.000000	0.835977	0.392045	1.279908	0.284924	0.044454	0.349369	0.146539
60.000000	0.913261	0.422312	1.404211	0.291574	0.042244	0.351341	0.143808
55.000000	1.005152	0.437262	1.573043	0.295473	0.045469	0.342910	0.141894
50.000000	1.107484	0.473191	1.741777	0.294149	0.054442	0.336078	0.134859
45.000000	1.148908	0.546727	1.751090	0.302532	0.044770	0.328967	0.139638
40.000000	1.151246	0.677742	1.624750	0.303607	0.027201	0.334996	0.140160
35.000000	1.180026	0.781638	1.578415	0.302376	0.024369	0.330816	0.143108
30.000000	1.242579	0.754510	1.730647	0.304573	0.030650	0.317159	0.146338
25.000000	1.298448	0.744666	1.852230	0.307498	0.039759	0.312677	0.146076
20.000000	1.333418	0.766437	1.900400	0.310641	0.044222	0.306232	0.149357
15.000000	1.324874	0.865787	1.783962	0.310670	0.032420	0.305136	0.149561
10.000000	1.290577	1.136680	1.444474	0.307329	0.027894	0.311727	0.152165
5.000000	1.221118	1.337977	1.104258	0.312871	0.060463	0.319767	0.153243
0.000000	1.184571	1.342793	1.026349	0.310938	0.078136	0.325935	0.154182
