0.000000	0.399637
5.000000	0.403926
10.000000	0.411294
15.000000	0.418644
20.000000	0.426291
25.000000	0.433991
30.000000	0.441255
35.000000	0.450989
40.000000	0.461195
45.000000	0.473041
50.000000	0.475529
55.000000	0.490059
60.000000	0.502028
65.000000	0.521197
70.000000	0.540260
75.000000	0.564232
80.000000	0.571842
85.000000	0.588758
90.000000	0.610985
95.000000	0.626332
100.000000	0.646415
105.000000	0.669295
110.000000	0.696817
115.000000	0.728050
120.000000	0.749054
125.000000	0.774541
130.000000	0.806324
135.000000	0.827481
140.000000	0.853610
145.000000	0.874283
150.000000	0.902901
155.000000	0.926144
160.000000	0.952956
165.000000	0.962286
170.000000	0.986172
175.000000	0.987871
180.000000	1.000000
185.000000	0.997819
190.000000	0.991689
195.000000	0.960059
200.000000	0.957092
205.000000	0.938324
210.000000	0.909653
215.000000	0.877478
220.000000	0.848160
225.000000	0.807068
230.000000	0.765573
235.000000	0.729251
240.000000	0.679693
245.000000	0.633015
250.000000	0.581380
255.000000	0.546886
