0.000000	0.605490
5.000000	0.615992
10.000000	0.630472
15.000000	0.652178
20.000000	0.675535
25.000000	0.706643
30.000000	0.745466
35.000000	0.795096
40.000000	0.834079
45.000000	0.883442
50.000000	0.930493
55.000000	0.973871
60.000000	0.999716
65.000000	1.000000
70.000000	0.982338
75.000000	0.930445
80.000000	0.872925
85.000000	0.767789
90.000000	0.687718
95.000000	0.623288
100.000000	0.596151
105.000000	0.557111
110.000000	0.544627
115.000000	0.531739
120.000000	0.524924
125.000000	0.518935
130.000000	0.516952
135.000000	0.514548
140.000000	0.512271
145.000000	0.511561
150.000000	0.510355
155.000000	0.509948
160.000000	0.509205
165.000000	0.508493
170.000000	0.508137
175.000000	0.508226
180.000000	0.508295
185.000000	0.508147
190.000000	0.508598
195.000000	0.509105
200.000000	0.509093
205.000000	0.509473
210.000000	0.510017
215.000000	0.509770
220.000000	0.510015
225.000000	0.509678
230.000000	0.508906
235.000000	0.509684
240.000000	0.509714
245.000000	0.509566
250.000000	0.509689
255.000000	0.509507
