0.000000	1.000000
5.000000	0.994955
10.000000	0.991072
15.000000	0.984876
20.000000	0.978024
25.000000	0.973176
30.000000	0.968646
35.000000	0.959242
40.000000	0.953040
45.000000	0.943348
50.000000	0.934110
55.000000	0.924826
60.000000	0.914683
65.000000	0.904891
70.000000	0.891542
75.000000	0.880580
80.000000	0.864527
85.000000	0.850779
90.000000	0.834560
95.000000	0.820523
100.000000	0.803821
105.000000	0.786601
110.000000	0.769950
115.000000	0.753810
120.000000	0.730996
125.000000	0.712672
130.000000	0.693028
135.000000	0.671170
140.000000	0.648844
145.000000	0.626757
150.000000	0.607442
155.000000	0.588686
160.000000	0.569758
165.000000	0.548463
170.000000	0.534150
175.000000	0.524462
180.000000	0.515620
185.000000	0.502905
190.000000	0.503888
195.000000	0.504636
200.000000	0.513668
205.000000	0.529748
210.000000	0.551311
215.000000	0.570824
220.000000	0.605927
225.000000	0.638218
230.000000	0.675065
235.000000	0.717690
240.000000	0.763676
245.000000	0.807254
250.000000	0.849634
255.000000	0.892256
