255.000000	0.000000	0.000000	0.000000	0.418084	0.058288	0.366565	0.193620
250.000000	0.010969	-0.028075	-0.010969	0.426075	0.090171	0.366790	0.197206
245.000000	0.013982	0.026602	-0.013982	0.411803	0.086316	0.376308	0.202889
240.000000	0.001536	0.100161	-0.001536	0.422653	0.079931	0.383795	0.202962
235.000000	0.001023	0.165426	0.001023	0.414659	0.081625	0.383608	0.204196
230.000000	0.006882	0.230292	0.006882	0.404360	0.079640	0.383024	0.209720
225.000000	0.011531	0.361568	-0.011531	0.427433	0.075063	0.356855	0.188597
220.000000	0.012197	0.429796	-0.012197	0.414535	0.074949	0.360120	0.199189
215.000000	0.015159	0.349606	0.015159	0.410592	0.094942	0.369202	0.205221
210.000000	0.014817	0.354387	0.014817	0.414365	0.109177	0.362951	0.209372
205.000000	0.046824	0.423227	0.046824	0.403740	0.103226	0.381257	0.211679
200.000000	0.031889	0.557262	0.031889	0.412630	0.100463	0.353657	0.202183
195.000000	0.077577	0.581299	0.077577	0.410514	0.102638	0.380307	0.214300
190.000000	0.064167	0.749257	0.064167	0.414135	0.099615	0.366399	0.209616
185.000000	0.075247	0.821187	0.075247	0.414737	0.100285	0.381705	0.216952
180.000000	0.108657	0.682375	0.108657	0.411477	0.114385	0.372191	0.223501
175.000000	0.110897	0.873993	0.110897	0.417158	0.109895	0.381338	0.227879
170.000000	0.138799	0.818779	0.138799	0.409200	0.108302	0.383198	0.229708
165.000000	0.153733	0.758966	0.153733	0.419765	0.120341	0.372565	0.237967
160.000000	0.179313	0.769818	0.179313	0.422455	0.114378	0.370962	0.240210
155.000000	0.158346	0.908619	0.158346	0.411908	0.115114	0.375524	0.249994
150.000000	0.173073	0.973233	0.173073	0.414905	0.104527	0.375756	0.250221
145.000000	0.154449	1.091079	0.154449	0.408159	0.110105	0.372508	0.257431
140.000000	0.168640	1.112533	0.168640	0.409855	0.107891	0.366648	0.263828
135.000000	0.172589	1.158212	0.172589	0.413332	0.103402	0.357130	0.264089
130.000000	0.146291	1.390076	0.146291	0.416765	0.124888	0.360685	0.268266
125.000000	0.147784	1.411014	0.147784	0.413629	0.121447	0.362659	0.272361
120.000000	0.164697	1.349116	0.164697	0.414361	0.121352	0.354974	0.268979
115.000000	0.158402	1.386198	0.158402	0.419660	0.115889	0.349992	0.274001
110.000000	0.161669	1.414240	0.161669	0.419518	0.124404	0.342241	0.270514
105.000000	0.174002	1.392725	0.174002	0.417587	0.116004	0.347066	0.275026
100.000000	0.173748	1.443543	0.173748	0.424092	0.126022	0.348801	0.270747
95.000000	0.160185	1.523267	0.160185	0.406294	0.124315	0.338246	0.260322
90.000000	0.166315	1.487338	0.166315	0.430968	0.131014	0.333911	0.262988
85.000000	0.171573	1.414685	0.171573	0.415223	0.112455	0.327325	0.261911
80.000000	0.195294	1.347634	0.195294	0.416563	0.115080	0.334328	0.261585
75.000000	0.191847	1.405164	0.191847	0.423589	0.116516	0.342953	0.256102
70.000000	0.200596	1.324369	0.200596	0.416713	0.105382	0.311264	0.243176
65.000000	0.207652	1.316529	0.207652	0.424115	0.112553	0.325236	0.250215
60.000000	0.180680	1.426188	0.180680	0.419721	0.114185	0.329057	0.242005
55.000000	0.163982	1.457714	0.163982	0.420806	0.118572	0.322988	0.231560
50.000000	0.167789	1.408472	0.167789	0.420139	0.116152	0.331136	0.230636
45.000000	0.144877	1.574398	0.144877	0.402482	0.123877	0.314955	0.215876
40.000000	0.166780	1.403301	0.166780	0.424187	0.117979	0.333360	0.225559
35.000000	0.187902	1.304479	0.187902	0.418126	0.105751	0.321222	0.216580
30.000000	0.185962	1.272616	0.185962	0.418851	0.108613	0.331803	0.213335
25.000000	0.266767	0.998228	0.266767	0.423397	0.103659	0.283276	0.183325
20.000000	0.218167	1.131287	0.218167	0.423393	0.105209	0.309838	0.198531
15.000000	0.205025	1.224325	0.205025	0.424195	0.102128	0.310539	0.194407
10.000000	0.169521	1.290201	0.169521	0.421822	0.108408	0.331702	0.195552
5.000000	0.197503	1.169416	0.197503	0.422901	0.101794	0.305323	0.181847
0.000000	0.194068	1.176457	0.194068	0.422542	0.097992	0.306969	0.174769
