255.000000	0.000000	0.000000	0.000000	0.435813	0.078824	0.502983	0.215956
250.000000	0.003325	0.002581	-0.009232	0.440165	0.077292	0.515084	0.220424
245.000000	0.015943	-0.065709	0.097595	0.438718	0.078557	0.510147	0.221580
240.000000	0.003499	-0.056036	0.049038	0.440804	0.073305	0.509678	0.225759
235.000000	0.062214	0.074581	-0.199009	0.442749	0.073351	0.509954	0.208496
230.000000	0.072562	0.105565	-0.250689	0.436301	0.069684	0.505806	0.206446
225.000000	0.012088	-0.048149	0.023974	0.445135	0.068027	0.493183	0.221020
220.000000	0.018273	-0.046583	0.010038	0.440644	0.066050	0.491937	0.222145
215.000000	0.003406	-0.079452	0.072640	0.438955	0.063165	0.485278	0.221944
210.000000	0.003752	-0.072445	0.064941	0.444947	0.066972	0.485712	0.218457
205.000000	0.001333	-0.075792	0.078459	0.442297	0.063107	0.482468	0.219838
200.000000	0.019718	-0.116290	0.155726	0.440662	0.064079	0.494342	0.225834
195.000000	0.010956	-0.079700	0.101612	0.444195	0.065541	0.496318	0.222958
190.000000	0.041958	-0.143499	0.227416	0.435103	0.067664	0.497355	0.231135
185.000000	0.056133	-0.143857	0.256123	0.439770	0.078370	0.502211	0.225034
180.000000	0.072497	-0.167573	0.312567	0.432220	0.079710	0.507793	0.230401
175.000000	0.087455	-0.181755	0.356664	0.433139	0.083579	0.502082	0.226109
170.000000	0.066415	-0.126386	0.259216	0.435202	0.077889	0.495659	0.227382
165.000000	0.066110	-0.138449	0.270670	0.433151	0.075083	0.507527	0.232878
160.000000	0.077291	-0.132886	0.287468	0.437547	0.086121	0.506383	0.229791
155.000000	0.070138	-0.147759	0.288034	0.429921	0.080274	0.510044	0.233081
150.000000	0.042126	-0.087403	0.171656	0.439821	0.074327	0.513338	0.234283
145.000000	0.023678	-0.044750	0.092107	0.441041	0.073043	0.510784	0.232532
140.000000	0.003632	0.022996	-0.015733	0.439646	0.069182	0.513269	0.234736
135.000000	0.009515	-0.001227	0.020258	0.448860	0.075878	0.511836	0.232926
130.000000	0.000594	0.008103	-0.006915	0.434389	0.070907	0.519321	0.234377
125.000000	0.016267	-0.020169	0.052703	0.436479	0.075716	0.510850	0.234574
120.000000	0.027890	-0.056067	0.111846	0.438861	0.081929	0.511893	0.234550
115.000000	0.010204	-0.039151	0.059558	0.437521	0.076686	0.520370	0.234068
110.000000	0.019710	-0.056310	0.095730	0.446302	0.083280	0.514222	0.232843
105.000000	0.012560	-0.036486	0.061607	0.437446	0.080797	0.515981	0.232432
100.000000	0.005686	-0.030959	0.042330	0.433523	0.077108	0.513886	0.231452
95.000000	0.011328	-0.042076	0.064731	0.441828	0.083567	0.511956	0.231110
90.000000	0.017636	-0.069560	0.104832	0.440581	0.083419	0.512569	0.229421
85.000000	0.016497	-0.050128	0.083123	0.440141	0.085374	0.506994	0.229368
80.000000	0.028903	-0.077599	0.135405	0.436028	0.089627	0.508202	0.228029
75.000000	0.028030	-0.088708	0.144769	0.435267	0.087700	0.510541	0.227832
70.000000	0.008683	-0.040924	0.058290	0.431417	0.085671	0.510207	0.226500
65.000000	0.009587	-0.062072	0.081245	0.431508	0.087156	0.511097	0.222603
60.000000	0.004006	-0.067466	0.075479	0.439092	0.086347	0.517442	0.219588
55.000000	0.002804	-0.057322	0.051715	0.438012	0.088376	0.517060	0.218294
50.000000	0.009950	-0.049938	0.030038	0.429995	0.085279	0.513872	0.214563
45.000000	0.002960	-0.067792	0.061872	0.436554	0.086866	0.519945	0.217881
40.000000	0.020088	-0.037678	-0.002499	0.432537	0.087872	0.519064	0.212130
35.000000	0.024375	-0.033845	-0.014905	0.426947	0.084450	0.525215	0.211853
30.000000	0.023322	-0.038361	-0.008282	0.436049	0.086369	0.520879	0.212502
25.000000	0.035917	-0.014859	-0.056974	0.437122	0.086816	0.524324	0.208055
20.000000	0.023402	-0.057432	0.010628	0.428832	0.084304	0.522037	0.209791
15.000000	0.000180	-0.094808	0.095168	0.436139	0.091611	0.514755	0.213523
10.000000	0.006511	-0.085062	0.072041	0.430242	0.089870	0.515692	0.210960
5.000000	0.004636	-0.083533	0.074262	0.431946	0.087660	0.513340	0.212341
0.000000	0.044254	-0.030038	-0.058469	0.434406	0.087896	0.519022	0.201616
