0.000000	0.018148
5.000000	0.018349
10.000000	0.018468
15.000000	0.018725
20.000000	0.018973
25.000000	0.019329
30.000000	0.019791
35.000000	0.020205
40.000000	0.020855
45.000000	0.021407
50.000000	0.022420
55.000000	0.023061
60.000000	0.024646
65.000000	0.025597
70.000000	0.027834
75.000000	0.030358
80.000000	0.032870
85.000000	0.035881
90.000000	0.038780
95.000000	0.042789
100.000000	0.046739
105.000000	0.052226
110.000000	0.057363
115.000000	0.064763
120.000000	0.072823
125.000000	0.081178
130.000000	0.092058
135.000000	0.105610
140.000000	0.118548
145.000000	0.134306
150.000000	0.153012
155.000000	0.171575
160.000000	0.195304
165.000000	0.221471
170.000000	0.251949
175.000000	0.282745
180.000000	0.317350
185.000000	0.355358
190.000000	0.399445
195.000000	0.442993
200.000000	0.492343
205.000000	0.543633
210.000000	0.593384
215.000000	0.638143
220.000000	0.705217
225.000000	0.744684
230.000000	0.806454
235.000000	0.858950
240.000000	0.896614
245.000000	0.946096
250.000000	0.977481
255.000000	1.000000
