0.000000	0.998136
5.000000	0.997517
10.000000	0.998551
15.000000	1.000000
20.000000	0.998341
25.000000	0.997648
30.000000	0.997307
35.000000	0.997552
40.000000	0.995471
45.000000	0.994668
50.000000	0.995797
55.000000	0.993465
60.000000	0.993301
65.000000	0.993348
70.000000	0.989384
75.000000	0.989195
80.000000	0.986167
85.000000	0.984885
90.000000	0.979769
95.000000	0.978422
100.000000	0.975079
105.000000	0.970875
110.000000	0.963135
115.000000	0.962493
120.000000	0.950882
125.000000	0.945243
130.000000	0.940481
135.000000	0.927395
140.000000	0.912213
145.000000	0.903189
150.000000	0.893572
155.000000	0.873968
160.000000	0.850441
165.000000	0.830903
170.000000	0.811973
175.000000	0.778587
180.000000	0.750500
185.000000	0.714457
190.000000	0.689867
195.000000	0.649818
200.000000	0.603287
205.000000	0.565976
210.000000	0.517114
215.000000	0.476325
220.000000	0.426224
225.000000	0.382634
230.000000	0.335842
235.000000	0.288782
240.000000	0.248557
245.000000	0.208505
250.000000	0.173337
255.000000	0.142581
