255.000000	0.000000	0.000000	0.000000	0.371779	0.084652	0.370202	0.146409
250.000000	0.053343	0.053631	-0.160318	0.375489	0.085564	0.367839	0.140182
245.000000	0.062680	0.061342	-0.186702	0.378664	0.086060	0.369285	0.139506
240.000000	0.035303	0.038685	-0.109291	0.372672	0.083667	0.372377	0.143178
235.000000	0.028921	0.025790	-0.083632	0.372284	0.084013	0.372586	0.144191
230.000000	0.046985	0.036507	-0.130477	0.375070	0.084806	0.369178	0.142209
225.000000	0.077933	0.059849	-0.215715	0.380230	0.087130	0.369978	0.139004
220.000000	0.113166	0.085912	-0.312244	0.388864	0.092800	0.367072	0.133796
215.000000	0.147946	0.096103	-0.391995	0.388843	0.097069	0.362185	0.129359
210.000000	0.170497	0.093156	-0.434150	0.388697	0.100548	0.360454	0.126410
205.000000	0.176998	0.088343	-0.442338	0.384092	0.099157	0.361023	0.126053
200.000000	0.172381	0.086433	-0.431194	0.385578	0.098791	0.361994	0.126653
195.000000	0.148053	0.087272	-0.383379	0.391074	0.097020	0.363802	0.129693
190.000000	0.100919	0.075709	-0.277546	0.385056	0.091791	0.362456	0.134143
185.000000	0.040070	0.036874	-0.117013	0.375386	0.085531	0.366498	0.141011
180.000000	0.001651	-0.000113	0.003416	0.375513	0.084773	0.369897	0.145059
175.000000	0.026144	-0.010715	0.063003	0.376166	0.086511	0.366979	0.146265
170.000000	0.041154	-0.018504	0.100812	0.377766	0.088220	0.378231	0.150085
165.000000	0.040468	-0.021089	0.102026	0.374024	0.086727	0.373338	0.149761
160.000000	0.047798	-0.031296	0.126891	0.378725	0.089366	0.373033	0.150675
155.000000	0.047154	-0.030880	0.125188	0.374790	0.088866	0.375980	0.151552
150.000000	0.047244	-0.027675	0.122164	0.373943	0.088540	0.374080	0.151048
145.000000	0.050531	-0.025959	0.127022	0.370545	0.087486	0.375572	0.150928
140.000000	0.058638	-0.020467	0.137743	0.374805	0.089059	0.376051	0.145563
135.000000	0.060341	-0.027591	0.148273	0.377061	0.090440	0.380166	0.155302
130.000000	0.074434	-0.034909	0.183777	0.374703	0.090814	0.378566	0.157358
125.000000	0.082231	-0.033416	0.197878	0.374795	0.091993	0.385339	0.160782
120.000000	0.097445	-0.035402	0.230292	0.376349	0.093264	0.391164	0.164773
115.000000	0.117365	-0.032845	0.267575	0.380374	0.096388	0.399939	0.170135
110.000000	0.145724	-0.027777	0.319225	0.383383	0.099631	0.397664	0.176384
105.000000	0.180562	-0.015817	0.376940	0.384426	0.101361	0.394767	0.180708
100.000000	0.211811	0.006677	0.416945	0.384030	0.099282	0.398001	0.185996
95.000000	0.257662	0.039420	0.475903	0.384171	0.096047	0.383986	0.184894
90.000000	0.321298	0.083671	0.558924	0.385814	0.089504	0.366919	0.180646
85.000000	0.408963	0.143982	0.673944	0.389462	0.079455	0.370650	0.179583
80.000000	0.520934	0.209865	0.832002	0.379718	0.066130	0.348193	0.168979
75.000000	0.654312	0.291379	1.017245	0.381109	0.052927	0.338762	0.159237
70.000000	0.791311	0.346314	1.236307	0.378606	0.042695	0.324717	0.147690
65.000000	0.909206	0.375755	1.442656	0.369476	0.034669	0.357539	0.161390
60.000000	1.005845	0.375519	1.636172	0.372388	0.030925	0.377118	0.160232
55.000000	1.073170	0.324057	1.822284	0.371589	0.024364	0.359994	0.143972
50.000000	1.129048	0.252016	2.006081	0.370565	0.021967	0.353758	0.134849
45.000000	1.165239	0.088985	2.241492	0.378991	0.021490	0.345182	0.125887
40.000000	1.192712	-0.021903	2.407327	0.374045	0.027048	0.344320	0.121896
35.000000	1.218274	-0.063559	2.500106	0.379300	0.031116	0.342111	0.115843
30.000000	1.231299	-0.106423	2.569021	0.384711	0.037409	0.344711	0.111302
25.000000	1.245644	-0.128582	2.619870	0.383918	0.040415	0.338652	0.109905
20.000000	1.262950	-0.134516	2.660416	0.384497	0.042238	0.347801	0.108526
15.000000	1.292489	-0.125926	2.710904	0.381677	0.038794	0.343597	0.105997
10.000000	1.323264	-0.117131	2.763658	0.378490	0.033309	0.340313	0.104225
5.000000	1.349584	-0.117475	2.816643	0.375469	0.029459	0.342079	0.102505
0.000000	1.371305	-0.119842	2.862451	0.372608	0.027433	0.332113	0.101677
