0.000000	0.949094
5.000000	0.949691
10.000000	0.951274
15.000000	0.952537
20.000000	0.955161
25.000000	0.956295
30.000000	0.957498
35.000000	0.959597
40.000000	0.963601
45.000000	0.962893
50.000000	0.965419
55.000000	0.970670
60.000000	0.969955
65.000000	0.971293
70.000000	0.974109
75.000000	0.976501
80.000000	0.979770
85.000000	0.979625
90.000000	0.980436
95.000000	0.983504
100.000000	0.991546
105.000000	0.984823
110.000000	0.988253
115.000000	0.997066
120.000000	0.990539
125.000000	0.987050
130.000000	0.992927
135.000000	1.000000
140.000000	0.992544
145.000000	0.982142
150.000000	0.973463
155.000000	0.974752
160.000000	0.962309
165.000000	0.978196
170.000000	0.959805
175.000000	0.940331
180.000000	0.943806
185.000000	0.930928
190.000000	0.919948
195.000000	0.890040
200.000000	0.888467
205.000000	0.858801
210.000000	0.826450
215.000000	0.835172
220.000000	0.795002
225.000000	0.798197
230.000000	0.787987
235.000000	0.776824
240.000000	0.758927
245.000000	0.755622
250.000000	0.772216
255.000000	0.777353
