255.000000	0.000000	0.000000	0.000000	0.402613	0.035886	0.430352	0.140325
250.000000	0.043394	-0.030736	0.117523	0.400617	0.035142	0.430134	0.143499
245.000000	0.097552	-0.104599	0.299702	0.411906	0.038938	0.428083	0.141471
240.000000	0.137718	-0.128560	0.403995	0.407297	0.037625	0.417134	0.142250
235.000000	0.173791	-0.174921	0.522504	0.413568	0.043705	0.423671	0.144275
230.000000	0.212687	-0.222202	0.647577	0.412498	0.055334	0.420786	0.143680
225.000000	0.244044	-0.210883	0.698971	0.409614	0.049636	0.404195	0.140363
220.000000	0.263227	-0.248668	0.775122	0.423596	0.062203	0.432273	0.149505
215.000000	0.297187	-0.262785	0.857159	0.421983	0.069929	0.437123	0.148902
210.000000	0.334975	-0.225009	0.894960	0.413932	0.064725	0.394198	0.132945
205.000000	0.356359	-0.247621	0.960338	0.422808	0.089179	0.448468	0.151989
200.000000	0.385998	-0.237275	1.009271	0.424605	0.087351	0.428283	0.142428
195.000000	0.387597	-0.265334	1.040527	0.421077	0.077495	0.395347	0.130152
190.000000	0.375323	-0.326713	1.077360	0.432650	0.098942	0.443631	0.147114
185.000000	0.390083	-0.343136	1.123302	0.424576	0.086260	0.397362	0.128330
180.000000	0.407387	-0.328781	1.143554	0.428290	0.091505	0.405001	0.132766
175.000000	0.423738	-0.323271	1.170747	0.415169	0.110726	0.437113	0.143721
170.000000	0.481853	-0.245547	1.209253	0.416473	0.092982	0.405249	0.130624
165.000000	0.484340	-0.261534	1.230214	0.414074	0.106260	0.425154	0.140200
160.000000	0.523762	-0.217290	1.264815	0.401843	0.113031	0.435778	0.144771
155.000000	0.529559	-0.218975	1.278093	0.406517	0.095926	0.414334	0.131185
150.000000	0.494908	-0.298190	1.288006	0.414641	0.111351	0.423257	0.138353
145.000000	0.503550	-0.315671	1.322771	0.413053	0.106213	0.411762	0.131767
140.000000	0.535403	-0.268509	1.339314	0.404645	0.113080	0.425994	0.140636
135.000000	0.571452	-0.229829	1.372733	0.409743	0.101801	0.417787	0.133915
130.000000	0.596471	-0.190410	1.383351	0.403656	0.102362	0.428384	0.138407
125.000000	0.617486	-0.171174	1.406146	0.394876	0.105797	0.431443	0.139885
120.000000	0.616269	-0.183765	1.416303	0.406978	0.095613	0.423323	0.133952
115.000000	0.602705	-0.210691	1.416102	0.398642	0.111306	0.431102	0.142608
110.000000	0.586682	-0.275099	1.448463	0.410639	0.095928	0.408306	0.128762
105.000000	0.579294	-0.290257	1.448845	0.403244	0.110242	0.418278	0.135832
100.000000	0.601271	-0.279002	1.481544	0.417567	0.099296	0.410132	0.129679
95.000000	0.599983	-0.279428	1.479393	0.405814	0.112550	0.421495	0.138944
90.000000	0.607575	-0.289928	1.505078	0.424591	0.098909	0.407996	0.128602
85.000000	0.612376	-0.271657	1.496410	0.405347	0.113338	0.417538	0.137465
80.000000	0.621090	-0.280419	1.522599	0.421209	0.099763	0.414169	0.131368
75.000000	0.608127	-0.298591	1.514844	0.414477	0.108884	0.423747	0.137527
70.000000	0.631340	-0.278918	1.541597	0.417495	0.101153	0.420326	0.136630
65.000000	0.624097	-0.284706	1.532901	0.412945	0.110116	0.416172	0.136678
60.000000	0.666401	-0.224170	1.556972	0.410027	0.095275	0.427178	0.139268
55.000000	0.651087	-0.249297	1.551471	0.406243	0.104969	0.420734	0.139360
50.000000	0.680912	-0.203965	1.565789	0.404798	0.103594	0.421288	0.140498
45.000000	0.689585	-0.191897	1.571067	0.406006	0.099474	0.422126	0.142193
40.000000	0.655435	-0.272249	1.583119	0.412593	0.102730	0.424476	0.137942
35.000000	0.630964	-0.320645	1.582573	0.413286	0.109713	0.417572	0.134100
30.000000	0.628881	-0.341586	1.599348	0.421419	0.105501	0.415247	0.130146
25.000000	0.632628	-0.335625	1.600881	0.415957	0.106497	0.422485	0.133735
20.000000	0.633494	-0.329930	1.596919	0.415165	0.105410	0.418116	0.131979
15.000000	0.669532	-0.269013	1.608077	0.407886	0.105700	0.414674	0.135883
10.000000	0.683681	-0.258073	1.625435	0.412995	0.103517	0.415153	0.136472
5.000000	0.661168	-0.305564	1.627901	0.415084	0.105352	0.419484	0.135140
0.000000	0.665871	-0.281238	1.612980	0.412731	0.108703	0.410403	0.133202
