0.000000	0.992546
5.000000	0.992970
10.000000	0.995186
15.000000	0.994103
20.000000	0.994964
25.000000	0.995829
30.000000	0.995962
35.000000	0.995825
40.000000	0.995596
45.000000	0.995440
50.000000	0.999091
55.000000	0.997047
60.000000	1.000000
65.000000	0.995058
70.000000	0.995456
75.000000	0.994166
80.000000	0.995115
85.000000	0.996363
90.000000	0.990032
95.000000	0.989431
100.000000	0.985766
105.000000	0.991908
110.000000	0.982288
115.000000	0.985934
120.000000	0.976396
125.000000	0.964262
130.000000	0.959493
135.000000	0.952714
140.000000	0.953432
145.000000	0.933193
150.000000	0.933636
155.000000	0.910850
160.000000	0.885843
165.000000	0.879303
170.000000	0.873027
175.000000	0.847367
180.000000	0.811367
185.000000	0.804123
190.000000	0.778903
195.000000	0.740164
200.000000	0.729109
205.000000	0.689148
210.000000	0.656720
215.000000	0.641466
220.000000	0.629519
225.000000	0.592026
230.000000	0.583483
235.000000	0.581653
240.000000	0.567487
245.000000	0.557714
250.000000	0.575823
255.000000	0.587287
