255.000000	0.000000	0.000000	0.000000	0.336010	0.169292	0.398631	0.166761
250.000000	0.000322	0.000322	0.012914	0.338242	0.169401	0.402502	0.166577
245.000000	0.005980	0.005980	-0.014276	0.341052	0.170709	0.399109	0.163974
240.000000	0.011210	0.011210	-0.076086	0.331640	0.165331	0.397970	0.158637
235.000000	0.010153	0.010153	-0.091501	0.329519	0.163389	0.397026	0.155600
230.000000	0.005939	0.005939	-0.037772	0.327319	0.164000	0.399781	0.162324
225.000000	0.000209	-0.000209	0.017691	0.339992	0.168758	0.399295	0.167399
220.000000	0.005280	-0.005280	0.063528	0.334929	0.166930	0.402274	0.171042
215.000000	0.005637	-0.005637	0.086704	0.328338	0.166653	0.396223	0.174639
210.000000	0.005548	-0.005548	0.113694	0.331783	0.168741	0.395109	0.173948
205.000000	0.007115	-0.007115	0.145367	0.324170	0.166895	0.391858	0.178291
200.000000	0.004054	-0.004054	0.138175	0.325886	0.165929	0.392757	0.178120
195.000000	0.002598	0.002598	0.097338	0.328495	0.166563	0.397210	0.176092
190.000000	0.007826	0.007826	0.061056	0.332982	0.168332	0.397193	0.173198
185.000000	0.011451	0.011451	0.061714	0.337051	0.167773	0.395323	0.171748
180.000000	0.015966	0.015966	0.066071	0.333194	0.167335	0.396438	0.176048
175.000000	0.013702	0.013702	0.087096	0.333001	0.168037	0.392276	0.177462
170.000000	0.007867	0.007867	0.110605	0.330954	0.167977	0.392497	0.177425
165.000000	0.003476	0.003476	0.126170	0.329690	0.167867	0.393806	0.179436
160.000000	0.004184	-0.004184	0.157159	0.327998	0.166095	0.395615	0.181740
155.000000	0.007519	-0.007519	0.164102	0.328123	0.167918	0.395209	0.182229
150.000000	0.014701	-0.014701	0.206477	0.327989	0.167161	0.390746	0.183863
145.000000	0.022557	-0.022557	0.242394	0.329004	0.166363	0.391786	0.184864
140.000000	0.028377	-0.028377	0.267754	0.330581	0.166407	0.391960	0.186903
135.000000	0.032689	-0.032689	0.295078	0.328109	0.165496	0.391527	0.188533
130.000000	0.035589	-0.035589	0.321399	0.334203	0.166683	0.393990	0.190469
125.000000	0.041730	-0.041730	0.359728	0.331339	0.166192	0.396179	0.191427
120.000000	0.049653	-0.049653	0.399876	0.332252	0.166948	0.390046	0.190730
115.000000	0.054731	-0.054731	0.419077	0.337742	0.168311	0.393554	0.193378
110.000000	0.054939	-0.054939	0.399651	0.336008	0.165938	0.391997	0.190771
105.000000	0.053640	-0.053640	0.339175	0.333119	0.165662	0.389079	0.189756
100.000000	0.063744	-0.063744	0.315632	0.330171	0.164165	0.381835	0.184815
95.000000	0.074637	-0.074637	0.286845	0.328287	0.162676	0.382336	0.180427
90.000000	0.086991	-0.086991	0.251379	0.325861	0.161198	0.376660	0.174972
85.000000	0.106451	-0.106451	0.240827	0.327788	0.159970	0.381332	0.172077
80.000000	0.122486	-0.122486	0.236021	0.327145	0.158310	0.384500	0.170135
75.000000	0.133479	-0.133479	0.228590	0.319583	0.156973	0.381177	0.164024
70.000000	0.138739	-0.138739	0.228344	0.323489	0.157958	0.384195	0.165040
65.000000	0.141019	-0.141019	0.245064	0.321526	0.159617	0.384301	0.161268
60.000000	0.142799	-0.142799	0.279159	0.320038	0.157882	0.386316	0.161832
55.000000	0.146746	-0.146746	0.338872	0.324727	0.159582	0.389010	0.160612
50.000000	0.147879	-0.147879	0.387260	0.330221	0.161880	0.381303	0.155512
45.000000	0.144870	-0.144870	0.390691	0.322915	0.160401	0.385535	0.150951
40.000000	0.144251	-0.144251	0.328841	0.320188	0.158231	0.386584	0.140539
35.000000	0.155440	-0.155440	0.200144	0.324913	0.152043	0.398301	0.126150
30.000000	0.173941	-0.173941	0.023630	0.332423	0.147493	0.401542	0.113057
25.000000	0.198332	-0.198332	-0.119084	0.332214	0.145176	0.413530	0.104866
20.000000	0.233050	-0.233050	-0.246109	0.324314	0.137430	0.403662	0.098658
15.000000	0.262783	-0.262783	-0.335208	0.321525	0.134710	0.397506	0.096960
10.000000	0.277243	-0.277243	-0.294386	0.326757	0.135488	0.396550	0.093729
5.000000	0.284710	-0.284710	-0.205827	0.327400	0.137645	0.404248	0.094336
0.000000	0.278226	-0.278226	-0.129093	0.326192	0.139920	0.404827	0.095034
