255.000000	0.000000	0.000000	0.000000	0.306500	0.221187	0.392904	0.163435
250.000000	0.014636	0.014636	0.069725	0.307489	0.217262	0.394654	0.170505
245.000000	0.021063	0.021063	0.077547	0.302168	0.215066	0.396032	0.171339
240.000000	0.027876	0.027876	0.084561	0.302425	0.215371	0.395819	0.171525
235.000000	0.029980	0.029980	0.086229	0.305805	0.215380	0.394810	0.172793
230.000000	0.029457	0.029457	0.078537	0.302929	0.213678	0.393365	0.172060
225.000000	0.031967	0.031967	0.080209	0.298300	0.212557	0.397366	0.173662
220.000000	0.034644	0.034644	0.098319	0.301717	0.212773	0.398385	0.175393
215.000000	0.033799	0.033799	0.108663	0.305105	0.212769	0.398826	0.174474
210.000000	0.033216	0.033216	0.095898	0.306978	0.216976	0.393529	0.173169
205.000000	0.032419	0.032419	0.091225	0.304218	0.214417	0.393917	0.171275
200.000000	0.038352	0.038352	0.116739	0.301899	0.211945	0.393685	0.173322
195.000000	0.042551	0.042551	0.126553	0.304228	0.213609	0.399211	0.176009
190.000000	0.038418	0.038418	0.112830	0.306848	0.214908	0.395051	0.174353
185.000000	0.035740	0.035740	0.093851	0.297170	0.213121	0.396124	0.172351
180.000000	0.037885	0.037885	0.081195	0.304119	0.216429	0.394309	0.170659
175.000000	0.039990	0.039990	0.078428	0.302834	0.215797	0.390323	0.168567
170.000000	0.044198	0.044198	0.082368	0.301948	0.216983	0.392264	0.170912
165.000000	0.051003	0.051003	0.122670	0.298441	0.212136	0.399474	0.177037
160.000000	0.051940	0.051940	0.137844	0.299189	0.210657	0.399702	0.179003
155.000000	0.049797	0.049797	0.138530	0.305448	0.211440	0.397582	0.177588
150.000000	0.055627	0.055627	0.168709	0.304861	0.208916	0.396588	0.179097
145.000000	0.055933	0.055933	0.172292	0.302716	0.205473	0.397486	0.179047
140.000000	0.054591	0.054591	0.161332	0.303547	0.209242	0.396511	0.178492
135.000000	0.055203	0.055203	0.165353	0.304562	0.208869	0.399678	0.180069
130.000000	0.053786	0.053786	0.172328	0.301772	0.207027	0.404641	0.182784
125.000000	0.054627	0.054627	0.195839	0.301917	0.206732	0.408363	0.186392
120.000000	0.060678	0.060678	0.237398	0.305058	0.203066	0.404062	0.189186
115.000000	0.072025	0.072025	0.240590	0.302325	0.201046	0.403830	0.186850
110.000000	0.081531	0.081531	0.206533	0.304573	0.204552	0.408938	0.182337
105.000000	0.093463	0.093463	0.154399	0.306584	0.210532	0.404439	0.176254
100.000000	0.111499	0.111499	0.109333	0.307416	0.213715	0.406603	0.167747
95.000000	0.150108	0.150108	0.133574	0.309102	0.210430	0.394403	0.162096
90.000000	0.205293	0.205293	0.201622	0.303699	0.199857	0.378246	0.160910
85.000000	0.271901	0.271901	0.311197	0.307713	0.188214	0.371748	0.159068
80.000000	0.336580	0.336580	0.450954	0.305189	0.172632	0.366294	0.160973
75.000000	0.393881	0.393881	0.631453	0.296923	0.151218	0.391706	0.162727
70.000000	0.442023	0.442023	0.810123	0.301805	0.136926	0.420194	0.161968
65.000000	0.485595	0.485595	0.933064	0.295430	0.125215	0.417839	0.150509
60.000000	0.526541	0.526541	1.001191	0.292735	0.120187	0.419099	0.143553
55.000000	0.571102	0.571102	1.040752	0.289505	0.117623	0.416581	0.142381
50.000000	0.594040	0.594040	1.059743	0.292826	0.116836	0.408319	0.136623
45.000000	0.633696	0.633696	1.059774	0.292529	0.117912	0.400861	0.136908
40.000000	0.671616	0.671616	1.052148	0.290494	0.120417	0.399862	0.138745
35.000000	0.691694	0.691694	1.154182	0.284902	0.116315	0.385635	0.133162
30.000000	0.708220	0.708220	1.200753	0.286035	0.114831	0.385451	0.135670
25.000000	0.732492	0.732492	1.178098	0.284487	0.117509	0.381074	0.136860
20.000000	0.752368	0.752368	1.115695	0.286426	0.122686	0.384864	0.139338
15.000000	0.764196	0.764196	1.080979	0.285536	0.126043	0.383724	0.142908
10.000000	0.770828	0.770828	1.098883	0.286008	0.125518	0.384810	0.143956
5.000000	0.769582	0.769582	1.204194	0.285238	0.119241	0.381574	0.140259
0.000000	0.762695	0.762695	1.315103	0.284756	0.113737	0.374678	0.137417
