0.000000	0.206329
5.000000	0.208625
10.000000	0.210746
15.000000	0.213570
20.000000	0.215904
25.000000	0.218953
30.000000	0.221979
35.000000	0.225324
40.000000	0.229509
45.000000	0.233749
50.000000	0.238031
55.000000	0.243340
60.000000	0.248086
65.000000	0.253629
70.000000	0.260646
75.000000	0.267357
80.000000	0.274521
85.000000	0.283060
90.000000	0.293663
95.000000	0.301682
100.000000	0.313646
105.000000	0.322736
110.000000	0.335967
115.000000	0.346975
120.000000	0.362847
125.000000	0.376452
130.000000	0.392895
135.000000	0.413233
140.000000	0.430292
145.000000	0.454770
150.000000	0.471383
155.000000	0.494193
160.000000	0.521285
165.000000	0.553607
170.000000	0.580937
175.000000	0.604052
180.000000	0.631966
185.000000	0.668078
190.000000	0.709656
195.000000	0.734452
200.000000	0.777823
205.000000	0.802124
210.000000	0.841868
215.000000	0.850301
220.000000	0.895455
225.000000	0.904912
230.000000	0.936856
235.000000	0.962804
240.000000	0.965229
245.000000	0.979814
250.000000	0.998573
255.000000	1.000000
