255.000000	0.000000	0.000000	0.000000	0.409135	0.208780	0.354004	0.203734
250.000000	0.034332	0.019526	0.034332	0.402026	0.206149	0.359243	0.203828
245.000000	0.035962	0.040486	0.035962	0.420861	0.213051	0.360688	0.206079
240.000000	0.031580	0.071274	0.031580	0.402754	0.206642	0.356474	0.203382
235.000000	0.120735	0.098244	0.120735	0.422192	0.214488	0.370206	0.203408
230.000000	0.143894	0.129202	0.143894	0.401757	0.205256	0.368939	0.203101
225.000000	0.092326	0.166192	0.092326	0.425707	0.216804	0.367627	0.202481
220.000000	0.063482	0.189406	0.063482	0.413583	0.212489	0.361731	0.202870
215.000000	0.154299	0.206111	0.154299	0.415559	0.211190	0.362903	0.202180
210.000000	0.197254	0.220884	0.197254	0.411878	0.208432	0.356048	0.198744
205.000000	0.167131	0.244712	0.167131	0.410966	0.208838	0.346956	0.199746
200.000000	0.225930	0.280967	0.225930	0.411785	0.209430	0.345515	0.199593
195.000000	0.253308	0.287480	0.253308	0.397445	0.206276	0.325049	0.198041
190.000000	0.364895	0.327452	0.364895	0.414701	0.213608	0.341848	0.206030
185.000000	0.352640	0.348536	0.352640	0.410158	0.211448	0.318455	0.199334
180.000000	0.496380	0.369075	0.496380	0.397422	0.204788	0.325259	0.204997
175.000000	0.679349	0.383397	0.679349	0.419282	0.218240	0.328419	0.207768
170.000000	0.783320	0.388560	0.783320	0.423445	0.213364	0.336061	0.211308
165.000000	0.758509	0.413990	0.758509	0.424297	0.217542	0.325445	0.207329
160.000000	0.688890	0.436155	0.688890	0.398481	0.208033	0.312218	0.210507
155.000000	0.689970	0.450075	0.689970	0.412825	0.219031	0.297950	0.206659
150.000000	0.754183	0.474585	0.754183	0.396846	0.203265	0.300132	0.209174
145.000000	0.797200	0.483564	0.797200	0.411853	0.216293	0.297223	0.206524
140.000000	0.731178	0.495152	0.731178	0.398523	0.207068	0.290732	0.198925
135.000000	0.819051	0.500717	0.819051	0.400222	0.206395	0.293889	0.203400
130.000000	0.549353	0.517451	0.549353	0.406352	0.210600	0.268025	0.191713
125.000000	0.428834	0.511858	0.428834	0.396452	0.205649	0.281051	0.203442
120.000000	0.563641	0.533823	0.563641	0.417552	0.215398	0.271968	0.178023
115.000000	0.662524	0.529474	0.662524	0.396139	0.203767	0.274179	0.171384
110.000000	1.055081	0.536679	1.055081	0.433910	0.216412	0.293701	0.172054
105.000000	1.503489	0.525835	1.503489	0.411350	0.194602	0.346579	0.203931
100.000000	1.549786	0.532098	1.549786	0.405321	0.191830	0.344536	0.201921
95.000000	1.396571	0.568822	1.396571	0.421023	0.203763	0.328221	0.177702
90.000000	1.204519	0.618799	1.204519	0.429569	0.211462	0.304268	0.144384
85.000000	0.893200	0.631685	0.893200	0.411492	0.211164	0.272266	0.095030
80.000000	0.884542	0.607464	0.884542	0.398719	0.204502	0.280741	0.083873
75.000000	1.274044	0.652946	1.274044	0.425271	0.213741	0.292458	0.101897
70.000000	1.526346	0.543763	1.526346	0.404547	0.188707	0.313923	0.128292
65.000000	1.562939	0.523161	1.562939	0.401624	0.189550	0.313605	0.117319
60.000000	1.439364	0.649710	1.439364	0.409186	0.192945	0.307967	0.072537
55.000000	1.403252	0.660049	1.403252	0.410948	0.196643	0.301716	0.059582
50.000000	1.514053	0.586007	1.514053	0.404781	0.193250	0.297099	0.074949
45.000000	1.681935	1.045597	1.681935	0.429227	0.210814	0.291734	0.034705
40.000000	1.841571	1.507648	1.841571	0.411805	0.212506	0.276629	0.042847
35.000000	1.875351	1.355598	1.875351	0.414521	0.204643	0.277455	0.027565
30.000000	1.442731	0.610007	1.442731	0.415788	0.202955	0.289586	0.034055
25.000000	1.402043	0.330209	1.402043	0.408345	0.187432	0.300749	0.057400
20.000000	1.450241	0.282848	1.450241	0.407568	0.195515	0.287808	0.068487
15.000000	1.536168	0.171404	1.536168	0.422236	0.186454	0.315201	0.102540
10.000000	1.609341	0.103192	1.609341	0.389387	0.174070	0.306914	0.116858
5.000000	1.443908	0.114699	1.443908	0.387410	0.175634	0.306103	0.098186
0.000000	1.139156	0.152836	1.139156	0.410969	0.192809	0.290117	0.034325
