255.000000	0.000000	0.000000	0.000000	0.434777	0.034679	0.365172	0.158494
250.000000	0.014677	0.001853	0.014677	0.442617	0.031698	0.372383	0.150039
245.000000	0.124581	-0.057739	0.124581	0.441993	0.037236	0.381371	0.132250
240.000000	0.151306	-0.074492	0.151306	0.436741	0.038652	0.384193	0.126727
235.000000	0.168007	-0.106129	0.168007	0.439652	0.027956	0.386842	0.124018
230.000000	0.240447	-0.151933	0.240447	0.438055	0.028844	0.389644	0.114447
225.000000	0.290152	-0.149921	0.290152	0.441627	0.035970	0.385251	0.100417
220.000000	0.268811	-0.137227	0.268811	0.441095	0.034741	0.391850	0.097041
215.000000	0.361820	-0.256535	0.361820	0.433994	0.029737	0.384248	0.098493
210.000000	0.330546	-0.251788	0.330546	0.435526	0.023733	0.394866	0.095762
205.000000	0.465918	-0.404977	0.465918	0.440419	0.022282	0.388103	0.096312
200.000000	0.409073	-0.264167	0.409073	0.439290	0.029009	0.391431	0.078297
195.000000	0.466332	-0.315666	0.466332	0.444922	0.028767	0.387660	0.073736
190.000000	0.483958	-0.374048	0.483958	0.441872	0.025970	0.389768	0.075036
185.000000	0.594199	-0.586151	0.594199	0.436296	0.021853	0.385203	0.091397
180.000000	0.638090	-0.667344	0.638090	0.442340	0.021788	0.381042	0.095793
175.000000	0.784249	-0.868004	0.784249	0.444306	0.022925	0.391241	0.109434
170.000000	0.939712	-1.090627	0.939712	0.446451	0.034981	0.387541	0.127494
165.000000	0.918810	-1.070002	0.918810	0.440780	0.038274	0.388749	0.129505
160.000000	0.906918	-1.048368	0.906918	0.444972	0.036643	0.389438	0.118018
155.000000	0.937907	-1.085622	0.937907	0.447046	0.033976	0.394297	0.116121
150.000000	0.888387	-1.021415	0.888387	0.438614	0.037236	0.391344	0.114123
145.000000	0.917019	-1.063538	0.917019	0.442197	0.036818	0.393890	0.112041
140.000000	0.854499	-0.943117	0.854499	0.440362	0.028393	0.391984	0.093037
135.000000	0.904814	-1.058567	0.904814	0.439615	0.042961	0.391281	0.117141
130.000000	0.981890	-1.188349	0.981890	0.455238	0.053725	0.392110	0.135764
125.000000	0.872942	-0.994722	0.872942	0.440997	0.038237	0.384264	0.101866
120.000000	0.883243	-1.026276	0.883243	0.444722	0.036679	0.392497	0.108902
115.000000	0.921808	-1.111173	0.921808	0.445225	0.049237	0.385085	0.126177
110.000000	0.731784	-0.756253	0.731784	0.443874	0.030846	0.385586	0.073239
105.000000	0.731321	-0.766152	0.731321	0.445422	0.030472	0.386594	0.074974
100.000000	0.763455	-0.814488	0.763455	0.444055	0.034419	0.381695	0.076541
95.000000	0.839711	-0.963901	0.839711	0.449030	0.036149	0.385279	0.089648
90.000000	0.652421	-0.476309	0.652421	0.446770	0.032949	0.382699	0.046802
85.000000	0.692502	-0.596612	0.692502	0.442507	0.033905	0.381209	0.051396
80.000000	0.744457	-0.788076	0.744457	0.443509	0.037121	0.380572	0.068580
75.000000	0.702252	-0.637855	0.702252	0.447276	0.033335	0.380777	0.051604
70.000000	0.710868	-0.330557	0.710868	0.441305	0.041120	0.377266	0.035914
65.000000	0.717267	-0.718147	0.717267	0.447918	0.031499	0.381968	0.055161
60.000000	0.822544	-0.964605	0.822544	0.443567	0.044606	0.381049	0.082824
55.000000	0.867257	-1.040146	0.867257	0.454803	0.044490	0.385848	0.086889
50.000000	0.836588	-1.009229	0.836588	0.445574	0.049838	0.380635	0.091312
45.000000	0.878372	-1.091398	0.878372	0.450768	0.051184	0.390725	0.103530
40.000000	0.874299	-1.094841	0.874299	0.453020	0.055219	0.388039	0.109113
35.000000	0.908066	-1.157228	0.908066	0.458403	0.061573	0.384982	0.126461
30.000000	0.882917	-1.108122	0.882917	0.455007	0.055547	0.384466	0.110338
25.000000	0.751323	-0.817963	0.751323	0.444150	0.042889	0.375638	0.060524
20.000000	0.718900	-0.676734	0.718900	0.447122	0.037473	0.376590	0.042989
15.000000	0.862888	-0.301646	0.862888	0.440855	0.045863	0.373484	0.026200
10.000000	0.736769	-0.751761	0.736769	0.447241	0.039465	0.380785	0.047776
5.000000	0.766175	-0.842838	0.766175	0.442306	0.046381	0.375309	0.056414
0.000000	0.750876	-0.637595	0.750876	0.450260	0.037695	0.380563	0.033456
