0.000000	1.000000
5.000000	0.994648
10.000000	0.990272
15.000000	0.983798
20.000000	0.976941
25.000000	0.969041
30.000000	0.962515
35.000000	0.953213
40.000000	0.945574
45.000000	0.934681
50.000000	0.926083
55.000000	0.912204
60.000000	0.905020
65.000000	0.891224
70.000000	0.878776
75.000000	0.866817
80.000000	0.851260
85.000000	0.830395
90.000000	0.815359
95.000000	0.797195
100.000000	0.773129
105.000000	0.752448
110.000000	0.732103
115.000000	0.704032
120.000000	0.679682
125.000000	0.657459
130.000000	0.624750
135.000000	0.603665
140.000000	0.573913
145.000000	0.542480
150.000000	0.520059
155.000000	0.491262
160.000000	0.470567
165.000000	0.451645
170.000000	0.430104
175.000000	0.414730
180.000000	0.408868
185.000000	0.401161
190.000000	0.404376
195.000000	0.413908
200.000000	0.424605
205.000000	0.448995
210.000000	0.473483
215.000000	0.511428
220.000000	0.546298
225.000000	0.592382
230.000000	0.634959
235.000000	0.683847
240.000000	0.733023
245.000000	0.776256
250.000000	0.825565
255.000000	0.867839
