255.000000	0.000000	0.000000	0.000000	0.371601	0.225328	0.374304	0.241070
250.000000	0.013136	-0.036108	0.013136	0.371011	0.220613	0.374654	0.236579
245.000000	0.020876	-0.084697	0.020876	0.365436	0.218294	0.370302	0.241904
240.000000	0.021814	-0.163487	0.021814	0.362979	0.215066	0.371837	0.243438
235.000000	0.019591	-0.342302	0.019591	0.356582	0.214793	0.385401	0.250160
230.000000	0.025185	-0.440762	0.025185	0.363097	0.216566	0.397428	0.258203
225.000000	0.037372	-0.380327	0.037372	0.353193	0.213358	0.382870	0.247122
220.000000	0.067587	-0.241914	0.067587	0.355683	0.214606	0.365549	0.239745
215.000000	0.089396	0.140889	0.089396	0.378232	0.218108	0.366559	0.233389
210.000000	0.093355	0.869068	0.093355	0.349902	0.221803	0.357432	0.221974
205.000000	0.049979	0.797384	0.049979	0.348137	0.220390	0.361284	0.228310
200.000000	0.050241	1.263493	0.050241	0.344905	0.205478	0.359476	0.215305
195.000000	0.031588	1.730463	-0.031588	0.353201	0.207024	0.392979	0.225943
190.000000	0.011463	1.388870	-0.011463	0.365243	0.212751	0.368036	0.216599
185.000000	0.117663	1.896895	-0.117663	0.347145	0.207655	0.402326	0.234272
180.000000	0.024882	2.700579	-0.024882	0.348924	0.209984	0.359558	0.223964
175.000000	0.014009	2.545923	0.014009	0.337112	0.206801	0.363639	0.220146
170.000000	0.060936	2.732485	0.060936	0.337621	0.202919	0.348907	0.223315
165.000000	0.025578	0.807304	0.025578	0.347956	0.219187	0.363104	0.235138
160.000000	0.045890	0.197279	0.045890	0.376778	0.219475	0.370188	0.237498
155.000000	0.170899	0.601262	0.170899	0.379169	0.227843	0.358347	0.228970
150.000000	0.132335	1.313271	0.132335	0.338557	0.205455	0.374287	0.220658
145.000000	0.143653	0.702311	0.143653	0.374244	0.228966	0.357620	0.230512
140.000000	0.119214	0.254613	0.119214	0.375242	0.218798	0.364192	0.239273
135.000000	0.129383	0.279107	0.129383	0.369777	0.216548	0.364998	0.233381
130.000000	0.186139	-0.152074	0.186139	0.345330	0.208673	0.358818	0.232068
125.000000	0.111574	0.171786	0.111574	0.359634	0.208988	0.366120	0.234584
120.000000	0.139345	1.220880	0.139345	0.326838	0.203430	0.363421	0.217347
115.000000	0.062037	0.810001	0.062037	0.354798	0.226331	0.358815	0.230050
110.000000	0.093614	0.594779	0.093614	0.364481	0.223427	0.372733	0.241532
105.000000	0.110100	0.223304	0.110100	0.367364	0.214013	0.366894	0.232920
100.000000	0.138189	0.585407	0.138189	0.356706	0.219948	0.374985	0.241191
95.000000	0.067409	0.473933	0.067409	0.360199	0.218268	0.372033	0.238544
90.000000	0.134493	0.315585	0.134493	0.343271	0.202320	0.364402	0.232871
85.000000	0.224708	0.419294	0.224708	0.335822	0.197028	0.365548	0.233540
80.000000	0.317248	-0.153529	0.317248	0.326262	0.195832	0.344638	0.213352
75.000000	0.380938	-0.173466	0.380938	0.322921	0.189572	0.344357	0.213982
70.000000	0.488544	0.583674	0.488544	0.321160	0.200299	0.330662	0.202454
65.000000	0.508974	0.849246	0.508974	0.312029	0.193478	0.343559	0.200609
60.000000	0.595732	0.978318	0.595732	0.306850	0.192025	0.345850	0.203918
55.000000	0.663051	0.898349	0.663051	0.303625	0.186215	0.329217	0.191528
50.000000	0.729421	0.860895	0.729421	0.298196	0.186401	0.318821	0.187462
45.000000	0.822751	0.333387	0.822751	0.336752	0.196181	0.289980	0.171760
40.000000	0.929765	0.521646	0.929765	0.320987	0.189139	0.300865	0.177128
35.000000	0.943215	1.003691	0.943215	0.289225	0.182627	0.337675	0.199983
30.000000	0.942073	2.220668	0.942073	0.353734	0.209391	0.344273	0.215975
25.000000	1.035714	2.224940	1.035714	0.356239	0.215484	0.340968	0.219883
20.000000	1.054428	1.213095	1.054428	0.290708	0.175943	0.361509	0.209506
15.000000	1.125470	0.695391	1.125470	0.311708	0.185958	0.342160	0.202536
10.000000	1.145486	0.588632	1.145486	0.316824	0.188139	0.337666	0.201017
5.000000	1.151563	0.815906	1.151563	0.297914	0.177899	0.365535	0.212479
0.000000	1.158929	1.206037	1.158929	0.283010	0.178941	0.354727	0.202906
