0.000000	0.634477
5.000000	0.638060
10.000000	0.640795
15.000000	0.644973
20.000000	0.648330
25.000000	0.652063
30.000000	0.657706
35.000000	0.662309
40.000000	0.666638
45.000000	0.671179
50.000000	0.677839
55.000000	0.684932
60.000000	0.689876
65.000000	0.698267
70.000000	0.705905
75.000000	0.715713
80.000000	0.722114
85.000000	0.733865
90.000000	0.742093
95.000000	0.751154
100.000000	0.764423
105.000000	0.774953
110.000000	0.789112
115.000000	0.799466
120.000000	0.812425
125.000000	0.827244
130.000000	0.846327
135.000000	0.853715
140.000000	0.877058
145.000000	0.890829
150.000000	0.904905
155.000000	0.922196
160.000000	0.928701
165.000000	0.943775
170.000000	0.951343
175.000000	0.982117
180.000000	0.972532
185.000000	0.999628
190.000000	0.984667
195.000000	1.000000
200.000000	0.986083
205.000000	0.994229
210.000000	0.991901
215.000000	0.963562
220.000000	0.960678
225.000000	0.931486
230.000000	0.915389
235.000000	0.882330
240.000000	0.856037
245.000000	0.823605
250.000000	0.786118
255.000000	0.759132
