255.000000	0.000000	0.000000	0.000000	0.340335	0.111195	0.363913	0.167840
250.000000	0.003319	0.004885	-0.011522	0.340579	0.111197	0.361469	0.165994
245.000000	0.039934	0.017645	-0.097513	0.338903	0.114858	0.364194	0.158803
240.000000	0.052484	0.018797	-0.123765	0.341301	0.117321	0.362902	0.156722
235.000000	0.092719	0.013197	-0.198635	0.340636	0.121623	0.370766	0.148167
230.000000	0.116057	0.013719	-0.245833	0.343892	0.124781	0.370932	0.143048
225.000000	0.079597	-0.010086	-0.149108	0.346163	0.119208	0.371524	0.152178
220.000000	0.203089	-0.019372	-0.386807	0.338578	0.133721	0.374636	0.121080
215.000000	0.166201	-0.013219	-0.319184	0.341366	0.130702	0.376651	0.130211
210.000000	0.154158	-0.023597	-0.284719	0.342275	0.128183	0.376800	0.134385
205.000000	0.194737	-0.028735	-0.360738	0.345487	0.131648	0.377574	0.124577
200.000000	0.169981	-0.026107	-0.313854	0.342332	0.128214	0.374774	0.130117
195.000000	0.162029	-0.028608	-0.295450	0.347541	0.126996	0.375752	0.131446
190.000000	0.162878	-0.031639	-0.294117	0.341941	0.127191	0.375925	0.130927
185.000000	0.136874	-0.031156	-0.242591	0.342815	0.124030	0.374837	0.136454
180.000000	0.095272	-0.039763	-0.150782	0.348186	0.119168	0.376474	0.149781
175.000000	0.023996	-0.042202	-0.005790	0.345168	0.113604	0.372405	0.166429
170.000000	0.068196	-0.085410	0.221802	0.331311	0.115296	0.363487	0.168008
165.000000	0.075629	-0.076750	0.228007	0.328678	0.117009	0.352384	0.162987
160.000000	0.044569	-0.050224	0.139362	0.335012	0.112220	0.354286	0.166923
155.000000	0.088509	-0.063900	0.240917	0.333853	0.115022	0.355425	0.164399
150.000000	0.159821	-0.087506	0.407149	0.334274	0.126421	0.372749	0.159278
145.000000	0.065855	-0.067671	0.199381	0.339338	0.112256	0.359834	0.172713
140.000000	0.133150	-0.069417	0.335718	0.327121	0.121477	0.367325	0.159608
135.000000	0.232081	-0.063649	0.527810	0.335450	0.137141	0.380415	0.146806
130.000000	0.093871	-0.061262	0.249005	0.332201	0.114653	0.355293	0.163093
125.000000	0.121849	-0.054287	0.297986	0.331043	0.116667	0.366840	0.163737
120.000000	0.175557	-0.062861	0.413974	0.327723	0.123811	0.374489	0.157251
115.000000	0.102354	-0.021348	0.226057	0.330312	0.109946	0.368361	0.169495
110.000000	0.264128	-0.021390	0.549645	0.328499	0.132479	0.392980	0.149630
105.000000	0.194384	-0.016298	0.405065	0.327112	0.112064	0.378732	0.158361
100.000000	0.294790	0.019647	0.569932	0.325934	0.119291	0.393120	0.147358
95.000000	0.335940	0.059945	0.611934	0.323483	0.103470	0.377285	0.135678
90.000000	0.408791	0.147658	0.669924	0.323813	0.085152	0.363392	0.119780
85.000000	0.631674	0.251704	1.011644	0.327429	0.080250	0.369440	0.102392
80.000000	0.641152	0.299879	0.982425	0.317545	0.045702	0.358524	0.100608
75.000000	0.770977	0.325390	1.216564	0.319558	0.027541	0.354335	0.099132
70.000000	0.817203	0.030851	1.603554	0.318960	0.010337	0.354463	0.098175
65.000000	0.863910	-0.303920	2.031740	0.326054	0.021009	0.342213	0.098364
60.000000	0.901696	-0.327418	2.130810	0.328443	0.034215	0.338419	0.099392
55.000000	0.973419	-0.189021	2.135860	0.330244	0.036973	0.334685	0.100316
50.000000	1.002962	-0.198572	2.204496	0.330117	0.043286	0.331579	0.099405
45.000000	1.051545	-0.128377	2.231467	0.331759	0.042726	0.327883	0.100175
40.000000	1.076782	-0.130974	2.284538	0.335961	0.044201	0.325402	0.097140
35.000000	1.078537	-0.207312	2.364386	0.330122	0.051137	0.326790	0.097487
30.000000	1.053255	-0.303128	2.409638	0.331515	0.068825	0.334749	0.098957
25.000000	1.046195	-0.336323	2.428713	0.329608	0.076585	0.332973	0.096828
20.000000	1.054096	-0.338751	2.446943	0.327004	0.079334	0.329998	0.096938
15.000000	1.060760	-0.345803	2.467323	0.329561	0.081111	0.333851	0.098244
10.000000	1.051093	-0.368091	2.470278	0.329857	0.090723	0.334570	0.095973
5.000000	1.059879	-0.364878	2.484636	0.329980	0.089877	0.331905	0.096665
0.000000	1.065704	-0.365082	2.496489	0.328922	0.088647	0.333863	0.097315
