0.000000	1.000000
5.000000	0.991627
10.000000	0.974064
15.000000	0.952692
20.000000	0.919212
25.000000	0.878588
30.000000	0.844383
35.000000	0.799283
40.000000	0.745585
45.000000	0.687371
50.000000	0.624608
55.000000	0.576936
60.000000	0.527446
65.000000	0.487979
70.000000	0.470382
75.000000	0.462106
80.000000	0.459817
85.000000	0.463859
90.000000	0.466147
95.000000	0.467901
100.000000	0.466923
105.000000	0.467213
110.000000	0.468358
115.000000	0.469056
120.000000	0.470967
125.000000	0.472530
130.000000	0.473603
135.000000	0.475049
140.000000	0.476132
145.000000	0.477223
150.000000	0.477474
155.000000	0.478273
160.000000	0.479425
165.000000	0.479912
170.000000	0.480411
175.000000	0.481025
180.000000	0.480669
185.000000	0.480611
190.000000	0.480827
195.000000	0.480545
200.000000	0.480838
205.000000	0.480961
210.000000	0.481393
215.000000	0.481765
220.000000	0.481743
225.000000	0.482015
230.000000	0.482000
235.000000	0.463376
240.000000	0.481859
245.000000	0.481551
250.000000	0.481460
255.000000	0.480804
