255.000000	0.000000	0.000000	0.000000	0.415948	0.174548	0.415039	0.134856
250.000000	0.004093	-0.066876	-0.004093	0.417567	0.178758	0.418862	0.111735
245.000000	0.009362	-0.183031	-0.009362	0.414644	0.183484	0.413805	0.073878
240.000000	0.081337	0.001575	-0.081337	0.416383	0.170293	0.423664	0.116621
235.000000	0.128438	0.063728	-0.128438	0.422107	0.165362	0.424978	0.126052
230.000000	0.160709	0.054409	-0.160709	0.433844	0.166909	0.431172	0.120824
225.000000	0.178887	-0.012309	-0.178887	0.426939	0.164144	0.431178	0.106208
220.000000	0.223118	0.044317	-0.223118	0.427019	0.161128	0.429516	0.115081
215.000000	0.227830	-0.046704	-0.227830	0.441916	0.160335	0.434016	0.098390
210.000000	0.257961	-0.095507	-0.257961	0.436643	0.157877	0.429982	0.092917
205.000000	0.284903	-0.141659	-0.284903	0.446759	0.155838	0.433758	0.084655
200.000000	0.322296	-0.232514	-0.322296	0.443560	0.152478	0.432382	0.076151
195.000000	0.367454	-0.302227	-0.367454	0.436594	0.154133	0.427022	0.074625
190.000000	0.386993	-0.280039	-0.386993	0.449257	0.149988	0.438176	0.073806
185.000000	0.426687	-0.328089	-0.426687	0.443289	0.149161	0.431661	0.075044
180.000000	0.470782	-0.435651	-0.470782	0.447253	0.150195	0.432535	0.072686
175.000000	0.536452	-0.582705	-0.536452	0.450446	0.148914	0.432067	0.070787
170.000000	0.581072	-0.696397	-0.581072	0.450474	0.149435	0.428169	0.073486
165.000000	0.589225	-0.711354	-0.589225	0.452716	0.146741	0.436243	0.074835
160.000000	0.633240	-0.851424	-0.633240	0.441216	0.151428	0.403230	0.084085
155.000000	0.650702	-1.027109	-0.650702	0.440582	0.153421	0.421760	0.097110
150.000000	0.652892	-1.023734	-0.652892	0.445710	0.154584	0.412454	0.098686
145.000000	0.645658	-0.992258	-0.645658	0.439716	0.157728	0.401859	0.098142
140.000000	0.633550	-0.866854	-0.633550	0.460067	0.148156	0.419812	0.091284
135.000000	0.590553	-0.582610	-0.590553	0.463509	0.143534	0.413551	0.086589
130.000000	0.593797	-0.489994	-0.593797	0.453024	0.142135	0.411725	0.089806
125.000000	0.616661	-0.535566	-0.616661	0.463302	0.140091	0.429846	0.090206
120.000000	0.619358	-0.519448	-0.619358	0.454585	0.140241	0.406779	0.092632
115.000000	0.638687	-0.583744	-0.638687	0.459930	0.139869	0.409962	0.094400
110.000000	0.622474	-0.449284	-0.622474	0.458412	0.136495	0.431039	0.096560
105.000000	0.601248	-0.204183	-0.601248	0.449120	0.141435	0.412954	0.107458
100.000000	0.603469	-0.113879	-0.603469	0.455053	0.142220	0.411025	0.112576
95.000000	0.620163	-0.138651	-0.620163	0.452659	0.139744	0.417194	0.111337
90.000000	0.628729	-0.105572	-0.628729	0.451182	0.142432	0.411879	0.114295
85.000000	0.624114	0.018742	-0.624114	0.447855	0.144337	0.407285	0.122065
80.000000	0.649146	0.059746	-0.649146	0.439102	0.149152	0.408284	0.128712
75.000000	0.642391	-0.008682	-0.642391	0.449063	0.145414	0.405708	0.122837
70.000000	0.654476	-0.065707	-0.654476	0.448212	0.140449	0.412000	0.119281
65.000000	0.675865	-0.525964	-0.675865	0.446838	0.136808	0.398236	0.104508
60.000000	0.672817	-0.446356	-0.672817	0.457885	0.134747	0.422016	0.105303
55.000000	0.659045	-0.283033	-0.659045	0.448905	0.136385	0.422620	0.111390
50.000000	0.669772	-0.361193	-0.669772	0.450221	0.138882	0.408837	0.110273
45.000000	0.663039	-0.249534	-0.663039	0.455460	0.137210	0.421881	0.110568
40.000000	0.670659	-0.401739	-0.670659	0.449219	0.135823	0.407860	0.109445
35.000000	0.683997	-0.414795	-0.683997	0.463160	0.134809	0.428730	0.109414
30.000000	0.677368	-0.345320	-0.677368	0.450770	0.136309	0.417121	0.112203
25.000000	0.689339	-0.249234	-0.689339	0.454783	0.137405	0.420282	0.116263
20.000000	0.694781	-0.261632	-0.694781	0.458444	0.136331	0.421261	0.113547
15.000000	0.702202	-0.318795	-0.702202	0.450830	0.137926	0.410126	0.114679
10.000000	0.708805	-0.307840	-0.708805	0.457314	0.136784	0.416221	0.114163
5.000000	0.702621	-0.274520	-0.702621	0.454922	0.137924	0.412086	0.114903
0.000000	0.702127	-0.234231	-0.702127	0.450669	0.139969	0.409974	0.120063
