0.000000	0.438764
5.000000	0.425724
10.000000	0.412361
15.000000	0.393711
20.000000	0.372206
25.000000	0.352164
30.000000	0.333942
35.000000	0.324109
40.000000	0.318307
45.000000	0.323500
50.000000	0.346079
55.000000	0.376879
60.000000	0.427263
65.000000	0.504510
70.000000	0.611284
75.000000	0.741974
80.000000	0.853667
85.000000	0.947743
90.000000	1.000000
95.000000	0.997030
100.000000	0.954170
105.000000	0.933547
110.000000	0.919121
115.000000	0.917066
120.000000	0.920346
125.000000	0.920626
130.000000	0.918732
135.000000	0.908869
140.000000	0.864569
145.000000	0.875790
150.000000	0.862350
155.000000	0.851982
160.000000	0.851119
165.000000	0.859505
170.000000	0.862236
175.000000	0.854811
180.000000	0.850909
185.000000	0.847601
190.000000	0.847068
195.000000	0.852227
200.000000	0.855145
205.000000	0.864457
210.000000	0.879216
215.000000	0.899004
220.000000	0.915443
225.000000	0.920938
230.000000	0.904292
235.000000	0.889346
240.000000	0.919901
245.000000	0.857830
250.000000	0.849695
255.000000	0.849759
