255.000000	0.000000	0.000000	0.000000	0.370842	0.250054	0.366395	0.266214
250.000000	0.207230	-0.003183	-0.207230	0.378398	0.258657	0.376005	0.265687
245.000000	0.250367	0.030884	-0.250367	0.382069	0.260736	0.385017	0.264992
240.000000	0.424712	0.075193	-0.424712	0.383549	0.258444	0.384578	0.252230
235.000000	0.006308	0.116073	-0.006308	0.369296	0.253255	0.359320	0.251351
230.000000	0.190707	0.127452	0.190707	0.373488	0.255663	0.361022	0.247370
225.000000	0.179087	0.148689	0.179087	0.370517	0.253013	0.361633	0.245726
220.000000	0.211831	0.197283	0.211831	0.363899	0.248844	0.339784	0.228997
215.000000	0.534334	0.226166	0.534334	0.398766	0.262235	0.312440	0.219290
210.000000	0.789987	0.249654	0.789987	0.392382	0.251751	0.314706	0.212745
205.000000	0.833906	0.295482	0.833906	0.392408	0.247994	0.318136	0.209093
200.000000	0.695226	0.303620	0.695226	0.393335	0.255339	0.311409	0.211573
195.000000	0.399742	0.126704	0.399742	0.392650	0.256512	0.341983	0.234531
190.000000	0.410579	0.124685	0.410579	0.397131	0.257175	0.340963	0.238192
185.000000	0.431715	0.118409	0.431715	0.383885	0.255726	0.331059	0.228438
180.000000	0.600742	0.204134	0.600742	0.394716	0.263833	0.345156	0.239999
175.000000	0.191370	-0.032112	0.191370	0.356130	0.045013	0.333436	0.110739
170.000000	0.819767	0.650488	0.819767	0.358842	0.231528	0.361267	0.228035
165.000000	0.926165	0.684806	0.926165	0.367908	0.236969	0.355994	0.224347
160.000000	0.988572	0.725708	0.988572	0.364183	0.235107	0.366675	0.228280
155.000000	1.297193	0.753854	1.297193	0.362330	0.230430	0.332794	0.219068
150.000000	1.359349	0.785881	1.359349	0.352182	0.223597	0.337987	0.217774
145.000000	1.261674	0.820597	1.261674	0.373479	0.242753	0.324728	0.213440
140.000000	1.246241	0.847723	1.246241	0.370815	0.235686	0.337050	0.214899
135.000000	1.245996	0.872977	1.245996	0.362579	0.231148	0.329633	0.210594
130.000000	1.271314	0.904638	1.271314	0.364779	0.226826	0.346777	0.212812
125.000000	1.361116	0.918282	1.361116	0.357810	0.231024	0.342231	0.210527
120.000000	1.455585	0.936759	1.455585	0.353708	0.221516	0.344053	0.206737
115.000000	1.353256	0.948101	1.353256	0.369391	0.230543	0.349555	0.210566
110.000000	1.416296	0.970004	1.416296	0.368350	0.231926	0.338065	0.207982
105.000000	1.583542	0.973423	1.583542	0.357042	0.217886	0.339990	0.206534
100.000000	1.875528	0.959035	1.875528	0.361157	0.210112	0.342171	0.213803
95.000000	2.071055	0.934348	2.071055	0.368550	0.220073	0.333650	0.213228
90.000000	1.779524	0.962240	1.779524	0.363162	0.211982	0.349368	0.214620
85.000000	1.801667	0.972494	1.801667	0.370424	0.217769	0.344261	0.217427
80.000000	1.851109	1.005056	1.851109	0.361935	0.210783	0.348522	0.218383
75.000000	1.707771	1.021656	1.707771	0.364547	0.217086	0.345030	0.212659
70.000000	1.622828	1.036391	1.622828	0.376570	0.226894	0.344913	0.208785
65.000000	1.667438	1.044808	1.667438	0.373430	0.224019	0.347242	0.212216
60.000000	1.656553	1.063206	1.656553	0.373676	0.221382	0.338825	0.207898
55.000000	1.613419	1.070742	1.613419	0.375733	0.224427	0.342746	0.204133
50.000000	1.793236	1.060682	1.793236	0.367889	0.205333	0.344352	0.209524
45.000000	1.824562	1.072181	1.824562	0.375896	0.208590	0.332355	0.202756
40.000000	1.812358	1.089518	1.812358	0.378776	0.208925	0.333094	0.202598
35.000000	1.779018	1.106863	1.779018	0.367558	0.204733	0.331735	0.201500
30.000000	1.870994	1.108115	1.870994	0.385141	0.212030	0.323997	0.203420
25.000000	1.905394	1.106031	1.905394	0.386618	0.211028	0.336213	0.209514
20.000000	1.783657	1.123067	1.783657	0.381665	0.212567	0.329702	0.200662
15.000000	1.779630	1.125252	1.779630	0.390455	0.217493	0.328112	0.200752
10.000000	2.071169	1.097994	2.071169	0.383511	0.209629	0.342243	0.207785
5.000000	2.198772	1.077701	2.198772	0.381703	0.214196	0.344006	0.202347
0.000000	2.304160	1.076154	2.304160	0.382664	0.218687	0.346964	0.198412
