255.000000	0.000000	0.000000	0.000000	0.419802	0.149585	0.386529	0.108733
250.000000	0.025790	0.025790	0.032442	0.417950	0.147616	0.386058	0.106892
245.000000	0.055354	0.055354	0.043321	0.414385	0.147663	0.389465	0.105649
240.000000	0.074951	0.074951	0.044104	0.418051	0.146131	0.393159	0.106838
235.000000	0.098568	0.098568	0.201010	0.410258	0.150195	0.394956	0.105567
230.000000	0.124045	0.124045	0.405017	0.419359	0.157038	0.382529	0.101454
225.000000	0.156291	0.156291	0.539251	0.417293	0.161093	0.373602	0.102954
220.000000	0.156080	0.156080	0.468916	0.419976	0.158335	0.381714	0.103810
215.000000	0.175826	0.175826	0.478166	0.420718	0.156556	0.378271	0.104902
210.000000	0.183438	0.183438	0.430695	0.416277	0.153789	0.378553	0.106424
205.000000	0.194587	0.194587	0.370975	0.416208	0.151149	0.386003	0.106305
200.000000	0.197181	0.197181	0.236338	0.413854	0.144555	0.395623	0.112068
195.000000	0.212660	0.212660	0.352045	0.417344	0.148360	0.392491	0.109568
190.000000	0.213761	0.213761	0.410589	0.414925	0.149478	0.393925	0.111233
185.000000	0.250892	0.250892	0.546243	0.419307	0.152114	0.378141	0.111543
180.000000	0.211296	0.211296	0.559200	0.423949	0.158343	0.388273	0.112018
175.000000	0.232546	0.232546	0.565116	0.414635	0.149924	0.384964	0.111923
170.000000	0.199103	0.199103	0.848516	0.442584	0.159453	0.381513	0.114341
165.000000	0.244204	0.244204	0.546088	0.419818	0.149679	0.385712	0.113680
160.000000	0.273525	0.273525	0.701930	0.430560	0.157832	0.378938	0.114746
155.000000	0.305626	0.305626	1.087474	0.439670	0.155555	0.388130	0.122336
150.000000	0.280445	0.280445	0.922215	0.433635	0.157627	0.378947	0.118691
145.000000	0.288305	0.288305	0.909216	0.449645	0.160151	0.379183	0.119522
140.000000	0.265385	0.265385	0.753982	0.430988	0.158085	0.375257	0.116885
135.000000	0.259026	0.259026	0.482063	0.422620	0.146127	0.387452	0.115217
130.000000	0.269691	0.269691	0.529238	0.421722	0.149267	0.387349	0.114753
125.000000	0.266055	0.266055	0.587690	0.425631	0.150194	0.384367	0.117634
120.000000	0.278512	0.278512	0.551726	0.429601	0.148513	0.385683	0.116610
115.000000	0.284895	0.284895	0.560700	0.421676	0.147624	0.386793	0.116096
110.000000	0.298483	0.298483	0.348697	0.423838	0.137560	0.392696	0.117017
105.000000	0.279812	0.279812	0.047006	0.416898	0.132070	0.380557	0.110213
100.000000	0.298633	0.298633	-0.089957	0.418090	0.129593	0.377253	0.111422
95.000000	0.283514	0.283514	0.050807	0.420264	0.132488	0.382468	0.112961
90.000000	0.287263	0.287263	-0.065546	0.417590	0.129586	0.371368	0.110867
85.000000	0.293905	0.293905	0.047198	0.413102	0.130397	0.378536	0.111667
80.000000	0.320599	0.320599	0.093097	0.418163	0.132375	0.376446	0.112493
75.000000	0.287657	0.287657	0.090986	0.406595	0.131313	0.375286	0.110584
70.000000	0.298846	0.298846	0.041606	0.414344	0.129210	0.376564	0.110961
65.000000	0.297702	0.297702	-0.153792	0.420088	0.129546	0.368404	0.110776
60.000000	0.298475	0.298475	-0.011254	0.407196	0.126864	0.375324	0.110070
55.000000	0.284752	0.284752	0.152887	0.413315	0.130838	0.382942	0.112246
50.000000	0.301589	0.301589	-0.000406	0.408288	0.126877	0.374467	0.107486
45.000000	0.270767	0.270767	-0.108637	0.410422	0.124983	0.369578	0.108461
40.000000	0.284660	0.284660	-0.139140	0.417911	0.126566	0.371792	0.109466
35.000000	0.297938	0.297938	0.016016	0.403696	0.126532	0.376406	0.107878
30.000000	0.302506	0.302506	-0.250800	0.407314	0.124984	0.366610	0.110060
25.000000	0.334165	0.334165	-0.004895	0.407079	0.127002	0.374683	0.108599
20.000000	0.308813	0.308813	0.009593	0.403332	0.126370	0.379195	0.108406
15.000000	0.280917	0.280917	-0.244927	0.409239	0.124768	0.373566	0.110958
10.000000	0.296546	0.296546	-0.263000	0.398808	0.123439	0.372542	0.110660
5.000000	0.305271	0.305271	-0.372225	0.415374	0.128359	0.371911	0.113479
0.000000	0.313614	0.313614	-0.274841	0.405453	0.125876	0.374620	0.109283
