0.000000	0.140214
5.000000	0.142338
10.000000	0.143915
15.000000	0.146542
20.000000	0.148884
25.000000	0.150801
30.000000	0.154379
35.000000	0.157475
40.000000	0.159908
45.000000	0.164484
50.000000	0.167672
55.000000	0.172639
60.000000	0.177204
65.000000	0.183091
70.000000	0.188190
75.000000	0.194576
80.000000	0.200983
85.000000	0.209701
90.000000	0.217124
95.000000	0.226632
100.000000	0.235703
105.000000	0.246510
110.000000	0.258017
115.000000	0.270112
120.000000	0.284938
125.000000	0.299349
130.000000	0.316122
135.000000	0.337083
140.000000	0.353328
145.000000	0.376158
150.000000	0.401346
155.000000	0.420805
160.000000	0.448998
165.000000	0.476483
170.000000	0.511343
175.000000	0.540660
180.000000	0.571233
185.000000	0.605717
190.000000	0.641947
195.000000	0.687631
200.000000	0.718698
205.000000	0.764506
210.000000	0.784223
215.000000	0.826381
220.000000	0.850803
225.000000	0.898941
230.000000	0.923866
235.000000	0.946438
240.000000	0.956208
245.000000	0.984996
250.000000	0.990065
255.000000	1.000000
