0.000000	0.255389
5.000000	0.247649
10.000000	0.240083
15.000000	0.231193
20.000000	0.222265
25.000000	0.216978
30.000000	0.219915
35.000000	0.221915
40.000000	0.235973
45.000000	0.256575
50.000000	0.259030
55.000000	0.259712
60.000000	0.269698
65.000000	0.307779
70.000000	0.405103
75.000000	0.526022
80.000000	0.693470
85.000000	0.838206
90.000000	0.918054
95.000000	0.934938
100.000000	0.921005
105.000000	0.893758
110.000000	0.856936
115.000000	0.834743
120.000000	0.843334
125.000000	0.841236
130.000000	0.830441
135.000000	0.824063
140.000000	0.808926
145.000000	0.920213
150.000000	0.775752
155.000000	1.000000
160.000000	0.767210
165.000000	0.774090
170.000000	0.782125
175.000000	0.788488
180.000000	0.791017
185.000000	0.798103
190.000000	0.801666
195.000000	0.790267
200.000000	0.778046
205.000000	0.780421
210.000000	0.785769
215.000000	0.796443
220.000000	0.818801
225.000000	0.842326
230.000000	0.847124
235.000000	0.819662
240.000000	0.795141
245.000000	0.783723
250.000000	0.821692
255.000000	0.854245
