255.000000	0.000000	0.000000	0.000000	0.432048	0.176528	0.394584	0.145601
250.000000	0.038650	0.038650	0.166702	0.424871	0.173055	0.397051	0.144109
245.000000	0.054584	0.054584	0.089105	0.435409	0.174394	0.393394	0.140147
240.000000	0.049514	0.049514	0.182982	0.426468	0.171947	0.392845	0.138956
235.000000	0.075088	0.075088	0.203150	0.442564	0.173538	0.391329	0.138633
230.000000	0.099484	0.099484	0.270935	0.431977	0.169868	0.389165	0.139100
225.000000	0.111175	0.111175	0.331267	0.421107	0.166882	0.389025	0.137613
220.000000	0.163090	0.163090	0.214402	0.447181	0.174035	0.391347	0.138328
215.000000	0.163865	0.163865	0.206716	0.433600	0.172401	0.393031	0.133386
210.000000	0.186481	0.186481	0.241809	0.445869	0.172961	0.388600	0.138111
205.000000	0.191157	0.191157	0.486270	0.421761	0.159066	0.401780	0.143744
200.000000	0.211662	0.211662	0.415735	0.429680	0.160759	0.399517	0.143149
195.000000	0.230105	0.230105	0.279945	0.443721	0.168085	0.391847	0.140670
190.000000	0.252531	0.252531	0.268122	0.437879	0.170039	0.390443	0.135386
185.000000	0.261764	0.261764	0.346800	0.438109	0.165773	0.393648	0.142972
180.000000	0.260012	0.260012	0.485944	0.426597	0.158920	0.401366	0.147156
175.000000	0.255795	0.255795	0.599063	0.415549	0.154701	0.397486	0.147309
170.000000	0.247549	0.247549	0.746753	0.433303	0.148752	0.404000	0.151343
165.000000	0.238969	0.238969	0.886365	0.433576	0.145430	0.397486	0.148805
160.000000	0.229190	0.229190	0.948175	0.429853	0.146215	0.390523	0.145219
155.000000	0.251569	0.251569	1.125443	0.450208	0.149317	0.396685	0.148295
150.000000	0.247085	0.247085	1.273235	0.432495	0.150530	0.405363	0.148990
145.000000	0.271660	0.271660	1.066140	0.435745	0.145637	0.392909	0.145128
140.000000	0.245642	0.245642	1.165232	0.455665	0.148599	0.387249	0.147528
135.000000	0.244554	0.244554	0.966633	0.433640	0.144256	0.381831	0.143651
130.000000	0.227283	0.227283	1.069432	0.451116	0.147887	0.378948	0.146031
125.000000	0.356784	0.356784	0.532733	0.416220	0.154729	0.377812	0.146001
120.000000	0.320873	0.320873	1.030873	0.433135	0.143192	0.370343	0.141415
115.000000	0.359965	0.359965	0.985150	0.454275	0.143006	0.382378	0.146983
110.000000	0.255014	0.255014	0.853962	0.427359	0.143584	0.365480	0.142884
105.000000	0.290843	0.290843	1.109644	0.459111	0.144201	0.369402	0.145958
100.000000	0.206962	0.206962	1.297099	0.411837	0.140535	0.391003	0.149370
95.000000	0.352341	0.352341	0.202331	0.428247	0.166446	0.389554	0.148757
90.000000	0.325963	0.325963	0.136793	0.416037	0.161509	0.376548	0.145617
85.000000	0.384359	0.384359	0.112246	0.418944	0.168809	0.385291	0.146105
80.000000	0.396059	0.396059	0.032601	0.420766	0.169655	0.386086	0.146434
75.000000	0.317706	0.317706	-0.462543	0.431265	0.181112	0.377318	0.142259
70.000000	0.304829	0.304829	-0.522580	0.429785	0.179423	0.381440	0.144486
65.000000	0.335315	0.335315	-0.502889	0.426356	0.180188	0.378917	0.146858
60.000000	0.340359	0.340359	-0.284660	0.414556	0.172891	0.369652	0.139077
55.000000	0.351969	0.351969	-0.200483	0.420081	0.173612	0.376486	0.140608
50.000000	0.353553	0.353553	-0.242859	0.422779	0.172768	0.370292	0.140476
45.000000	0.352112	0.352112	-0.256267	0.416954	0.173839	0.374988	0.141363
40.000000	0.420052	0.420052	-0.057238	0.415282	0.170216	0.373675	0.144398
35.000000	0.354359	0.354359	-0.404945	0.427196	0.177949	0.372602	0.139722
30.000000	0.355443	0.355443	-0.514337	0.434201	0.183639	0.371625	0.146262
25.000000	0.399663	0.399663	-0.338379	0.430962	0.182094	0.375199	0.140395
20.000000	0.335862	0.335862	-0.051941	0.411394	0.165238	0.375144	0.140074
15.000000	0.348968	0.348968	-0.086287	0.417568	0.169598	0.377152	0.143704
10.000000	0.390924	0.390924	-0.080617	0.416694	0.167834	0.373074	0.138896
5.000000	0.344039	0.344039	-0.381942	0.421955	0.178207	0.385705	0.145076
0.000000	0.370389	0.370389	-0.350013	0.418190	0.174607	0.381494	0.140913
