255.000000	0.000000	0.000000	0.000000	0.399884	0.093796	0.387781	0.170029
250.000000	0.056005	0.019208	0.092802	0.404569	0.091970	0.408293	0.171793
245.000000	0.125932	0.022394	0.229471	0.390770	0.087587	0.373563	0.162140
240.000000	0.165839	0.054205	0.277472	0.418321	0.086268	0.413008	0.166926
235.000000	0.177277	0.109177	0.245378	0.404095	0.083557	0.383881	0.158020
230.000000	0.201019	0.150861	0.251177	0.410642	0.077950	0.379575	0.154161
225.000000	0.244743	0.168475	0.321012	0.425651	0.074183	0.400866	0.158601
220.000000	0.285643	0.157021	0.414266	0.413595	0.068880	0.367760	0.153988
215.000000	0.335049	0.159935	0.510163	0.422183	0.059795	0.379521	0.154894
210.000000	0.350698	0.219517	0.481880	0.428215	0.056516	0.390504	0.157610
205.000000	0.377587	0.200969	0.554206	0.426166	0.045659	0.356644	0.154745
200.000000	0.408311	0.195309	0.621313	0.427115	0.042247	0.371654	0.154065
195.000000	0.408905	0.273893	0.543916	0.421972	0.034435	0.377512	0.156140
190.000000	0.413856	0.327962	0.499750	0.425265	0.023417	0.359773	0.154725
185.000000	0.451763	0.309834	0.593693	0.416383	0.023100	0.385597	0.154310
180.000000	0.480045	0.205158	0.754933	0.413164	0.016115	0.382997	0.154572
175.000000	0.518917	-0.015992	1.053826	0.416393	0.021038	0.379858	0.154235
170.000000	0.577651	0.010708	1.144595	0.406522	0.036897	0.408712	0.157742
165.000000	0.606331	-0.050260	1.262922	0.419707	0.048643	0.401313	0.159284
160.000000	0.581188	-0.045851	1.208227	0.413312	0.019077	0.404469	0.158111
155.000000	0.564013	-0.445808	1.573835	0.411106	0.011351	0.393792	0.158224
150.000000	0.709096	0.005560	1.412631	0.412523	0.070905	0.401394	0.158727
145.000000	0.745400	0.077515	1.413284	0.399705	0.078983	0.390296	0.150527
140.000000	0.653286	-0.141673	1.448245	0.414722	0.039520	0.408797	0.163545
135.000000	0.682716	-0.113268	1.478700	0.417099	0.041429	0.400317	0.158627
130.000000	0.750523	0.035665	1.465381	0.404472	0.056690	0.379228	0.150096
125.000000	0.634594	-0.485470	1.754658	0.423374	0.032949	0.387464	0.160476
120.000000	0.556056	-0.892810	2.004922	0.427143	0.051694	0.387595	0.158589
115.000000	0.575108	-0.763608	1.913825	0.409858	0.048754	0.383054	0.160628
110.000000	0.599516	-0.803335	2.002368	0.421874	0.040289	0.394164	0.161181
105.000000	0.531029	-0.883777	1.945835	0.403749	0.075604	0.368785	0.158259
100.000000	0.585337	-0.830417	2.001092	0.425890	0.062027	0.391830	0.163269
95.000000	0.607655	-0.784568	1.999878	0.425388	0.056928	0.391736	0.164291
90.000000	0.597594	-0.793564	1.988751	0.414886	0.062236	0.388651	0.164079
85.000000	0.610401	-0.813735	2.034537	0.420927	0.061611	0.394956	0.166158
80.000000	0.604809	-0.765704	1.975321	0.410059	0.065447	0.386387	0.166553
75.000000	0.609758	-0.793213	2.012730	0.425177	0.065826	0.392689	0.166644
70.000000	0.601547	-0.815249	2.018343	0.421238	0.070545	0.391594	0.167955
65.000000	0.569164	-0.836049	1.974377	0.390018	0.081871	0.374873	0.165077
60.000000	0.535822	-0.916314	1.987959	0.417515	0.106171	0.374208	0.161770
55.000000	0.591500	-0.828024	2.011024	0.418334	0.085372	0.383760	0.166660
50.000000	0.620718	-0.786626	2.028063	0.416758	0.073195	0.389415	0.170097
45.000000	0.681923	-0.676103	2.039949	0.423359	0.055641	0.383420	0.167306
40.000000	0.741042	-0.459794	1.941877	0.416936	0.048545	0.373547	0.165473
35.000000	0.734532	-0.522482	1.991546	0.420056	0.043184	0.373754	0.163889
30.000000	0.751844	-0.468433	1.972121	0.424114	0.044480	0.366190	0.161217
25.000000	0.763773	-0.386447	1.913992	0.414288	0.046442	0.368817	0.164661
20.000000	0.747465	-0.501213	1.996142	0.424774	0.041653	0.362641	0.159919
15.000000	0.719881	-0.592737	2.032499	0.422163	0.058278	0.377366	0.168439
10.000000	0.728774	-0.558082	2.015630	0.421360	0.054176	0.377502	0.167844
5.000000	0.731894	-0.586749	2.050537	0.420808	0.048238	0.366697	0.161543
0.000000	0.744842	-0.505923	1.995607	0.417021	0.050511	0.370140	0.167414
