255.000000	0.000000	0.000000	0.000000	0.378814	0.077311	0.380756	0.182392
250.000000	0.004310	0.004310	0.017505	0.376139	0.079901	0.399678	0.182981
245.000000	0.006654	0.006654	0.049903	0.376858	0.086582	0.393264	0.185429
240.000000	0.017399	0.017399	0.072675	0.372881	0.086216	0.421061	0.184783
235.000000	0.018081	0.018081	0.110225	0.374758	0.090197	0.390270	0.177485
230.000000	0.025742	0.025742	0.134173	0.360442	0.089880	0.426950	0.179792
225.000000	0.011572	0.011572	0.170477	0.361481	0.091004	0.402883	0.171846
220.000000	0.027106	0.027106	0.201265	0.356133	0.091333	0.425121	0.171474
215.000000	0.008058	0.008058	0.256768	0.382099	0.094038	0.390476	0.161095
210.000000	0.026643	0.026643	0.293676	0.362962	0.090654	0.412513	0.162735
205.000000	0.000069	-0.000069	0.338689	0.385642	0.094192	0.392336	0.157955
200.000000	0.001931	-0.001931	0.386253	0.378558	0.093678	0.393460	0.157370
195.000000	0.000959	0.000959	0.419160	0.380907	0.095729	0.392679	0.155614
190.000000	0.023704	-0.023704	0.463176	0.389884	0.097382	0.381754	0.154511
185.000000	0.008754	0.008754	0.482859	0.380496	0.095492	0.397236	0.157533
180.000000	0.036941	-0.036941	0.503234	0.390698	0.095218	0.392533	0.156952
175.000000	0.000957	0.000957	0.532115	0.376277	0.092642	0.400290	0.159469
170.000000	0.058035	-0.058035	0.552594	0.390821	0.098840	0.380423	0.156041
165.000000	0.052573	-0.052573	0.529973	0.383319	0.090271	0.398268	0.158729
160.000000	0.081937	-0.081937	0.585524	0.389296	0.097093	0.376649	0.154306
155.000000	0.030337	-0.030337	0.617047	0.384539	0.097454	0.392583	0.159576
150.000000	0.038116	-0.038116	0.657802	0.393247	0.103228	0.377945	0.157810
145.000000	0.036405	-0.036405	0.663415	0.385674	0.100422	0.386456	0.161000
140.000000	0.084267	-0.084267	0.659429	0.388471	0.101552	0.373930	0.156346
135.000000	0.080243	-0.080243	0.669262	0.387603	0.099004	0.387253	0.159952
130.000000	0.066760	-0.066760	0.698500	0.387864	0.101787	0.375599	0.158422
125.000000	0.060313	-0.060313	0.737454	0.392506	0.107659	0.377619	0.161965
120.000000	0.023400	-0.023400	0.725489	0.380925	0.100674	0.379444	0.162354
115.000000	0.066474	-0.066474	0.753517	0.403513	0.112916	0.372788	0.161078
110.000000	0.040109	-0.040109	0.738212	0.384491	0.101221	0.376509	0.162722
105.000000	0.064915	-0.064915	0.768306	0.396010	0.111695	0.374659	0.163083
100.000000	0.025951	-0.025951	0.781758	0.388068	0.107664	0.375555	0.167634
95.000000	0.027168	-0.027168	0.790058	0.388350	0.108380	0.370681	0.166806
90.000000	0.031894	-0.031894	0.803375	0.386181	0.108890	0.372304	0.168078
85.000000	0.008028	-0.008028	0.797820	0.382675	0.105431	0.369127	0.168071
80.000000	0.024332	-0.024332	0.849237	0.375876	0.111451	0.377326	0.172156
75.000000	0.013218	0.013218	2.342287	0.375768	0.124599	0.369980	0.173219
70.000000	0.013651	-0.013651	0.879755	0.368865	0.114803	0.381345	0.173677
65.000000	0.015402	0.015402	0.873465	0.359499	0.107378	0.386200	0.174918
60.000000	0.004647	0.004647	0.894413	0.356427	0.110247	0.390647	0.174722
55.000000	0.014486	0.014486	0.893211	0.354904	0.108334	0.393094	0.176113
50.000000	0.014186	0.014186	0.906414	0.355967	0.108769	0.393822	0.174633
45.000000	0.013155	-0.013155	0.901977	0.368766	0.114583	0.389863	0.173285
40.000000	0.023063	0.023063	0.897263	0.359604	0.105219	0.391650	0.177084
35.000000	0.005514	-0.005514	0.910894	0.367357	0.114412	0.391306	0.175023
30.000000	0.004600	-0.004600	0.881046	0.375935	0.111068	0.382655	0.174808
25.000000	0.018465	-0.018465	0.865591	0.383718	0.109756	0.366826	0.173565
20.000000	0.041711	-0.041711	0.879093	0.393965	0.116556	0.369761	0.171490
15.000000	0.003088	0.003088	0.881713	0.374587	0.107213	0.379241	0.173766
10.000000	0.010632	-0.010632	0.916637	0.373757	0.114365	0.388132	0.173424
5.000000	0.006452	0.006452	0.894366	0.373895	0.108392	0.379328	0.173002
0.000000	0.027800	-0.027800	0.904113	0.384542	0.116955	0.372959	0.172027
