255.000000	0.000000	0.000000	0.000000	0.376237	0.097196	0.317441	0.162617
250.000000	0.332654	-0.332654	1.142076	0.356518	0.333726	0.370635	0.288677
245.000000	0.260944	-0.260944	1.155831	0.356684	0.330295	0.364100	0.289757
240.000000	0.203203	-0.203203	1.177770	0.345065	0.316160	0.364481	0.294160
235.000000	0.078324	-0.078324	1.188875	0.331100	0.285740	0.357941	0.297462
230.000000	0.046513	-0.046513	1.174634	0.325973	0.276440	0.357223	0.293534
225.000000	0.089910	-0.089910	1.169265	0.330381	0.282980	0.359653	0.294983
220.000000	0.085321	-0.085321	1.172267	0.332585	0.284857	0.355539	0.291676
215.000000	0.070043	-0.070043	1.175646	0.329075	0.281384	0.359538	0.296049
210.000000	0.043356	-0.043356	1.172180	0.326151	0.276319	0.353808	0.291440
205.000000	0.007879	-0.007879	1.152565	0.326284	0.268001	0.354576	0.291943
200.000000	0.064938	-0.064938	1.140984	0.329857	0.277110	0.356333	0.293216
195.000000	0.019375	-0.019375	1.153172	0.324629	0.270254	0.349090	0.289506
190.000000	0.068902	-0.068902	1.167931	0.327405	0.280156	0.356436	0.293519
185.000000	0.013887	0.013887	1.153151	0.320373	0.260939	0.359965	0.301350
180.000000	0.002267	-0.002267	1.113835	0.323234	0.262807	0.353920	0.291101
175.000000	0.205746	-0.205746	1.078562	0.347654	0.302694	0.361986	0.286067
170.000000	0.460831	-0.460831	1.033872	0.353645	0.332912	0.383138	0.289229
165.000000	0.476614	-0.476614	1.043121	0.352884	0.334605	0.378548	0.283885
160.000000	0.306038	-0.306038	1.081707	0.352999	0.323058	0.358435	0.276753
155.000000	0.141872	-0.141872	1.103706	0.345614	0.295153	0.340142	0.273336
150.000000	0.156423	-0.156423	1.121441	0.349915	0.303206	0.342913	0.275975
145.000000	0.114857	-0.114857	1.134057	0.344744	0.295549	0.337687	0.273910
140.000000	0.100180	-0.100180	1.141554	0.340949	0.292324	0.342365	0.279603
135.000000	0.195227	-0.195227	1.143957	0.354584	0.318768	0.342667	0.274142
130.000000	0.273462	-0.273462	1.159551	0.348042	0.322127	0.347556	0.275638
125.000000	0.298781	-0.298781	1.168191	0.350243	0.326739	0.351380	0.276882
120.000000	0.272890	-0.272890	1.182756	0.349750	0.325507	0.355829	0.283429
115.000000	0.175838	-0.175838	1.200125	0.352962	0.319649	0.354253	0.288138
110.000000	0.018482	0.018482	1.186381	0.328529	0.268938	0.353139	0.291823
105.000000	0.012165	0.012165	1.165914	0.327939	0.268447	0.352628	0.293059
100.000000	0.067754	-0.067754	1.154524	0.332985	0.280284	0.352636	0.288092
95.000000	0.273981	-0.273981	1.138545	0.347997	0.318597	0.357955	0.281491
90.000000	0.407861	-0.407861	1.135828	0.343001	0.326811	0.361421	0.281057
85.000000	0.481331	-0.481331	1.157963	0.343036	0.333071	0.359153	0.279131
80.000000	0.564354	-0.564354	1.222162	0.344785	0.329459	0.356029	0.275157
75.000000	0.611393	-0.611393	1.393996	0.350243	0.299622	0.365914	0.278029
70.000000	0.388432	-0.388432	1.491241	0.363400	0.327040	0.368859	0.295483
65.000000	0.202241	-0.202241	1.554647	0.355920	0.330627	0.363928	0.292188
60.000000	0.105377	-0.105377	1.627590	0.349676	0.327925	0.344346	0.275778
55.000000	0.138227	-0.138227	1.684123	0.352678	0.318144	0.345948	0.272409
50.000000	0.152519	-0.152519	1.744552	0.352135	0.311930	0.348598	0.269801
45.000000	0.176051	-0.176051	1.798932	0.353263	0.302251	0.349533	0.272839
40.000000	0.235140	-0.235140	1.853377	0.344573	0.278258	0.355324	0.273377
35.000000	0.353940	-0.353940	1.915533	0.336932	0.258845	0.351362	0.274087
30.000000	0.337770	-0.337770	1.969532	0.331460	0.254749	0.356188	0.277126
25.000000	0.225368	-0.225368	2.006970	0.337523	0.263533	0.360644	0.283332
20.000000	0.272598	-0.272598	2.044209	0.332413	0.255235	0.355639	0.278483
15.000000	0.228470	-0.228470	2.075240	0.333594	0.256899	0.358056	0.281285
10.000000	0.245002	-0.245002	2.101348	0.328102	0.250915	0.370842	0.290420
5.000000	0.385323	-0.385323	2.124454	0.327678	0.237225	0.362008	0.284055
0.000000	0.032329	-0.032329	3.359504	0.309896	0.076477	0.347443	0.229767
