0.000000	1.000000
5.000000	0.996803
10.000000	0.991079
15.000000	0.984557
20.000000	0.978593
25.000000	0.974525
30.000000	0.965569
35.000000	0.959685
40.000000	0.950312
45.000000	0.939929
50.000000	0.931643
55.000000	0.920848
60.000000	0.912907
65.000000	0.899689
70.000000	0.886216
75.000000	0.877173
80.000000	0.859740
85.000000	0.848099
90.000000	0.831172
95.000000	0.814057
100.000000	0.798066
105.000000	0.777126
110.000000	0.761289
115.000000	0.738785
120.000000	0.715677
125.000000	0.695569
130.000000	0.673606
135.000000	0.647736
140.000000	0.625716
145.000000	0.598306
150.000000	0.573953
155.000000	0.552221
160.000000	0.529195
165.000000	0.501328
170.000000	0.482106
175.000000	0.465963
180.000000	0.446917
185.000000	0.435029
190.000000	0.421848
195.000000	0.420570
200.000000	0.422044
205.000000	0.421552
210.000000	0.438100
215.000000	0.451499
220.000000	0.477841
225.000000	0.504697
230.000000	0.535863
235.000000	0.576128
240.000000	0.616168
245.000000	0.657578
250.000000	0.699863
255.000000	0.744756
