0.000000	1.000000
5.000000	0.992997
10.000000	0.985263
15.000000	0.980661
20.000000	0.977551
25.000000	0.970353
30.000000	0.961131
35.000000	0.954662
40.000000	0.942833
45.000000	0.935222
50.000000	0.956307
55.000000	0.909446
60.000000	0.899115
65.000000	0.887969
70.000000	0.871059
75.000000	0.853615
80.000000	0.837848
85.000000	0.822239
90.000000	0.800316
95.000000	0.781880
100.000000	0.754820
105.000000	0.733172
110.000000	0.711227
115.000000	0.682335
120.000000	0.654468
125.000000	0.650492
130.000000	0.602234
135.000000	0.570761
140.000000	0.536870
145.000000	0.511700
150.000000	0.496869
155.000000	0.451253
160.000000	0.426476
165.000000	0.393427
170.000000	0.372077
175.000000	0.351068
180.000000	0.335917
185.000000	0.324432
190.000000	0.316129
195.000000	0.318697
200.000000	0.325761
205.000000	0.340485
210.000000	0.370233
215.000000	0.402099
220.000000	0.449047
225.000000	0.503706
230.000000	0.556783
235.000000	0.625161
240.000000	0.694018
245.000000	0.761568
250.000000	0.808945
255.000000	0.895886
