0.000000	0.580507
5.000000	0.581335
10.000000	0.583802
15.000000	0.585484
20.000000	0.587244
25.000000	0.588887
30.000000	0.592041
35.000000	0.594531
40.000000	0.597289
45.000000	0.600609
50.000000	0.602924
55.000000	0.607519
60.000000	0.610308
65.000000	0.616559
70.000000	0.621905
75.000000	0.626889
80.000000	0.631557
85.000000	0.640200
90.000000	0.647134
95.000000	0.654758
100.000000	0.663327
105.000000	0.671855
110.000000	0.681865
115.000000	0.692305
120.000000	0.702374
125.000000	0.716461
130.000000	0.728998
135.000000	0.743521
140.000000	0.758458
145.000000	0.775060
150.000000	0.792762
155.000000	0.808618
160.000000	0.826254
165.000000	0.847609
170.000000	0.869193
175.000000	0.884773
180.000000	0.905240
185.000000	0.920984
190.000000	0.941688
195.000000	0.954912
200.000000	0.975298
205.000000	0.992305
210.000000	0.997243
215.000000	0.994655
220.000000	1.000000
225.000000	0.991147
230.000000	0.981749
235.000000	0.975011
240.000000	0.940801
245.000000	0.923527
250.000000	0.899930
255.000000	0.864909
