255.000000	0.000000	0.000000	0.000000	0.396333	0.190329	0.374341	0.186709
250.000000	0.023904	-0.057863	-0.023904	0.396546	0.193905	0.370089	0.182273
245.000000	0.051440	-0.249083	-0.051440	0.412291	0.191728	0.369129	0.162858
240.000000	0.081919	-0.148357	-0.081919	0.399744	0.194250	0.369210	0.170651
235.000000	0.117305	-0.143181	-0.117305	0.403738	0.183985	0.373629	0.169709
230.000000	0.143984	-0.164246	-0.143984	0.402726	0.185157	0.373142	0.166171
225.000000	0.177437	-0.169609	-0.177437	0.397085	0.185643	0.374628	0.167227
220.000000	0.211617	-0.230283	-0.211617	0.407055	0.181765	0.382453	0.165162
215.000000	0.261375	-0.313751	-0.261375	0.403086	0.187334	0.384019	0.163890
210.000000	0.298039	-0.373644	-0.298039	0.407404	0.181077	0.392078	0.164812
205.000000	0.329848	-0.440403	-0.329848	0.413832	0.180392	0.395069	0.166651
200.000000	0.353545	-0.419807	-0.353545	0.406030	0.182148	0.399139	0.173724
195.000000	0.390583	-0.376937	-0.390583	0.406289	0.180960	0.404092	0.177364
190.000000	0.416030	-0.319164	-0.416030	0.402182	0.179783	0.405714	0.183505
185.000000	0.451677	-0.335429	-0.451677	0.411543	0.174632	0.398856	0.182557
180.000000	0.487554	-0.441009	-0.487554	0.405736	0.182240	0.403063	0.184875
175.000000	0.527581	-0.644844	-0.527581	0.414588	0.172922	0.416959	0.184535
170.000000	0.564992	-0.947119	-0.564992	0.403334	0.179072	0.419502	0.185124
165.000000	0.568833	-1.227005	-0.568833	0.393379	0.168964	0.423123	0.202969
160.000000	0.551951	-1.655560	-0.551951	0.377430	0.165136	0.388832	0.201859
155.000000	0.557143	-1.771644	-0.557143	0.363399	0.155504	0.415324	0.219566
150.000000	0.568960	-1.775936	-0.568960	0.383427	0.164883	0.397570	0.209736
145.000000	0.591472	-1.910833	-0.591472	0.368419	0.158553	0.405492	0.214404
140.000000	0.611023	-1.521353	-0.611023	0.380690	0.161670	0.397960	0.222740
135.000000	0.630529	-1.691839	-0.630529	0.378583	0.161059	0.391244	0.219387
130.000000	0.664485	-1.297444	-0.664485	0.398167	0.168677	0.401826	0.226155
125.000000	0.701422	-1.027597	-0.701422	0.402992	0.172919	0.388010	0.211551
120.000000	0.702038	-1.169771	-0.702038	0.406368	0.168310	0.393603	0.221466
115.000000	0.734690	-1.020090	-0.734690	0.407071	0.166106	0.386925	0.220909
110.000000	0.744226	-0.852450	-0.744226	0.397027	0.168036	0.384715	0.217929
105.000000	0.770760	-0.736852	-0.770760	0.409842	0.168636	0.384026	0.220893
100.000000	0.756097	-0.860683	-0.756097	0.390378	0.168246	0.369664	0.216188
95.000000	0.783542	-0.844536	-0.783542	0.401419	0.166302	0.375112	0.223973
90.000000	0.818853	-0.544200	-0.818853	0.398874	0.170422	0.384228	0.225548
85.000000	0.819228	-0.646205	-0.819228	0.399331	0.172744	0.367814	0.221349
80.000000	0.807540	-0.809698	-0.807540	0.390679	0.168595	0.361590	0.224136
75.000000	0.837883	-0.499611	-0.837883	0.397773	0.173855	0.368887	0.222893
70.000000	0.828210	-0.344672	-0.828210	0.386638	0.178169	0.371050	0.219919
65.000000	0.831796	-0.467655	-0.831796	0.394726	0.171004	0.372405	0.227677
60.000000	0.868158	-0.383592	-0.868158	0.390425	0.175845	0.368457	0.225951
55.000000	0.874085	-0.418981	-0.874085	0.392787	0.171406	0.372504	0.230785
50.000000	0.850836	-0.700546	-0.850836	0.388746	0.175826	0.353350	0.229724
45.000000	0.889005	-0.627387	-0.889005	0.394917	0.170849	0.358608	0.232830
40.000000	0.862274	-0.742222	-0.862274	0.394625	0.173813	0.349526	0.234380
35.000000	0.867319	-0.774091	-0.867319	0.387652	0.172633	0.345501	0.233979
30.000000	0.856296	-0.894508	-0.856296	0.391882	0.168244	0.340800	0.238262
25.000000	0.843002	-1.046507	-0.843002	0.388333	0.167014	0.343866	0.244102
20.000000	0.876185	-0.808519	-0.876185	0.387870	0.170696	0.336913	0.236747
15.000000	0.877723	-1.065340	-0.877723	0.384857	0.168277	0.328659	0.237701
10.000000	0.880107	-0.981045	-0.880107	0.401699	0.168698	0.336839	0.241496
5.000000	0.885477	-0.828027	-0.885477	0.383878	0.170530	0.337931	0.238378
0.000000	0.872610	-0.962941	-0.872610	0.391945	0.167134	0.335338	0.242628
