255.000000	0.000000	0.000000	0.000000	0.390963	0.185168	0.379613	0.226557
250.000000	0.006259	-0.006259	0.043033	0.386587	0.186071	0.391288	0.224730
245.000000	0.114111	0.114111	-0.364153	0.381404	0.185914	0.357222	0.242635
240.000000	0.138954	0.138954	-0.290314	0.384562	0.193065	0.364480	0.240009
235.000000	0.169181	0.169181	-0.260119	0.367482	0.185303	0.379574	0.238701
230.000000	0.175543	0.175543	-0.132717	0.388838	0.194695	0.366632	0.220582
225.000000	0.184439	0.184439	-0.084471	0.388430	0.191094	0.373641	0.219259
220.000000	0.220934	0.220934	-0.138800	0.377184	0.186448	0.376530	0.228373
215.000000	0.268689	0.268689	-0.158678	0.385100	0.184668	0.370069	0.227816
210.000000	0.267802	0.267802	0.085096	0.400014	0.192563	0.392979	0.214647
205.000000	0.263294	0.263294	0.297200	0.399251	0.184347	0.403897	0.200882
200.000000	0.277953	0.277953	0.115481	0.389856	0.181505	0.387732	0.217541
195.000000	0.331141	0.331141	-0.132575	0.395732	0.182427	0.365752	0.235532
190.000000	0.265152	0.265152	0.262511	0.400433	0.181809	0.406864	0.216316
185.000000	0.327525	0.327525	-0.015998	0.395819	0.179123	0.374217	0.233415
180.000000	0.426331	0.426331	-0.222929	0.385446	0.175469	0.374130	0.251613
175.000000	0.470633	0.470633	-0.277385	0.394685	0.175328	0.369122	0.256554
170.000000	0.489031	0.489031	-0.214101	0.361821	0.169718	0.364784	0.247892
165.000000	0.495280	0.495280	-0.143600	0.402079	0.174944	0.361496	0.248875
160.000000	0.527907	0.527907	-0.225002	0.362906	0.171847	0.340966	0.239629
155.000000	0.530839	0.530839	-0.085141	0.401192	0.174258	0.352272	0.243455
150.000000	0.532041	0.532041	-0.050476	0.379625	0.172261	0.348179	0.245635
145.000000	0.504879	0.504879	0.374754	0.401246	0.183645	0.361350	0.230857
140.000000	0.501394	0.501394	0.246686	0.392435	0.181184	0.357631	0.241733
135.000000	0.556022	0.556022	-0.020894	0.402842	0.174846	0.322753	0.247124
130.000000	0.540492	0.540492	0.359586	0.393525	0.185143	0.354929	0.241421
125.000000	0.511971	0.511971	0.217288	0.394990	0.178935	0.336611	0.249983
120.000000	0.546637	0.546637	0.207203	0.397412	0.181261	0.342284	0.251757
115.000000	0.575780	0.575780	0.152803	0.401749	0.179676	0.331072	0.247762
110.000000	0.621352	0.621352	0.176374	0.405001	0.178903	0.337415	0.245412
105.000000	0.674576	0.674576	0.273560	0.397272	0.177920	0.345245	0.242942
100.000000	0.676232	0.676232	0.469898	0.409821	0.184233	0.359273	0.237703
95.000000	0.649028	0.649028	0.523912	0.387841	0.183351	0.335226	0.230853
90.000000	0.640978	0.640978	0.748054	0.385265	0.184780	0.330017	0.232097
85.000000	0.634201	0.634201	0.754456	0.380280	0.184909	0.323094	0.222224
80.000000	0.628856	0.628856	0.683080	0.395970	0.184356	0.330456	0.221768
75.000000	0.640930	0.640930	0.619735	0.379827	0.182836	0.323974	0.217148
70.000000	0.637204	0.637204	0.559058	0.409893	0.184658	0.331744	0.218931
65.000000	0.636780	0.636780	0.542533	0.380944	0.182394	0.325038	0.202749
60.000000	0.638822	0.638822	0.558527	0.411837	0.184810	0.329461	0.204735
55.000000	0.640265	0.640265	0.682915	0.378353	0.184030	0.319237	0.196443
50.000000	0.634181	0.634181	0.594408	0.407983	0.184147	0.339788	0.196743
45.000000	0.640290	0.640290	0.543421	0.379528	0.180844	0.319407	0.192514
40.000000	0.628338	0.628338	0.601774	0.400456	0.182411	0.338641	0.187949
35.000000	0.618895	0.618895	0.629851	0.396194	0.184415	0.333167	0.179556
30.000000	0.608773	0.608773	0.645691	0.391629	0.184366	0.332831	0.178934
25.000000	0.602246	0.602246	0.667327	0.404271	0.185767	0.333734	0.184815
20.000000	0.597843	0.597843	0.800222	0.376370	0.186100	0.324299	0.175806
15.000000	0.588414	0.588414	0.990535	0.392099	0.189434	0.327654	0.180639
10.000000	0.568879	0.568879	1.314329	0.383163	0.195262	0.327713	0.176526
5.000000	0.591071	0.591071	1.118267	0.381197	0.194537	0.315213	0.171345
0.000000	0.606356	0.606356	1.493352	0.409009	0.176909	0.347308	0.180947
