255.000000	0.000000	0.000000	0.000000	0.375084	0.148943	0.400211	0.128762
250.000000	0.048429	0.048429	0.088752	0.367557	0.142372	0.401779	0.127961
245.000000	0.058537	0.058537	0.106793	0.368096	0.139485	0.400180	0.123732
240.000000	0.045765	0.045765	0.086780	0.371157	0.148507	0.408045	0.118618
235.000000	0.027802	0.027802	0.063388	0.372385	0.152595	0.404520	0.109834
230.000000	0.027200	0.027200	0.070883	0.365574	0.156290	0.402758	0.103870
225.000000	0.082721	0.082721	0.181579	0.369426	0.147047	0.404600	0.101767
220.000000	0.118003	0.118003	0.271960	0.370593	0.140029	0.416381	0.104465
215.000000	0.129382	0.129382	0.341103	0.377506	0.135126	0.412304	0.102097
210.000000	0.114441	0.114441	0.343485	0.381150	0.136401	0.415199	0.095536
205.000000	0.120253	0.120253	0.410051	0.377260	0.127718	0.419680	0.094319
200.000000	0.111494	0.111494	0.436826	0.380176	0.130452	0.422894	0.090973
195.000000	0.083411	0.083411	0.398175	0.386454	0.135876	0.418059	0.079757
190.000000	0.037636	0.037636	0.333087	0.385594	0.140961	0.415958	0.068831
185.000000	0.021932	-0.021932	0.267249	0.380353	0.144669	0.413655	0.061814
180.000000	0.006990	0.006990	0.349802	0.380871	0.141112	0.414826	0.060036
175.000000	0.040419	0.040419	0.492147	0.378717	0.134592	0.416460	0.066765
170.000000	0.055168	0.055168	0.579049	0.376691	0.126277	0.415328	0.069240
165.000000	0.037372	0.037372	0.613665	0.372227	0.127404	0.421344	0.069640
160.000000	0.012777	-0.012777	0.484136	0.368365	0.132025	0.416280	0.052474
155.000000	0.119839	-0.119839	0.310009	0.376891	0.138568	0.409808	0.041576
150.000000	0.062535	-0.062535	0.478036	0.376582	0.127904	0.415783	0.047364
145.000000	0.085787	-0.085787	0.450826	0.376245	0.125968	0.410489	0.042889
140.000000	0.113993	-0.113993	0.459920	0.368931	0.125656	0.421794	0.043461
135.000000	0.102301	-0.102301	0.495347	0.371264	0.119079	0.414956	0.041303
130.000000	0.110618	-0.110618	0.531352	0.366828	0.123373	0.421700	0.043301
125.000000	0.117575	-0.117575	0.532094	0.371211	0.119896	0.416953	0.040198
120.000000	0.190643	-0.190643	0.435391	0.362956	0.123722	0.420411	0.036115
115.000000	0.326452	-0.326452	0.238033	0.365490	0.130631	0.415559	0.034728
110.000000	0.458333	-0.458333	0.013777	0.366925	0.129732	0.412636	0.041095
105.000000	0.469291	-0.469291	0.040924	0.366266	0.131437	0.416609	0.042564
100.000000	0.446701	-0.446701	0.090814	0.372278	0.124933	0.412015	0.037181
95.000000	0.541011	-0.541011	-0.045679	0.369900	0.134581	0.411898	0.048278
90.000000	0.574721	-0.574721	-0.122863	0.368687	0.131299	0.409555	0.057422
85.000000	0.562168	-0.562168	-0.064755	0.375212	0.132231	0.415190	0.051820
80.000000	0.557665	-0.557665	-0.063413	0.370154	0.130445	0.410773	0.048032
75.000000	0.532906	-0.532906	0.026249	0.369076	0.128455	0.408364	0.042355
70.000000	0.544416	-0.544416	0.022740	0.368563	0.122326	0.409845	0.042488
65.000000	0.464282	-0.464282	0.237495	0.357883	0.119001	0.418200	0.033745
60.000000	0.539194	-0.539194	0.166898	0.363592	0.116731	0.414990	0.036331
55.000000	0.591927	-0.591927	0.025256	0.360784	0.119873	0.411364	0.046230
50.000000	0.597853	-0.597853	0.032953	0.367780	0.113552	0.415947	0.045251
45.000000	0.610348	-0.610348	0.045011	0.362028	0.114335	0.418253	0.046141
40.000000	0.600889	-0.600889	0.117515	0.361002	0.111577	0.426550	0.043033
35.000000	0.616038	-0.616038	0.086930	0.355324	0.107543	0.419620	0.044001
30.000000	0.623438	-0.623438	0.087991	0.355588	0.108202	0.425929	0.045791
25.000000	0.524934	-0.524934	0.375850	0.366434	0.105274	0.424453	0.031900
20.000000	0.532555	-0.532555	0.399245	0.366584	0.107054	0.419289	0.031798
15.000000	0.584671	-0.584671	0.328618	0.366185	0.107085	0.422693	0.034724
10.000000	0.605440	-0.605440	0.300974	0.363078	0.101522	0.425338	0.034570
5.000000	0.570635	-0.570635	0.352433	0.361016	0.106152	0.419455	0.032487
0.000000	0.391993	-0.391993	0.649792	0.368957	0.110702	0.419569	0.030804
