255.000000	0.000000	0.000000	0.000000	0.368285	0.236741	0.407259	0.248543
250.000000	0.005690	-0.005690	-0.045243	0.361951	0.236786	0.409001	0.245955
245.000000	0.057380	-0.057380	0.177624	0.361380	0.231365	0.407083	0.260559
240.000000	0.017259	-0.017259	-0.327043	0.339730	0.223465	0.406289	0.240429
235.000000	0.018894	0.018894	-0.422803	0.352345	0.217692	0.405455	0.239725
230.000000	0.012892	-0.012892	-0.146686	0.352050	0.226263	0.411578	0.243161
225.000000	0.061037	0.061037	0.074274	0.360605	0.229526	0.412979	0.255640
220.000000	0.032363	-0.032363	0.161396	0.368926	0.231548	0.407017	0.252818
215.000000	0.084154	-0.084154	-0.019864	0.364279	0.235716	0.409815	0.245725
210.000000	0.037426	-0.037426	-0.239804	0.348175	0.226746	0.405883	0.242472
205.000000	0.032707	-0.032707	-0.250851	0.347738	0.221859	0.402328	0.238397
200.000000	0.001641	0.001641	-0.165098	0.352730	0.220169	0.405675	0.240412
195.000000	0.022877	-0.022877	-0.434837	0.349975	0.218086	0.409866	0.244569
190.000000	0.015699	0.015699	-0.433227	0.345152	0.216322	0.399573	0.236820
185.000000	0.000954	-0.000954	-0.088864	0.355719	0.230897	0.408165	0.245067
180.000000	0.023931	0.023931	-0.007274	0.362416	0.229819	0.407431	0.250652
175.000000	0.070740	0.070740	0.000701	0.359983	0.228825	0.410755	0.249943
170.000000	0.055686	0.055686	0.011477	0.360711	0.222584	0.408142	0.247842
165.000000	0.067787	0.067787	-0.082462	0.353273	0.227672	0.400581	0.246330
160.000000	0.064321	0.064321	-0.125363	0.343896	0.221400	0.407334	0.240850
155.000000	0.082757	0.082757	-0.216358	0.343887	0.217534	0.404520	0.236401
150.000000	0.037123	0.037123	0.040702	0.366568	0.232775	0.402990	0.250647
145.000000	0.077402	0.077402	-0.040472	0.350833	0.226244	0.408480	0.249742
140.000000	0.048630	0.048630	0.239683	0.366405	0.229762	0.408619	0.252593
135.000000	0.036204	0.036204	-0.239478	0.350172	0.221186	0.398802	0.240871
130.000000	0.011243	0.011243	0.060270	0.365064	0.232616	0.406168	0.253155
125.000000	0.063217	-0.063217	0.167066	0.363920	0.231473	0.403119	0.250107
120.000000	0.021011	0.021011	-0.298051	0.346853	0.221747	0.401488	0.240348
115.000000	0.067735	0.067735	-0.405797	0.360589	0.218631	0.401625	0.242734
110.000000	0.114084	0.114084	-0.261667	0.362138	0.219002	0.403704	0.247692
105.000000	0.059943	0.059943	-0.117697	0.355133	0.224203	0.394385	0.258114
100.000000	0.020990	-0.020990	0.237215	0.362343	0.223905	0.393791	0.263033
95.000000	0.036229	-0.036229	0.561694	0.355337	0.214759	0.388946	0.258480
90.000000	0.011925	0.011925	0.835384	0.349384	0.206810	0.411639	0.256240
85.000000	0.070876	0.070876	0.952678	0.345292	0.196898	0.410718	0.249001
80.000000	0.179989	0.179989	0.486061	0.335590	0.175229	0.378823	0.220874
75.000000	0.258041	0.258041	0.393237	0.341953	0.164982	0.352286	0.193412
70.000000	0.383685	0.383685	0.318860	0.339455	0.148571	0.362531	0.171837
65.000000	0.547182	0.547182	0.626250	0.319978	0.131980	0.368294	0.140765
60.000000	0.676078	0.676078	0.443841	0.317586	0.124341	0.384878	0.122243
55.000000	0.815465	0.815465	0.480568	0.303837	0.124901	0.383803	0.112048
50.000000	0.887789	0.887789	0.661673	0.311643	0.136569	0.370538	0.108472
45.000000	0.956112	0.956112	0.829938	0.319417	0.147668	0.391743	0.119911
40.000000	1.008842	1.008842	0.940344	0.317255	0.155320	0.392963	0.126441
35.000000	1.052407	1.052407	0.953076	0.319764	0.163832	0.378354	0.142482
30.000000	1.083881	1.083881	1.039512	0.321076	0.167162	0.376039	0.151355
25.000000	1.128521	1.128521	0.948192	0.301758	0.169184	0.364862	0.160822
20.000000	1.192046	1.192046	0.959222	0.302862	0.178681	0.364075	0.174118
15.000000	1.235432	1.235432	1.049011	0.311647	0.184825	0.361330	0.179636
10.000000	1.205567	1.205567	1.108371	0.306134	0.177348	0.373641	0.185296
5.000000	1.211676	1.211676	1.165536	0.315408	0.186778	0.382337	0.188375
0.000000	1.238070	1.238070	1.012701	0.309100	0.177597	0.368473	0.193149
