255.000000	0.000000	0.000000	0.000000	0.387742	0.187959	0.426737	0.194748
250.000000	0.004585	0.003878	0.004585	0.388948	0.186780	0.426474	0.194953
245.000000	0.006683	-0.019328	0.006683	0.391928	0.191707	0.425847	0.193653
240.000000	0.009289	-0.022327	0.009289	0.384819	0.190813	0.426288	0.192393
235.000000	0.011613	0.011336	0.011613	0.385792	0.188978	0.422774	0.191538
230.000000	0.017143	0.025505	0.017143	0.384606	0.186442	0.418345	0.187947
225.000000	0.027799	0.022440	0.027799	0.389444	0.188529	0.417244	0.189382
220.000000	0.038692	0.013977	0.038692	0.389254	0.189051	0.419264	0.189557
215.000000	0.046351	0.005844	0.046351	0.391000	0.189465	0.423682	0.192164
210.000000	0.049374	-0.012928	0.049374	0.383494	0.189768	0.417465	0.189797
205.000000	0.054702	0.027797	0.054702	0.387967	0.191505	0.410982	0.184417
200.000000	0.053919	0.027143	0.053919	0.390766	0.192749	0.413177	0.185583
195.000000	0.050663	0.024456	0.050663	0.387440	0.190532	0.416171	0.184743
190.000000	0.041110	-0.041194	0.041110	0.389658	0.189650	0.422988	0.192708
185.000000	0.032559	-0.091626	0.032559	0.392762	0.190212	0.426861	0.196561
180.000000	0.023169	-0.125350	0.023169	0.388160	0.189756	0.427683	0.197102
175.000000	0.014667	-0.185085	0.014667	0.380897	0.190835	0.422010	0.195502
170.000000	0.007148	-0.227108	0.007148	0.387637	0.195024	0.418374	0.190870
165.000000	0.002850	-0.243309	0.002850	0.391536	0.196387	0.412929	0.188782
160.000000	0.004681	-0.224127	0.004681	0.393526	0.195922	0.420147	0.194176
155.000000	0.005161	-0.157347	0.005161	0.392175	0.190928	0.429476	0.198985
150.000000	0.005588	-0.084818	0.005588	0.393089	0.189505	0.421342	0.197289
145.000000	0.012220	-0.057279	0.012220	0.395537	0.188579	0.422269	0.197844
140.000000	0.022402	-0.023809	0.022402	0.388385	0.189635	0.415461	0.194539
135.000000	0.025942	-0.034790	0.025942	0.387863	0.191993	0.423248	0.195337
130.000000	0.031151	-0.075036	0.031151	0.393682	0.191587	0.421651	0.198273
125.000000	0.029161	-0.106746	0.029161	0.397621	0.193315	0.423948	0.198509
120.000000	0.018239	-0.133733	0.018239	0.394244	0.191691	0.425974	0.201341
115.000000	0.013387	-0.091709	0.013387	0.394547	0.187774	0.425929	0.199956
110.000000	0.022038	0.005524	0.022038	0.390003	0.180985	0.416238	0.194259
105.000000	0.045495	0.112910	0.045495	0.387019	0.173855	0.405735	0.184877
100.000000	0.074105	0.231993	0.074105	0.377609	0.164190	0.400736	0.176509
95.000000	0.100390	0.300176	0.100390	0.385329	0.163358	0.407841	0.174800
90.000000	0.125364	0.336327	0.125364	0.378923	0.159948	0.416527	0.172210
85.000000	0.148313	0.336166	0.148313	0.378120	0.157195	0.418846	0.169820
80.000000	0.162864	0.266861	0.162864	0.385415	0.163621	0.412083	0.171194
75.000000	0.175886	0.256301	0.175886	0.385047	0.163399	0.415387	0.171849
70.000000	0.184356	0.273652	0.184356	0.384061	0.160380	0.409064	0.166003
65.000000	0.180437	0.261246	0.180437	0.388738	0.159448	0.415930	0.165632
60.000000	0.177987	0.253785	0.177987	0.389845	0.158252	0.410852	0.158834
55.000000	0.176472	0.266324	0.176472	0.384984	0.157236	0.405677	0.151041
50.000000	0.184866	0.269909	0.184866	0.386823	0.158089	0.422374	0.149930
45.000000	0.200598	0.289622	0.200598	0.384417	0.154518	0.413510	0.139893
40.000000	0.220980	0.330515	0.220980	0.376986	0.149029	0.423999	0.134068
35.000000	0.228144	0.324535	0.228144	0.389941	0.151878	0.432438	0.132626
30.000000	0.233376	0.340399	0.233376	0.393420	0.149787	0.416728	0.123910
25.000000	0.263417	0.411126	0.263417	0.388119	0.145669	0.431659	0.122371
20.000000	0.258979	0.441080	0.258979	0.394137	0.142416	0.433410	0.120492
15.000000	0.253990	0.582997	0.253990	0.391442	0.136515	0.423035	0.115529
10.000000	0.250455	0.631002	0.250455	0.390374	0.131922	0.423209	0.114565
5.000000	0.257863	0.708047	0.257863	0.389744	0.129736	0.413760	0.113188
0.000000	0.263839	0.805028	0.263839	0.389582	0.129501	0.405780	0.113158
