255.000000	0.000000	0.000000	0.000000	0.363627	0.229370	0.395197	0.237394
250.000000	0.069727	-0.191249	0.051794	0.403511	0.251875	0.394542	0.257132
245.000000	0.057857	-0.018356	0.134070	0.397088	0.255737	0.389017	0.255948
240.000000	0.082931	-0.023675	0.189536	0.407295	0.264236	0.371608	0.252853
235.000000	0.160667	0.047372	0.273962	0.396407	0.258671	0.377775	0.268378
230.000000	0.244392	0.121960	0.366824	0.405027	0.266624	0.374290	0.264970
225.000000	0.357689	0.257023	0.458354	0.390377	0.253581	0.387412	0.283960
220.000000	0.315105	0.129555	0.500655	0.416911	0.270647	0.381737	0.273738
215.000000	0.404140	0.199655	0.608626	0.426507	0.275859	0.368369	0.262619
210.000000	0.418104	0.179388	0.656819	0.424176	0.275139	0.339758	0.243450
205.000000	0.402231	0.082949	0.721512	0.404879	0.259402	0.373283	0.253490
200.000000	0.530856	0.266473	0.795240	0.411745	0.269663	0.326570	0.223153
195.000000	0.579756	0.318921	0.840591	0.410098	0.268502	0.353547	0.229769
190.000000	0.601713	0.322107	0.881319	0.389771	0.254561	0.387041	0.249836
185.000000	0.658683	0.389672	0.927694	0.400569	0.262637	0.342015	0.207876
180.000000	0.527720	-0.628520	1.683960	0.391405	0.133207	0.272321	0.034408
175.000000	0.725270	0.457660	0.992879	0.387910	0.251309	0.380420	0.213881
170.000000	0.721975	0.424981	1.018969	0.398703	0.251272	0.352350	0.194852
165.000000	0.731542	0.418995	1.044089	0.385507	0.240618	0.391171	0.212412
160.000000	0.758094	0.442855	1.073334	0.393079	0.246888	0.358739	0.186716
155.000000	0.823128	0.544567	1.101688	0.388255	0.243727	0.372595	0.191625
150.000000	0.881051	0.633095	1.129006	0.380573	0.241875	0.366242	0.185565
145.000000	0.878411	0.613445	1.143377	0.387277	0.240092	0.339074	0.171448
140.000000	0.847488	0.544394	1.150582	0.383938	0.231733	0.380992	0.188893
135.000000	0.849597	0.533522	1.165671	0.391351	0.238971	0.366595	0.180171
130.000000	0.902194	0.614165	1.190222	0.387771	0.236409	0.343778	0.171048
125.000000	0.923626	0.642928	1.204324	0.376066	0.228718	0.368469	0.181272
120.000000	0.987247	0.746432	1.228061	0.378322	0.236660	0.348459	0.171452
115.000000	1.078493	0.899072	1.257913	0.379483	0.238848	0.356860	0.177405
110.000000	1.112155	0.948053	1.276258	0.373189	0.233754	0.364345	0.184595
105.000000	1.122442	0.963759	1.281125	0.378179	0.236736	0.345889	0.173735
100.000000	1.137074	0.981367	1.292782	0.382681	0.238393	0.361264	0.178789
95.000000	1.152029	0.999114	1.304943	0.380852	0.234383	0.378175	0.185646
90.000000	1.164693	1.015704	1.313683	0.378359	0.233590	0.357740	0.175099
85.000000	1.181806	1.038732	1.324880	0.380541	0.232940	0.384411	0.185340
80.000000	1.784736	0.897530	2.671942	0.353062	0.158032	0.351998	0.201147
75.000000	1.219652	1.095696	1.343607	0.380947	0.231733	0.386762	0.186175
70.000000	1.237248	1.121217	1.353278	0.371080	0.228500	0.377510	0.181771
65.000000	1.271720	1.184970	1.358470	0.381104	0.233721	0.383626	0.182195
60.000000	1.295532	1.219680	1.371384	0.365135	0.223802	0.374874	0.177195
55.000000	1.299955	1.224834	1.375076	0.370576	0.222552	0.371504	0.174850
50.000000	1.288304	1.204594	1.372014	0.380296	0.227495	0.386277	0.182394
45.000000	1.279733	1.181792	1.377674	0.366259	0.223268	0.381005	0.179129
40.000000	1.300623	1.214873	1.386374	0.383746	0.228885	0.381521	0.178531
35.000000	1.281605	1.185316	1.377895	0.377462	0.232004	0.384768	0.179312
30.000000	1.239578	1.100760	1.378397	0.375256	0.229663	0.388390	0.181485
25.000000	1.215170	1.053431	1.376908	0.382836	0.234770	0.385912	0.179981
20.000000	1.225608	1.066385	1.384832	0.374865	0.231778	0.387627	0.181787
15.000000	1.249618	1.103066	1.396171	0.369593	0.225735	0.386350	0.180154
10.000000	1.259554	1.121976	1.397131	0.385111	0.233485	0.390165	0.182991
5.000000	1.287248	1.167022	1.407473	0.370825	0.227736	0.386893	0.179810
0.000000	1.302989	1.191165	1.414813	0.370180	0.224607	0.387447	0.179473
