255.000000	0.000000	0.000000	0.000000	0.339930	0.328551	0.378302	0.340086
250.000000	0.034422	0.007477	0.034422	0.329657	0.322448	0.379599	0.341926
245.000000	0.045073	0.118168	0.045073	0.337481	0.321933	0.377820	0.338905
240.000000	0.055162	0.243932	0.055162	0.343571	0.323689	0.385416	0.346543
235.000000	0.084090	0.288248	0.084090	0.334941	0.315409	0.381184	0.342410
230.000000	0.139397	0.212138	0.139397	0.335891	0.321478	0.379660	0.340804
225.000000	0.209349	0.230965	0.209349	0.330433	0.319345	0.382299	0.342088
220.000000	0.269595	0.212971	0.269595	0.330802	0.324626	0.375645	0.334147
215.000000	0.308408	0.250157	0.308408	0.327109	0.323486	0.372879	0.333692
210.000000	0.357047	0.299531	0.357047	0.319578	0.313863	0.365339	0.324940
205.000000	0.401936	0.345889	0.401936	0.324560	0.318236	0.381968	0.332665
200.000000	0.457328	0.385833	0.457328	0.319916	0.314300	0.390710	0.337710
195.000000	0.500316	0.336181	0.500316	0.315000	0.315996	0.387240	0.335019
190.000000	0.545132	0.270024	0.545132	0.307396	0.312348	0.370438	0.324544
185.000000	0.581843	0.304645	0.581843	0.310691	0.315343	0.375774	0.323065
180.000000	0.626345	0.334748	0.626345	0.305212	0.308929	0.376228	0.330028
175.000000	0.659629	0.382444	0.659629	0.316140	0.317170	0.384241	0.330974
170.000000	0.702616	0.318997	0.702616	0.301846	0.308687	0.375258	0.330389
165.000000	0.735458	0.440580	0.735458	0.310605	0.310920	0.381755	0.333815
160.000000	0.776647	0.716810	0.776647	0.299549	0.283861	0.391313	0.335458
155.000000	0.779344	0.846117	0.779344	0.303386	0.282749	0.383250	0.328280
150.000000	0.809775	0.515395	0.809775	0.305315	0.304738	0.396065	0.342689
145.000000	0.842873	0.396962	0.842873	0.304347	0.308068	0.376604	0.329387
140.000000	0.881388	0.486639	0.881388	0.304686	0.306964	0.392750	0.338639
135.000000	0.905422	0.557984	0.905422	0.308628	0.309801	0.394441	0.338603
130.000000	0.922643	0.616665	0.922643	0.303210	0.301749	0.395022	0.338230
125.000000	0.942269	0.662374	0.942269	0.311175	0.306304	0.379652	0.325826
120.000000	0.961273	0.729438	0.961273	0.310286	0.302607	0.385968	0.332174
115.000000	0.979527	0.804727	0.979527	0.303771	0.291901	0.379419	0.327296
110.000000	0.991564	0.877169	0.991564	0.304511	0.291339	0.369425	0.318325
105.000000	1.001526	0.961697	1.001526	0.297349	0.278260	0.365242	0.315918
100.000000	1.005938	1.027986	1.005938	0.300402	0.276249	0.359242	0.310918
95.000000	0.992731	1.167651	0.992731	0.300079	0.271794	0.361212	0.313174
90.000000	0.983222	1.321277	0.983222	0.309216	0.276860	0.372253	0.322128
85.000000	1.008343	1.288749	1.008343	0.301847	0.271944	0.373454	0.323880
80.000000	1.025099	1.239805	1.025099	0.303973	0.273796	0.366172	0.317145
75.000000	1.049310	1.128765	1.049310	0.296474	0.270425	0.366281	0.319204
70.000000	1.057545	1.256941	1.057545	0.300743	0.271168	0.374934	0.326484
65.000000	1.082297	1.229650	1.082297	0.301468	0.272703	0.374258	0.325801
60.000000	1.099817	1.223863	1.099817	0.296661	0.269137	0.374389	0.326782
55.000000	1.125546	1.106060	1.125546	0.298672	0.278749	0.368449	0.322442
50.000000	1.130062	1.089182	1.130062	0.295630	0.277315	0.367272	0.322611
45.000000	1.122805	1.114254	1.122805	0.301698	0.280506	0.367767	0.322835
40.000000	1.102604	1.211174	1.102604	0.297469	0.270425	0.372874	0.328848
35.000000	1.095957	1.277649	1.095957	0.298872	0.273093	0.371464	0.328278
30.000000	1.085838	1.343355	1.085838	0.298624	0.272154	0.368058	0.325782
25.000000	1.114809	1.302021	1.114809	0.299224	0.273924	0.372435	0.330357
20.000000	1.154568	1.285795	1.154568	0.295941	0.271316	0.373018	0.331198
15.000000	1.173334	1.314152	1.173334	0.295178	0.272612	0.379015	0.336460
10.000000	1.194815	1.165262	1.194815	0.298741	0.279506	0.375158	0.334932
5.000000	1.211094	1.148412	1.211094	0.294935	0.278541	0.373481	0.335047
0.000000	1.231788	1.139176	1.231788	0.297302	0.284492	0.372843	0.333158
