0.000000	1.000000
5.000000	0.997765
10.000000	0.991550
15.000000	0.986569
20.000000	0.983151
25.000000	0.979028
30.000000	0.974139
35.000000	0.972580
40.000000	0.963084
45.000000	0.956295
50.000000	0.951255
55.000000	0.940391
60.000000	0.931899
65.000000	0.926857
70.000000	0.909524
75.000000	0.904599
80.000000	0.887700
85.000000	0.872479
90.000000	0.863292
95.000000	0.844211
100.000000	0.831011
105.000000	0.807020
110.000000	0.787809
115.000000	0.776952
120.000000	0.741602
125.000000	0.731070
130.000000	0.697725
135.000000	0.660954
140.000000	0.640915
145.000000	0.602225
150.000000	0.565080
155.000000	0.536499
160.000000	0.497276
165.000000	0.474067
170.000000	0.429178
175.000000	0.388244
180.000000	0.354191
185.000000	0.325711
190.000000	0.287284
195.000000	0.264042
200.000000	0.223398
205.000000	0.217290
210.000000	0.199300
215.000000	0.187376
220.000000	0.196363
225.000000	0.199645
230.000000	0.223086
235.000000	0.250030
240.000000	0.290359
245.000000	0.343715
250.000000	0.394896
255.000000	0.466175
