0.000000	0.601941
5.000000	0.605349
10.000000	0.607518
15.000000	0.612073
20.000000	0.615407
25.000000	0.619508
30.000000	0.624818
35.000000	0.629396
40.000000	0.634411
45.000000	0.640434
50.000000	0.644854
55.000000	0.652190
60.000000	0.659639
65.000000	0.665435
70.000000	0.672694
75.000000	0.682442
80.000000	0.692421
85.000000	0.699580
90.000000	0.710892
95.000000	0.721279
100.000000	0.734978
105.000000	0.744583
110.000000	0.759170
115.000000	0.770970
120.000000	0.784099
125.000000	0.797192
130.000000	0.812917
135.000000	0.829289
140.000000	0.850899
145.000000	0.860536
150.000000	0.879985
155.000000	0.902501
160.000000	0.914202
165.000000	0.924931
170.000000	0.941678
175.000000	0.963241
180.000000	0.960214
185.000000	0.987755
190.000000	0.986975
195.000000	1.000000
200.000000	0.978813
205.000000	0.993392
210.000000	0.983804
215.000000	0.962249
220.000000	0.957011
225.000000	0.925026
230.000000	0.909297
235.000000	0.870802
240.000000	0.844527
245.000000	0.794952
250.000000	0.769418
255.000000	0.728814
