0.000000	0.814997
5.000000	0.798261
10.000000	0.766817
15.000000	0.732240
20.000000	0.683705
25.000000	0.606865
30.000000	0.526754
35.000000	0.425571
40.000000	0.379034
45.000000	0.294484
50.000000	0.201531
55.000000	0.113207
60.000000	0.059892
65.000000	0.059242
70.000000	0.094372
75.000000	0.170061
80.000000	0.276270
85.000000	0.453146
90.000000	0.581317
95.000000	0.732268
100.000000	0.824214
105.000000	0.871687
110.000000	0.903461
115.000000	0.938970
120.000000	0.958442
125.000000	0.968989
130.000000	0.979404
135.000000	0.985754
140.000000	0.988893
145.000000	0.993498
150.000000	0.995731
155.000000	0.997614
160.000000	0.998524
165.000000	0.999183
170.000000	0.999535
175.000000	0.999806
180.000000	0.999590
185.000000	0.999803
190.000000	0.999640
195.000000	0.999191
200.000000	0.999850
205.000000	0.999573
210.000000	0.999828
215.000000	1.000000
220.000000	0.999408
225.000000	0.999745
230.000000	0.999683
235.000000	0.999423
240.000000	0.999845
245.000000	0.999575
250.000000	0.999829
255.000000	0.999525
