255.000000	0.000000	0.000000	0.000000	0.359240	0.235025	0.359941	0.209194
250.000000	0.009906	-0.009623	-0.010188	0.353524	0.232500	0.368707	0.208778
245.000000	0.006223	-0.011029	-0.001416	0.358802	0.236864	0.371955	0.197237
240.000000	0.008625	-0.012705	-0.004546	0.344658	0.236602	0.344966	0.202720
235.000000	0.008956	-0.007253	0.025164	0.342200	0.230157	0.374678	0.211959
230.000000	0.068336	0.014140	0.122532	0.355636	0.238521	0.359870	0.212622
225.000000	0.052427	0.012059	0.092795	0.340691	0.234529	0.360789	0.210004
220.000000	0.050312	0.012971	0.087652	0.371276	0.237131	0.373689	0.209830
215.000000	0.075949	0.021553	0.130344	0.344788	0.237993	0.359486	0.210580
210.000000	0.104022	0.030129	0.177916	0.361324	0.249423	0.356840	0.211185
205.000000	0.117157	0.035064	0.199251	0.365593	0.252055	0.355078	0.214772
200.000000	0.133443	0.039245	0.227642	0.355689	0.249432	0.355037	0.218729
195.000000	0.149709	0.043299	0.256118	0.364831	0.255529	0.350606	0.220470
190.000000	0.155940	0.044984	0.266896	0.376807	0.250991	0.347396	0.212712
185.000000	0.167788	0.048698	0.286878	0.374736	0.256358	0.352938	0.224852
180.000000	0.188965	0.052842	0.325088	0.362988	0.247457	0.355903	0.223242
175.000000	0.259695	0.069944	0.449445	0.382178	0.246764	0.345649	0.227159
170.000000	0.333697	0.086133	0.581262	0.374344	0.249420	0.357270	0.237170
165.000000	0.354057	0.096211	0.611903	0.369050	0.230481	0.360445	0.229694
160.000000	0.718992	-0.024272	1.462255	0.381716	0.193029	0.368911	0.221586
155.000000	0.281982	0.107049	0.456914	0.372859	0.246238	0.354832	0.230680
150.000000	0.209948	0.092868	0.327028	0.363442	0.243441	0.365209	0.220001
145.000000	0.146185	0.072671	0.219700	0.349721	0.242821	0.353055	0.217194
140.000000	0.121456	0.063164	0.179748	0.358132	0.237133	0.342699	0.210858
135.000000	0.121230	0.061462	0.180998	0.359807	0.241285	0.345781	0.218976
130.000000	0.121848	0.060809	0.182887	0.358661	0.250682	0.357893	0.216479
125.000000	0.131994	0.066057	0.197930	0.365413	0.245782	0.372646	0.211315
120.000000	0.140253	0.070040	0.210466	0.355657	0.243790	0.347839	0.216200
115.000000	0.141828	0.072745	0.210911	0.360507	0.250074	0.359001	0.215760
110.000000	0.115613	0.069288	0.161937	0.354569	0.243618	0.344521	0.200791
105.000000	0.086698	0.075066	0.098331	0.369125	0.249387	0.339618	0.202188
100.000000	0.087081	0.100219	0.073944	0.370190	0.241933	0.336879	0.192523
95.000000	0.073625	0.116201	0.031048	0.376028	0.243643	0.320257	0.179213
90.000000	0.076034	0.127965	0.024103	0.392402	0.249635	0.321503	0.162407
85.000000	0.065764	0.120749	0.010780	0.403178	0.240831	0.331435	0.147223
80.000000	0.060109	0.091799	0.028418	0.395017	0.244540	0.336890	0.126267
75.000000	0.026623	0.058103	-0.004857	0.409935	0.253387	0.332991	0.113794
70.000000	0.034028	0.014336	-0.082392	0.398428	0.245391	0.334702	0.105595
65.000000	0.100914	-0.038284	-0.163545	0.391346	0.233349	0.334176	0.101834
60.000000	0.176661	-0.083749	-0.269573	0.375054	0.215940	0.335259	0.106517
55.000000	0.186065	-0.116321	-0.255809	0.375896	0.213322	0.339502	0.102503
50.000000	0.205694	-0.146084	-0.265304	0.356718	0.209706	0.341398	0.101408
45.000000	0.222511	-0.166328	-0.278694	0.344867	0.202756	0.334689	0.104480
40.000000	0.230925	-0.188125	-0.273726	0.331296	0.201719	0.340319	0.102059
35.000000	0.241795	-0.205623	-0.277967	0.325325	0.201546	0.342333	0.103075
30.000000	0.247677	-0.218088	-0.277267	0.323468	0.199777	0.340575	0.104035
25.000000	0.251643	-0.229481	-0.273804	0.331498	0.199140	0.340900	0.102180
20.000000	0.254033	-0.237919	-0.270147	0.310743	0.194350	0.340479	0.101226
15.000000	0.257637	-0.244933	-0.270342	0.309886	0.194077	0.340780	0.103304
10.000000	0.265677	-0.254664	-0.276690	0.311420	0.191993	0.341664	0.103297
5.000000	0.273015	-0.262211	-0.283820	0.312747	0.190192	0.344732	0.105579
0.000000	0.583852	0.252727	-1.420430	0.338343	0.083304	0.275912	0.089502
