255.000000	0.000000	0.000000	0.000000	0.420411	0.035679	0.361743	0.183764
250.000000	0.020020	0.227098	-0.267139	0.417270	0.027814	0.363429	0.186184
245.000000	0.033362	0.439580	-0.506303	0.420481	0.037214	0.356322	0.187059
240.000000	0.005008	0.496027	-0.506043	0.418262	0.038091	0.360997	0.191439
235.000000	0.010151	0.570908	-0.550606	0.423597	0.042493	0.359926	0.189758
230.000000	0.053285	0.622327	-0.515757	0.413924	0.034550	0.350624	0.191791
225.000000	0.081762	0.684057	-0.520533	0.415742	0.030539	0.359044	0.194855
220.000000	0.129413	0.755588	-0.496762	0.418371	0.021207	0.349256	0.191926
215.000000	0.191804	1.030542	-0.646934	0.421337	0.003069	0.344977	0.191157
210.000000	0.256672	1.857313	-1.343970	0.419522	0.020205	0.345257	0.196072
205.000000	0.283065	1.876438	-1.310308	0.419194	0.023498	0.342904	0.198274
200.000000	0.309408	1.804993	-1.186176	0.419701	0.030143	0.351039	0.207008
195.000000	0.319494	1.711670	-1.072682	0.416480	0.022379	0.347359	0.208294
190.000000	0.360973	1.785255	-1.063308	0.419915	0.036830	0.353595	0.218506
185.000000	0.401837	1.867973	-1.064299	0.418327	0.041211	0.358004	0.213926
180.000000	0.452032	1.942679	-1.038615	0.424443	0.058223	0.373924	0.214610
175.000000	0.512676	2.029794	-1.004442	0.422983	0.078916	0.385169	0.211589
170.000000	0.513886	2.023626	-0.995855	0.422638	0.071601	0.374891	0.207120
165.000000	0.497088	1.917801	-0.923625	0.426253	0.064818	0.379775	0.218588
160.000000	0.517047	1.940286	-0.906192	0.418600	0.056573	0.365060	0.207904
155.000000	0.541891	1.949286	-0.865504	0.424828	0.065006	0.371762	0.213808
150.000000	0.561644	1.966009	-0.842721	0.423776	0.070129	0.374810	0.214611
145.000000	0.594016	2.062866	-0.874834	0.416415	0.071462	0.363800	0.204553
140.000000	0.574977	1.946024	-0.796071	0.424050	0.071214	0.370907	0.219250
135.000000	0.546037	1.800213	-0.708139	0.418308	0.053541	0.353502	0.214943
130.000000	0.532172	1.693526	-0.629182	0.418490	0.061210	0.360908	0.222832
125.000000	0.541409	1.688978	-0.606160	0.418918	0.065400	0.356255	0.225166
120.000000	0.555510	1.685177	-0.574156	0.422729	0.062048	0.349284	0.219652
115.000000	0.581079	1.772296	-0.610137	0.421113	0.067418	0.362561	0.226528
110.000000	0.655480	2.000955	-0.689995	0.421294	0.064862	0.347464	0.213978
105.000000	0.681973	2.048268	-0.684321	0.422704	0.077067	0.354657	0.223292
100.000000	0.651141	1.933446	-0.631164	0.421188	0.063311	0.341866	0.218281
95.000000	0.633437	1.833136	-0.566263	0.420975	0.062370	0.341343	0.220810
90.000000	0.624429	1.770720	-0.521861	0.421671	0.065838	0.340221	0.220831
85.000000	0.614721	1.707803	-0.478361	0.421536	0.063136	0.332037	0.221060
80.000000	0.624960	1.747066	-0.497146	0.425206	0.072558	0.340719	0.227850
75.000000	0.644691	1.764329	-0.474948	0.417142	0.066269	0.332038	0.222288
70.000000	0.663662	1.795126	-0.467803	0.423844	0.066103	0.335272	0.223177
65.000000	0.684036	1.862154	-0.494083	0.419531	0.070314	0.336370	0.226309
60.000000	0.685029	1.837575	-0.467516	0.417272	0.061303	0.326677	0.218376
55.000000	0.671661	1.791405	-0.448082	0.412912	0.071647	0.325493	0.223648
50.000000	0.658656	1.721516	-0.404203	0.419265	0.069712	0.321019	0.221750
45.000000	0.661766	1.735334	-0.411803	0.418081	0.074987	0.324636	0.226848
40.000000	0.660898	1.716460	-0.394665	0.420974	0.075950	0.314661	0.220217
35.000000	0.671382	1.727970	-0.385206	0.415702	0.069382	0.314986	0.221585
30.000000	0.706195	1.845043	-0.432653	0.418087	0.071097	0.324678	0.225373
25.000000	0.725983	1.866725	-0.414758	0.420211	0.065358	0.321946	0.224707
20.000000	0.777297	2.031162	-0.476568	0.422465	0.070638	0.333747	0.227534
15.000000	0.811678	2.139962	-0.516605	0.419413	0.068914	0.336850	0.226822
10.000000	0.871126	2.298038	-0.555786	0.426154	0.090803	0.346694	0.232849
5.000000	0.813723	2.153770	-0.526324	0.421283	0.070881	0.332450	0.226645
0.000000	0.773798	2.009882	-0.462286	0.420307	0.067672	0.327286	0.226804
