255.000000	0.000000	0.000000	0.000000	0.429177	0.043897	0.376615	0.101198
250.000000	0.015764	-0.140602	0.109074	0.426723	0.042665	0.377892	0.106077
245.000000	0.023727	-0.249451	0.201996	0.433835	0.038719	0.388102	0.105601
240.000000	0.031981	-0.373689	0.309727	0.426300	0.048615	0.389242	0.111736
235.000000	0.009883	-0.353271	0.373038	0.433947	0.039861	0.396121	0.106361
230.000000	0.074497	-0.194088	0.343082	0.419776	0.026413	0.382446	0.104737
225.000000	0.119441	-0.195378	0.434260	0.432215	0.016002	0.395200	0.104781
220.000000	0.103403	-0.334658	0.541463	0.427213	0.029213	0.388874	0.108523
215.000000	0.142600	-0.387073	0.672273	0.433244	0.020089	0.392306	0.107390
210.000000	0.110146	-0.459540	0.679833	0.431167	0.042464	0.392868	0.111236
205.000000	0.138775	-0.469406	0.746955	0.429332	0.038445	0.399202	0.112075
200.000000	0.173677	-0.490294	0.837647	0.430660	0.029317	0.389954	0.111558
195.000000	0.141878	-0.468361	0.752117	0.423070	0.046581	0.388087	0.115008
190.000000	0.162932	-0.508357	0.834222	0.431407	0.044927	0.393591	0.115890
185.000000	0.214880	-0.540838	0.970598	0.425137	0.028350	0.388197	0.118066
180.000000	0.231529	-0.507466	0.970523	0.419597	0.023648	0.385349	0.120645
175.000000	0.228532	-0.550548	1.007612	0.436510	0.035605	0.393378	0.121869
170.000000	0.230940	-0.508858	0.970738	0.417524	0.032434	0.380055	0.121831
165.000000	0.243604	-0.588194	1.075402	0.434583	0.034251	0.392424	0.123963
160.000000	0.281016	-0.611151	1.173182	0.421787	0.024682	0.382159	0.128047
155.000000	0.292717	-0.638085	1.223519	0.421913	0.028494	0.390340	0.130436
150.000000	0.248583	-0.533092	1.030258	0.420432	0.039390	0.383725	0.127804
145.000000	0.259389	-0.537419	1.056196	0.420402	0.038166	0.389152	0.130002
140.000000	0.253986	-0.562048	1.070021	0.432076	0.044357	0.387014	0.129920
135.000000	0.244004	-0.508687	0.996696	0.417746	0.047324	0.382890	0.130344
130.000000	0.251872	-0.513756	1.017500	0.421477	0.051499	0.390728	0.131086
125.000000	0.271278	-0.536429	1.078985	0.434530	0.050577	0.385222	0.132229
120.000000	0.312061	-0.568344	1.192465	0.419124	0.036886	0.385786	0.136623
115.000000	0.347500	-0.673358	1.368358	0.430265	0.037564	0.391898	0.136682
110.000000	0.371813	-0.747174	1.490801	0.420093	0.030768	0.389338	0.135096
105.000000	0.382939	-0.759254	1.525133	0.436673	0.040201	0.390669	0.134718
100.000000	0.393131	-0.807383	1.593645	0.415258	0.036588	0.394425	0.136035
95.000000	0.396673	-0.783200	1.576546	0.428971	0.041808	0.391340	0.133915
90.000000	0.392979	-0.788396	1.574355	0.411862	0.035594	0.389378	0.134319
85.000000	0.396144	-0.761438	1.553725	0.424746	0.042552	0.393699	0.134355
80.000000	0.381652	-0.727404	1.490708	0.419316	0.037890	0.391380	0.137323
75.000000	0.374545	-0.704097	1.453187	0.426116	0.042382	0.394649	0.137581
70.000000	0.393449	-0.745885	1.532783	0.409370	0.036687	0.388035	0.136692
65.000000	0.419257	-0.766363	1.604877	0.427196	0.046776	0.392276	0.135850
60.000000	0.435243	-0.807677	1.678163	0.413109	0.046683	0.390380	0.137116
55.000000	0.452070	-0.807421	1.711561	0.426166	0.056622	0.391391	0.136056
50.000000	0.472272	-0.825458	1.770001	0.422885	0.062027	0.391581	0.134500
45.000000	0.466829	-0.827588	1.761246	0.416327	0.055822	0.389217	0.136678
40.000000	0.442406	-0.759709	1.644521	0.435256	0.054307	0.393999	0.138270
35.000000	0.409391	-0.696883	1.515664	0.421354	0.044485	0.393593	0.141050
30.000000	0.370801	-0.588458	1.330059	0.419551	0.045680	0.387476	0.141954
25.000000	0.369305	-0.582624	1.321234	0.425930	0.052020	0.398290	0.143045
20.000000	0.389262	-0.609210	1.387734	0.411542	0.045309	0.387775	0.140701
15.000000	0.406032	-0.631207	1.443271	0.411821	0.047090	0.393463	0.143352
10.000000	0.412904	-0.634146	1.459955	0.428074	0.052068	0.397213	0.143811
5.000000	0.403609	-0.613802	1.421019	0.409398	0.045572	0.388383	0.142557
0.000000	0.385024	-0.572897	1.342945	0.415877	0.052315	0.388583	0.143661
