0.000000	0.798025
5.000000	0.797811
10.000000	0.796179
15.000000	0.795284
20.000000	0.794549
25.000000	0.793236
30.000000	0.793532
35.000000	0.792245
40.000000	0.791591
45.000000	0.790893
50.000000	0.790489
55.000000	0.788809
60.000000	0.788971
65.000000	0.789469
70.000000	0.788116
75.000000	0.789525
80.000000	0.789387
85.000000	0.789528
90.000000	0.788898
95.000000	0.789058
100.000000	0.788602
105.000000	0.787596
110.000000	0.790194
115.000000	0.790288
120.000000	0.793020
125.000000	0.792879
130.000000	0.796478
135.000000	0.798409
140.000000	0.804338
145.000000	0.808366
150.000000	0.813985
155.000000	0.820871
160.000000	0.827380
165.000000	0.838116
170.000000	0.847752
175.000000	0.857245
180.000000	0.869979
185.000000	0.883871
190.000000	0.896135
195.000000	0.911846
200.000000	0.923706
205.000000	0.941750
210.000000	0.955315
215.000000	0.964652
220.000000	0.977849
225.000000	0.991855
230.000000	0.995050
235.000000	1.000000
240.000000	0.995873
245.000000	0.992160
250.000000	0.978091
255.000000	0.968794
