255.000000	0.000000	0.000000	0.000000	0.376903	0.302440	0.409573	0.279843
250.000000	0.202929	-0.202929	0.009091	0.368382	0.294153	0.405368	0.271193
245.000000	0.505120	-0.505120	-0.043581	0.373666	0.290964	0.392981	0.266965
240.000000	0.599633	-0.599633	-0.077336	0.369168	0.288843	0.384725	0.273307
235.000000	0.700376	-0.700376	-0.089255	0.367635	0.282835	0.389788	0.277203
230.000000	0.570638	-0.570638	-0.074897	0.367732	0.284663	0.389915	0.272250
225.000000	0.557790	-0.557790	-0.083274	0.361496	0.282898	0.390266	0.273043
220.000000	0.464265	-0.464265	-0.095642	0.364306	0.290696	0.392320	0.271626
215.000000	0.517988	-0.517988	-0.107455	0.368350	0.290396	0.386766	0.273520
210.000000	0.718131	-0.718131	-0.117563	0.367399	0.280211	0.394195	0.281051
205.000000	0.819544	-0.819544	-0.104392	0.376842	0.278047	0.394921	0.284374
200.000000	0.982560	-0.982560	-0.084760	0.369580	0.262622	0.383535	0.281996
195.000000	1.055713	-1.055713	-0.075492	0.370192	0.256685	0.376863	0.279890
190.000000	1.042788	-1.042788	-0.082186	0.369811	0.258716	0.377371	0.279722
185.000000	1.028377	-1.028377	-0.090380	0.371363	0.260047	0.381597	0.279427
180.000000	0.973371	-0.973371	-0.101573	0.369794	0.265271	0.381834	0.282342
175.000000	0.911081	-0.911081	-0.111058	0.374323	0.273393	0.385928	0.278094
170.000000	0.821394	-0.821394	-0.108620	0.377332	0.277716	0.392334	0.283042
165.000000	0.812422	-0.812422	-0.100306	0.377279	0.281160	0.388621	0.281183
160.000000	0.792790	-0.792790	-0.082763	0.371346	0.276111	0.392211	0.278321
155.000000	0.574930	-0.574930	0.003666	0.364505	0.278755	0.394344	0.270213
150.000000	0.115047	-0.115047	0.084481	0.366351	0.293818	0.414465	0.276778
145.000000	0.241938	0.241938	0.072113	0.383114	0.299659	0.397492	0.270457
140.000000	0.335498	0.335498	0.086384	0.383765	0.295822	0.395264	0.269419
135.000000	0.359644	0.359644	0.058464	0.379455	0.292270	0.393774	0.270063
130.000000	0.529459	0.529459	0.042785	0.385367	0.282800	0.397694	0.276971
125.000000	0.537145	0.537145	0.038954	0.385292	0.281776	0.401076	0.280574
120.000000	0.528625	0.528625	0.058807	0.385808	0.285888	0.396247	0.279279
115.000000	0.821511	0.821511	0.061941	0.362131	0.260915	0.378358	0.275798
110.000000	0.800560	0.800560	0.014018	0.356970	0.256945	0.381713	0.278972
105.000000	0.367112	0.367112	0.011681	0.378966	0.290111	0.396032	0.271341
100.000000	0.257909	0.257909	0.019666	0.376264	0.294263	0.409167	0.276061
95.000000	0.226949	0.226949	0.013689	0.370150	0.289307	0.404498	0.287935
90.000000	0.109291	-0.109291	-0.002427	0.354718	0.282444	0.403970	0.289806
85.000000	0.379029	-0.379029	-0.005640	0.357455	0.282587	0.385972	0.284726
80.000000	0.744928	-0.744928	0.007500	0.365176	0.268751	0.359972	0.285102
75.000000	0.802811	-0.802811	0.084169	0.352271	0.252731	0.344787	0.273701
70.000000	0.640020	-0.640020	0.161005	0.344921	0.252051	0.346379	0.270970
65.000000	0.608492	-0.608492	0.256932	0.337727	0.240796	0.339212	0.266673
60.000000	0.247061	-0.247061	0.371378	0.329327	0.249785	0.370986	0.293267
55.000000	0.049624	-0.049624	0.455751	0.333391	0.249008	0.367682	0.288832
50.000000	0.220804	0.220804	0.554036	0.340649	0.251499	0.366350	0.293316
45.000000	0.575349	0.575349	-0.885288	0.333228	0.192232	0.266542	0.072906
40.000000	0.592722	0.592722	0.731379	0.339062	0.254647	0.386977	0.313665
35.000000	0.876339	0.876339	0.800198	0.349642	0.265787	0.390903	0.316800
30.000000	0.954648	0.954648	0.809580	0.354965	0.266936	0.393531	0.316574
25.000000	0.754250	0.754250	0.826008	0.332675	0.246936	0.384767	0.312539
20.000000	0.534597	0.534597	0.873515	0.327508	0.232079	0.395949	0.320098
15.000000	0.517548	0.517548	0.907296	0.332878	0.235557	0.387698	0.318261
10.000000	0.596486	0.596486	0.914663	0.341457	0.246247	0.388705	0.316428
5.000000	0.754614	0.754614	0.941208	0.352897	0.261931	0.390473	0.319742
0.000000	0.946972	0.946972	1.013685	0.351195	0.257871	0.388685	0.313268
