255.000000	0.000000	0.000000	0.000000	0.333699	0.139565	0.365191	0.162219
250.000000	0.000092	-0.022077	-0.000092	0.336940	0.139590	0.367165	0.163133
245.000000	0.000271	-0.026118	-0.000271	0.332132	0.137596	0.368488	0.163871
240.000000	0.001902	-0.040925	-0.001902	0.335990	0.136842	0.367523	0.164385
235.000000	0.003342	-0.054945	-0.003342	0.336548	0.139107	0.370101	0.165459
230.000000	0.002240	-0.034578	-0.002240	0.337141	0.139159	0.366356	0.164268
225.000000	0.000236	-0.021148	-0.000236	0.333984	0.138633	0.364302	0.162995
220.000000	0.005499	0.031401	0.005499	0.333685	0.138212	0.361471	0.161335
215.000000	0.008290	0.062027	0.008290	0.332289	0.136355	0.359810	0.160558
210.000000	0.007809	0.096293	0.007809	0.333658	0.136435	0.359807	0.159862
205.000000	0.005868	0.091808	0.005868	0.331048	0.137895	0.359194	0.160294
200.000000	0.000519	0.057909	0.000519	0.330928	0.140456	0.359522	0.159567
195.000000	0.008802	0.009152	-0.008802	0.332781	0.139649	0.362086	0.160022
190.000000	0.016975	-0.029934	-0.016975	0.331718	0.139260	0.365544	0.161297
185.000000	0.030395	-0.065485	-0.030395	0.333204	0.137501	0.370940	0.163696
180.000000	0.046688	-0.100797	-0.046688	0.335946	0.134902	0.374358	0.167553
175.000000	0.059764	-0.107044	-0.059764	0.337286	0.133360	0.377252	0.169848
170.000000	0.066354	-0.095435	-0.066354	0.338574	0.131656	0.374483	0.169855
165.000000	0.070257	-0.058752	-0.070257	0.338534	0.131506	0.374481	0.168805
160.000000	0.070784	-0.072582	-0.070784	0.335883	0.129978	0.376479	0.169145
155.000000	0.064546	-0.062452	-0.064546	0.335245	0.130826	0.376554	0.169796
150.000000	0.055212	-0.054676	-0.055212	0.339699	0.132181	0.375815	0.167503
145.000000	0.042058	-0.031728	-0.042058	0.336073	0.133536	0.370406	0.164736
140.000000	0.027889	-0.021260	-0.027889	0.336934	0.133330	0.366932	0.163929
135.000000	0.014111	-0.002207	-0.014111	0.334829	0.133999	0.365326	0.162436
130.000000	0.003849	0.004935	-0.003849	0.336237	0.136406	0.365706	0.163044
125.000000	0.006206	0.027919	0.006206	0.330419	0.135986	0.362704	0.161732
120.000000	0.018255	0.084911	0.018255	0.331011	0.135677	0.358327	0.160116
115.000000	0.027935	0.133014	0.027935	0.327624	0.133187	0.359414	0.160844
110.000000	0.040931	0.174756	0.040931	0.326467	0.131855	0.359449	0.161655
105.000000	0.062110	0.255983	0.062110	0.325792	0.127771	0.360797	0.162816
100.000000	0.085372	0.320954	0.085372	0.321860	0.122749	0.352919	0.163908
95.000000	0.108929	0.406865	0.108929	0.321152	0.115543	0.344616	0.162834
90.000000	0.142558	0.498417	0.142558	0.315557	0.108499	0.345420	0.159306
85.000000	0.181129	0.576998	0.181129	0.310354	0.101416	0.342628	0.155695
80.000000	0.224166	0.643984	0.224166	0.302933	0.096105	0.346124	0.156286
75.000000	0.272699	0.693860	0.272699	0.299410	0.091278	0.346801	0.158974
70.000000	0.323056	0.731202	0.323056	0.296965	0.087757	0.342236	0.163215
65.000000	0.380400	0.791177	0.380400	0.303820	0.086013	0.363292	0.175958
60.000000	0.437939	0.845529	0.437939	0.311432	0.084382	0.357659	0.181645
55.000000	0.493032	0.936131	0.493032	0.321169	0.087019	0.342203	0.181703
50.000000	0.544148	1.047119	0.544148	0.327181	0.090006	0.332965	0.185471
45.000000	0.594719	1.109141	0.594719	0.327602	0.093360	0.330318	0.198176
40.000000	0.647962	1.169904	0.647962	0.331948	0.098407	0.335208	0.214034
35.000000	0.697523	1.248969	0.697523	0.342864	0.103736	0.335590	0.224223
30.000000	0.744016	1.258067	0.744016	0.340397	0.102853	0.326029	0.228905
25.000000	0.778798	1.259250	0.778798	0.340546	0.103808	0.322177	0.234020
20.000000	0.816321	1.257206	0.816321	0.344073	0.106567	0.321807	0.234560
15.000000	0.862759	1.269299	0.862759	0.341178	0.108634	0.311383	0.222583
10.000000	0.905759	1.312511	0.905759	0.346139	0.112575	0.299448	0.211891
5.000000	0.941257	1.298379	0.941257	0.343116	0.113412	0.293169	0.200317
0.000000	0.974825	1.272892	0.974825	0.340347	0.112636	0.296101	0.193958
