0.000000	0.908415
5.000000	0.914671
10.000000	0.925355
15.000000	0.936358
20.000000	0.947886
25.000000	0.963460
30.000000	0.979185
35.000000	0.988376
40.000000	0.999052
45.000000	1.000000
50.000000	0.980292
55.000000	0.955605
60.000000	0.908944
65.000000	0.848754
70.000000	0.773034
75.000000	0.693267
80.000000	0.623183
85.000000	0.586605
90.000000	0.565035
95.000000	0.562722
100.000000	0.567542
105.000000	0.575523
110.000000	0.581616
115.000000	0.584782
120.000000	0.587677
125.000000	0.589441
130.000000	0.591141
135.000000	0.591207
140.000000	0.591010
145.000000	0.590277
150.000000	0.590123
155.000000	0.590607
160.000000	0.590512
165.000000	0.590718
170.000000	0.590482
175.000000	0.590130
180.000000	0.589726
185.000000	0.590002
190.000000	0.590268
195.000000	0.590240
200.000000	0.590105
205.000000	0.589519
210.000000	0.589417
215.000000	0.589765
220.000000	0.589756
225.000000	0.589748
230.000000	0.589441
235.000000	0.588834
240.000000	0.589146
245.000000	0.589494
250.000000	0.589839
255.000000	0.589837
