255.000000	0.000000	0.000000	0.000000	0.356555	0.280004	0.369130	0.286759
250.000000	0.051652	0.051652	0.009338	0.360378	0.280142	0.369532	0.286324
245.000000	0.077215	0.077215	0.011321	0.356074	0.278477	0.370044	0.287281
240.000000	0.043729	0.043729	0.011980	0.360818	0.282259	0.369809	0.287240
235.000000	0.001833	-0.001833	0.009083	0.360095	0.282121	0.365882	0.285820
230.000000	0.078813	-0.078813	0.010179	0.355410	0.281220	0.368009	0.290006
225.000000	0.032333	-0.032333	0.018175	0.358826	0.283278	0.369628	0.289383
220.000000	0.033782	-0.033782	0.026847	0.359346	0.281913	0.367608	0.285513
215.000000	0.013824	-0.013824	0.026707	0.357742	0.282363	0.366428	0.286224
210.000000	0.004553	-0.004553	0.021566	0.358566	0.282873	0.366624	0.287865
205.000000	0.070359	-0.070359	0.008345	0.358687	0.282448	0.362805	0.290797
200.000000	0.069053	-0.069053	-0.006893	0.357608	0.282213	0.361316	0.287900
195.000000	0.115630	-0.115630	-0.034185	0.360000	0.280224	0.369217	0.289068
190.000000	0.049991	-0.049991	-0.071023	0.358373	0.281713	0.368324	0.290770
185.000000	0.033699	0.033699	-0.103163	0.362259	0.281740	0.368398	0.289534
180.000000	0.080096	0.080096	-0.116850	0.365304	0.284642	0.371934	0.291175
175.000000	0.174971	0.174971	-0.128831	0.369428	0.288028	0.374054	0.291415
170.000000	0.200152	0.200152	-0.128612	0.371978	0.288171	0.377313	0.293647
165.000000	0.215837	0.215837	-0.133349	0.366081	0.285923	0.373480	0.291441
160.000000	0.285244	0.285244	-0.141426	0.362921	0.286848	0.376438	0.294304
155.000000	0.423383	0.423383	-0.164687	0.350475	0.275936	0.383726	0.303019
150.000000	0.928658	0.928658	1.251069	0.344639	0.172872	0.363046	0.087557
145.000000	1.030138	1.030138	-0.129947	0.348733	0.275400	0.397224	0.288048
140.000000	1.246291	1.246291	-0.040878	0.357681	0.275952	0.406377	0.278545
135.000000	1.474449	1.474449	-0.022340	0.357158	0.282677	0.401879	0.270435
130.000000	1.763740	1.763740	-0.037262	0.368133	0.294591	0.397716	0.277791
125.000000	1.923603	1.923603	-0.078085	0.348095	0.280110	0.395532	0.283432
120.000000	1.970770	1.970770	-0.111978	0.343377	0.279292	0.394757	0.284830
115.000000	1.951563	1.951563	-0.127330	0.345578	0.278022	0.395444	0.284271
110.000000	1.805275	1.805275	-0.134744	0.359773	0.288314	0.398190	0.279621
105.000000	1.370205	1.370205	-0.152164	0.337063	0.270292	0.403269	0.286730
100.000000	0.959339	0.959339	-0.155425	0.342374	0.270488	0.388091	0.293776
95.000000	0.676827	0.676827	-0.144445	0.348178	0.271709	0.378069	0.299053
90.000000	0.607484	0.607484	-0.122954	0.344542	0.271456	0.369423	0.303130
85.000000	0.658565	0.658565	-0.079639	0.346457	0.273389	0.359825	0.296767
80.000000	0.816137	0.816137	-0.018736	0.347201	0.271859	0.346707	0.291342
75.000000	0.904752	0.904752	0.049694	0.327362	0.255945	0.361776	0.291786
70.000000	0.699197	0.699197	0.129315	0.340588	0.260396	0.348258	0.284971
65.000000	0.502359	0.502359	0.271732	0.330919	0.248916	0.330090	0.272336
60.000000	0.598619	0.598619	0.389420	0.336094	0.248084	0.348914	0.279468
55.000000	0.838126	0.838126	0.460210	0.337472	0.243551	0.334420	0.255865
50.000000	1.008826	1.008826	0.517448	0.343928	0.245044	0.338038	0.250845
45.000000	0.969089	0.969089	0.582344	0.336533	0.236969	0.332041	0.247465
40.000000	0.961132	0.961132	0.667066	0.340022	0.231735	0.342116	0.254283
35.000000	1.045250	1.045250	0.744975	0.344608	0.228981	0.345227	0.262624
30.000000	1.054100	1.054100	0.812959	0.355434	0.231980	0.335660	0.260907
25.000000	1.153340	1.153340	0.858063	0.356410	0.227551	0.345965	0.278255
20.000000	1.070581	1.070581	0.875341	0.357478	0.229701	0.346970	0.274645
15.000000	0.884389	0.884389	0.881726	0.347881	0.229473	0.344739	0.263561
10.000000	0.699326	0.699326	0.889663	0.345297	0.225666	0.369069	0.274981
5.000000	0.605910	0.605910	0.907766	0.333641	0.221643	0.368853	0.273908
0.000000	0.575415	0.575415	0.932597	0.331328	0.218663	0.366582	0.272682
