0.000000	0.571023
5.000000	0.560049
10.000000	0.543555
15.000000	0.521418
20.000000	0.489835
25.000000	0.460995
30.000000	0.428296
35.000000	0.397325
40.000000	0.368364
45.000000	0.349950
50.000000	0.342852
55.000000	0.361439
60.000000	0.398766
65.000000	0.461763
70.000000	0.568691
75.000000	0.658817
80.000000	0.742328
85.000000	0.837159
90.000000	0.905611
95.000000	0.932287
100.000000	0.948949
105.000000	0.959624
110.000000	0.970109
115.000000	0.977565
120.000000	0.981312
125.000000	0.984024
130.000000	0.988179
135.000000	0.991078
140.000000	0.993528
145.000000	0.994654
150.000000	0.995498
155.000000	0.996610
160.000000	0.997765
165.000000	0.998280
170.000000	0.998187
175.000000	0.998243
180.000000	0.998868
185.000000	0.999381
190.000000	1.000000
195.000000	0.999434
200.000000	0.997830
205.000000	0.998336
210.000000	0.999252
215.000000	0.999177
220.000000	0.998819
225.000000	0.998485
230.000000	0.998713
235.000000	0.999644
240.000000	0.999360
245.000000	0.998999
250.000000	0.998485
255.000000	0.999189
