0.000000	0.624099
5.000000	0.626198
10.000000	0.626671
15.000000	0.628607
20.000000	0.629843
25.000000	0.632143
30.000000	0.634756
35.000000	0.637921
40.000000	0.639164
45.000000	0.643294
50.000000	0.645775
55.000000	0.649932
60.000000	0.652732
65.000000	0.658366
70.000000	0.663156
75.000000	0.667493
80.000000	0.673325
85.000000	0.678192
90.000000	0.685700
95.000000	0.691324
100.000000	0.701394
105.000000	0.708595
110.000000	0.718564
115.000000	0.728701
120.000000	0.738018
125.000000	0.749974
130.000000	0.761220
135.000000	0.773800
140.000000	0.787638
145.000000	0.802557
150.000000	0.818105
155.000000	0.833062
160.000000	0.849621
165.000000	0.870016
170.000000	0.887053
175.000000	0.901615
180.000000	0.923139
185.000000	0.936288
190.000000	0.955609
195.000000	0.962048
200.000000	0.983787
205.000000	0.982271
210.000000	0.999865
215.000000	0.999119
220.000000	1.000000
225.000000	0.992019
230.000000	0.974833
235.000000	0.964833
240.000000	0.938092
245.000000	0.906709
250.000000	0.882623
255.000000	0.846319
