255.000000	0.000000	0.000000	0.000000	0.419131	0.118929	0.401304	0.126671
250.000000	0.014967	0.014967	-0.087925	0.412640	0.129640	0.410510	0.131188
245.000000	0.027308	0.027308	-0.137061	0.419325	0.135353	0.414054	0.135468
240.000000	0.029915	0.029915	-0.121509	0.418631	0.138351	0.413383	0.139433
235.000000	0.031016	0.031016	-0.068041	0.421434	0.130455	0.406145	0.138626
230.000000	0.039144	0.039144	-0.018984	0.416247	0.129212	0.409790	0.138207
225.000000	0.040730	0.040730	-0.033568	0.411252	0.130606	0.412586	0.143911
220.000000	0.041249	0.041249	-0.040631	0.414737	0.136555	0.406664	0.143771
215.000000	0.036819	0.036819	-0.096362	0.408350	0.145035	0.410780	0.152274
210.000000	0.037000	0.037000	-0.052706	0.414447	0.143446	0.409308	0.152083
205.000000	0.033767	0.033767	-0.015693	0.408652	0.132967	0.405280	0.148241
200.000000	0.029075	0.029075	0.045307	0.414489	0.133035	0.401820	0.147404
195.000000	0.026108	0.026108	-0.026994	0.412421	0.142635	0.404162	0.156487
190.000000	0.022796	0.022796	-0.065133	0.412085	0.147523	0.401035	0.157255
185.000000	0.013410	0.013410	0.027841	0.410966	0.140053	0.396009	0.155974
180.000000	0.013579	0.013579	0.067216	0.411265	0.131246	0.389341	0.149850
175.000000	0.008121	0.008121	-0.102151	0.403324	0.156698	0.400955	0.162960
170.000000	0.013172	0.013172	-0.205843	0.406671	0.159665	0.406630	0.161356
165.000000	0.009556	0.009556	-0.156682	0.406006	0.160934	0.404867	0.161448
160.000000	0.012782	0.012782	-0.122143	0.410659	0.150496	0.401114	0.154839
155.000000	0.003653	0.003653	-0.047172	0.413038	0.144020	0.401061	0.147698
150.000000	0.004092	-0.004092	0.032906	0.414846	0.129143	0.394954	0.141638
145.000000	0.006698	-0.006698	0.060606	0.410278	0.125110	0.397005	0.140474
140.000000	0.000974	0.000974	0.028999	0.408903	0.128251	0.404823	0.141878
135.000000	0.005083	0.005083	0.098964	0.407288	0.118300	0.397182	0.136899
130.000000	0.003261	0.003261	0.184874	0.403580	0.112758	0.397063	0.129993
125.000000	0.009787	0.009787	0.124121	0.403268	0.118606	0.400048	0.136105
120.000000	0.004961	0.004961	0.122896	0.398071	0.115630	0.404568	0.133150
115.000000	0.011576	0.011576	0.106492	0.397426	0.115889	0.398895	0.132282
110.000000	0.011382	0.011382	0.107460	0.401698	0.113696	0.402844	0.128139
105.000000	0.021053	0.021053	0.070695	0.399624	0.117208	0.410597	0.127876
100.000000	0.027125	0.027125	0.087937	0.393205	0.110738	0.407646	0.126638
95.000000	0.021529	0.021529	0.222921	0.397179	0.100708	0.414197	0.117821
90.000000	0.026245	0.026245	0.150560	0.386214	0.104534	0.407811	0.124524
85.000000	0.038707	0.038707	0.044287	0.396987	0.116728	0.413176	0.125373
80.000000	0.040212	0.040212	0.098381	0.394872	0.106935	0.416169	0.123142
75.000000	0.026118	0.026118	0.352354	0.395968	0.090075	0.413950	0.109235
70.000000	0.007922	0.007922	0.098990	0.392211	0.103009	0.421018	0.124757
65.000000	0.037242	0.037242	-0.083308	0.394105	0.121277	0.423182	0.125621
60.000000	0.037283	0.037283	-0.125308	0.395130	0.126952	0.431988	0.132354
55.000000	0.021467	-0.021467	0.112279	0.399391	0.088670	0.415914	0.111801
50.000000	0.053572	0.053572	-0.027663	0.409134	0.115099	0.429172	0.122012
45.000000	0.039206	0.039206	0.023110	0.400587	0.106438	0.420323	0.120298
40.000000	0.053770	0.053770	-0.123020	0.399181	0.122695	0.430568	0.124004
35.000000	0.063230	0.063230	0.011728	0.401868	0.110747	0.426573	0.118155
30.000000	0.044753	0.044753	0.051903	0.400330	0.099415	0.422420	0.116701
25.000000	0.035083	0.035083	0.111410	0.399875	0.095089	0.423631	0.110935
20.000000	0.027591	0.027591	0.355673	0.400032	0.082352	0.410713	0.103546
15.000000	0.022767	0.022767	0.176765	0.394934	0.088402	0.422219	0.108042
10.000000	0.069004	0.069004	-0.130517	0.404734	0.120934	0.430645	0.121521
5.000000	0.030753	0.030753	0.396511	0.403014	0.078221	0.407102	0.095912
0.000000	0.064867	0.064867	0.191988	0.397801	0.088388	0.417748	0.105571
