255.000000	0.000000	0.000000	0.000000	0.331165	0.313012	0.368903	0.320425
250.000000	0.033899	-0.079810	0.012013	0.338322	0.329950	0.379398	0.327453
245.000000	0.010882	-0.056701	0.034937	0.353443	0.345809	0.383375	0.327651
240.000000	0.018434	-0.033720	0.070587	0.357920	0.350841	0.372502	0.319757
235.000000	0.023183	-0.054909	0.101275	0.364099	0.357401	0.384127	0.328510
230.000000	0.025824	-0.165600	0.113953	0.351416	0.345539	0.388954	0.326993
225.000000	0.055556	-0.244439	0.133328	0.344505	0.332315	0.382190	0.323393
220.000000	0.012613	-0.203467	0.178240	0.341059	0.329454	0.387748	0.323423
215.000000	0.106496	-0.036068	0.249060	0.336083	0.329036	0.361335	0.314567
210.000000	0.172678	0.038461	0.306894	0.333235	0.327633	0.343953	0.304003
205.000000	0.192211	0.049934	0.334488	0.335043	0.330300	0.342817	0.305736
200.000000	0.176698	-0.012158	0.365554	0.324968	0.313851	0.348358	0.308584
195.000000	0.233661	0.043767	0.423555	0.326736	0.313857	0.333695	0.297312
190.000000	0.249578	0.034803	0.464353	0.326538	0.309047	0.324104	0.293479
185.000000	0.241966	-0.022809	0.506740	0.325927	0.297288	0.332786	0.298232
180.000000	0.229320	-0.082949	0.541589	0.333841	0.293425	0.329791	0.294430
175.000000	0.331944	0.067188	0.596699	0.326127	0.297246	0.331524	0.298580
170.000000	0.437438	0.233902	0.640974	0.320224	0.307174	0.346421	0.314726
165.000000	0.540458	0.399500	0.681417	0.317745	0.313646	0.357702	0.313522
160.000000	0.614901	0.511587	0.718214	0.317333	0.314297	0.370485	0.319592
155.000000	0.654410	0.558496	0.750325	0.319042	0.315848	0.361493	0.307740
150.000000	0.726545	0.657717	0.795374	0.317895	0.315778	0.364283	0.308329
145.000000	0.804784	0.790234	0.819333	0.324336	0.309662	0.349431	0.287901
140.000000	0.770145	0.697775	0.842515	0.321187	0.317821	0.359503	0.294576
135.000000	0.905722	0.932847	0.878598	0.323428	0.300237	0.344882	0.276663
130.000000	1.022110	1.118185	0.926035	0.322825	0.277362	0.339461	0.273690
125.000000	0.949015	0.968559	0.929472	0.323413	0.302078	0.338618	0.271690
120.000000	0.536904	1.212545	-0.138737	0.284594	0.131771	0.351628	0.119431
115.000000	0.859245	0.785271	0.933219	0.315217	0.311518	0.359527	0.285083
110.000000	0.921250	0.862652	0.979847	0.319771	0.311590	0.348654	0.276137
105.000000	1.033823	1.043945	1.023702	0.319401	0.300984	0.345351	0.272369
100.000000	1.025220	1.032997	1.017443	0.319648	0.303119	0.345257	0.257280
95.000000	1.011575	0.994873	1.028277	0.326155	0.309754	0.346293	0.272985
90.000000	1.144098	1.234946	1.053251	0.317352	0.275906	0.341937	0.276499
85.000000	1.187014	1.331107	1.042922	0.317416	0.265277	0.325323	0.266842
80.000000	1.161214	1.288941	1.033487	0.316991	0.266992	0.341101	0.276156
75.000000	1.168826	1.290951	1.046700	0.318337	0.271069	0.330303	0.268465
70.000000	1.112751	1.188742	1.036760	0.316521	0.278080	0.337731	0.267016
65.000000	1.072756	1.105735	1.039777	0.316826	0.285250	0.345696	0.270071
60.000000	1.105434	1.141227	1.069640	0.315703	0.283398	0.341621	0.267634
55.000000	1.148418	1.205987	1.090849	0.317131	0.280839	0.338012	0.268406
50.000000	1.195761	1.288329	1.103193	0.319566	0.276309	0.344532	0.279664
45.000000	1.178584	1.243758	1.113410	0.314525	0.279576	0.343265	0.276192
40.000000	1.156718	1.197499	1.115938	0.321059	0.290105	0.352142	0.280019
35.000000	1.111538	1.095037	1.128039	0.322901	0.307998	0.358770	0.279610
30.000000	1.136362	1.149558	1.123166	0.323292	0.297472	0.358819	0.283090
25.000000	1.266376	1.406646	1.126107	0.327659	0.265753	0.353715	0.290409
20.000000	1.275018	1.424859	1.125177	0.331688	0.269340	0.347525	0.288738
15.000000	1.251280	1.347887	1.154672	0.327228	0.282027	0.344394	0.285043
10.000000	1.332584	1.511048	1.154119	0.345709	0.276901	0.342582	0.284611
5.000000	1.359418	1.567537	1.151299	0.346284	0.273421	0.348217	0.288767
0.000000	1.361790	1.563997	1.159582	0.342960	0.269513	0.350925	0.293708
