0.000000	1.000000
5.000000	0.995945
10.000000	0.987950
15.000000	0.972167
20.000000	0.962466
25.000000	0.941863
30.000000	0.914515
35.000000	0.877708
40.000000	0.834610
45.000000	0.777083
50.000000	0.701326
55.000000	0.605937
60.000000	0.538605
65.000000	0.446430
70.000000	0.345612
75.000000	0.240747
80.000000	0.144973
85.000000	0.105854
90.000000	0.079596
95.000000	0.055371
100.000000	0.045552
105.000000	0.041440
110.000000	0.039872
115.000000	0.039231
120.000000	0.038889
125.000000	0.039148
130.000000	0.039197
135.000000	0.039274
140.000000	0.039631
145.000000	0.039096
150.000000	0.039931
155.000000	0.039478
160.000000	0.040037
165.000000	0.040298
170.000000	0.040214
175.000000	0.040282
180.000000	0.040297
185.000000	0.040194
190.000000	0.040306
195.000000	0.040249
200.000000	0.040194
205.000000	0.040309
210.000000	0.040210
215.000000	0.040252
220.000000	0.040119
225.000000	0.040297
230.000000	0.040217
235.000000	0.040341
240.000000	0.040434
245.000000	0.040353
250.000000	0.040452
255.000000	0.040355
