255.000000	0.000000	0.000000	0.000000	0.376325	0.283963	0.374367	0.315028
250.000000	0.055657	0.269340	0.055657	0.373326	0.294325	0.385724	0.317389
245.000000	0.111051	0.302173	0.111051	0.379104	0.300186	0.384866	0.319394
240.000000	0.276299	-1.321475	0.276299	0.355238	0.189046	0.372538	0.107350
235.000000	0.218052	0.571055	0.218052	0.345241	0.279164	0.376490	0.317522
230.000000	0.260695	0.645532	0.260695	0.338885	0.274310	0.373671	0.318451
225.000000	0.298895	0.707117	0.298895	0.343734	0.275644	0.372519	0.319997
220.000000	0.354389	0.727781	0.354389	0.346212	0.279081	0.367170	0.322326
215.000000	0.400024	0.669139	0.400024	0.354850	0.283984	0.369115	0.320184
210.000000	0.465361	0.939869	0.465361	0.340685	0.273924	0.381922	0.331457
205.000000	0.506354	0.945160	0.506354	0.345187	0.278470	0.381088	0.331325
200.000000	0.560149	1.099502	0.560149	0.346821	0.275874	0.394800	0.341377
195.000000	0.599904	1.105009	0.599904	0.339550	0.271161	0.379443	0.327516
190.000000	0.644259	1.213716	0.644259	0.350881	0.278643	0.364418	0.306749
185.000000	0.676343	1.163496	0.676343	0.344528	0.273555	0.361062	0.304672
180.000000	0.711113	1.239387	0.711113	0.351038	0.279215	0.349111	0.292845
175.000000	0.742986	1.268179	0.742986	0.344828	0.272430	0.351040	0.292500
170.000000	0.766046	1.221695	0.766046	0.345520	0.278588	0.352680	0.293043
165.000000	0.785047	1.185585	0.785047	0.346263	0.279020	0.356784	0.298082
160.000000	0.810718	1.158342	0.810718	0.347523	0.281972	0.369287	0.305319
155.000000	0.814153	1.053992	0.814153	0.360944	0.285689	0.367828	0.306256
150.000000	0.832102	1.013823	0.832102	0.364887	0.289741	0.379109	0.318045
145.000000	0.850108	0.970478	0.850108	0.378652	0.296548	0.382520	0.316662
140.000000	0.878931	1.018725	0.878931	0.370298	0.289967	0.366129	0.302960
135.000000	0.888745	0.935665	0.888745	0.371559	0.289474	0.369028	0.308042
130.000000	0.897888	1.055236	0.897888	0.375848	0.298983	0.364407	0.300320
125.000000	0.931467	1.260876	0.931467	0.345974	0.280654	0.366622	0.303325
120.000000	0.934613	1.181026	0.934613	0.361387	0.290818	0.373868	0.306736
115.000000	0.975364	1.327233	0.975364	0.355935	0.280635	0.364857	0.295740
110.000000	0.990908	1.548628	0.990908	0.345779	0.262480	0.357520	0.298116
105.000000	0.990513	1.615728	0.990513	0.345106	0.262937	0.363687	0.310084
100.000000	1.021153	1.723592	1.021153	0.348374	0.254568	0.371972	0.316444
95.000000	1.045256	1.654593	1.045256	0.348637	0.263826	0.377221	0.325029
90.000000	1.034409	1.364548	1.034409	0.341122	0.272823	0.363784	0.302144
85.000000	1.043068	1.326317	1.043068	0.349147	0.275774	0.367401	0.301861
80.000000	1.038342	1.286811	1.038342	0.352122	0.279476	0.361307	0.299100
75.000000	1.017454	1.086189	1.017454	0.357702	0.277468	0.373500	0.305737
70.000000	1.018779	0.947123	1.018779	0.342368	0.258021	0.375105	0.310995
65.000000	1.029620	0.958346	1.029620	0.339604	0.255491	0.373879	0.309354
60.000000	1.028907	0.903661	1.028907	0.333352	0.248288	0.371929	0.312169
55.000000	1.016503	0.843241	1.016503	0.330727	0.245039	0.369162	0.312332
50.000000	1.067879	0.814566	1.067879	0.320042	0.231821	0.373920	0.314990
45.000000	1.083330	1.074601	1.083330	0.339940	0.261308	0.370690	0.304759
40.000000	1.080675	1.197841	1.080675	0.366420	0.285961	0.374929	0.309854
35.000000	1.078218	1.149792	1.078218	0.371243	0.289116	0.369266	0.300553
30.000000	1.077219	1.174679	1.077219	0.370564	0.289143	0.374124	0.304472
25.000000	1.098204	1.183735	1.098204	0.376062	0.292841	0.372650	0.302953
20.000000	1.116316	1.418878	1.116316	0.346674	0.278349	0.365753	0.307733
15.000000	1.117938	1.454598	1.117938	0.343595	0.275620	0.374002	0.312369
10.000000	1.127028	1.495218	1.127028	0.342896	0.270251	0.382177	0.324406
5.000000	1.136432	1.517356	1.136432	0.338738	0.270067	0.380079	0.324567
0.000000	1.150031	1.538555	1.150031	0.343239	0.269666	0.384275	0.329339
