255.000000	0.000000	0.000000	0.000000	0.349033	0.220068	0.409360	0.141763
250.000000	0.003771	0.003771	-0.044202	0.348486	0.224680	0.411323	0.138529
245.000000	0.014581	0.014581	-0.039064	0.351038	0.220231	0.411489	0.133898
240.000000	0.043997	0.043997	0.041533	0.352458	0.223021	0.410645	0.128672
235.000000	0.001496	0.001496	-0.112685	0.359302	0.223806	0.408883	0.122661
230.000000	0.040442	-0.040442	-0.277576	0.349038	0.224064	0.409537	0.123368
225.000000	0.048641	-0.048641	-0.295183	0.357240	0.222910	0.413453	0.118573
220.000000	0.057977	-0.057977	-0.272098	0.350293	0.222573	0.404906	0.110391
215.000000	0.104744	-0.104744	-0.364895	0.352953	0.218927	0.418275	0.112907
210.000000	0.126871	-0.126871	-0.371469	0.347118	0.218163	0.408595	0.105927
205.000000	0.100160	-0.100160	-0.286181	0.359827	0.218697	0.407303	0.095021
200.000000	0.114061	-0.114061	-0.267032	0.359903	0.219448	0.408044	0.087463
195.000000	0.135496	-0.135496	-0.237515	0.360043	0.213516	0.411314	0.083132
190.000000	0.156791	-0.156791	-0.256708	0.355366	0.211101	0.404592	0.080007
185.000000	0.158575	-0.158575	-0.191333	0.362142	0.215165	0.402179	0.070828
180.000000	0.167301	-0.167301	-0.211580	0.350053	0.206372	0.403271	0.070307
175.000000	0.200472	-0.200472	-0.232152	0.350150	0.209691	0.405852	0.067964
170.000000	0.153270	-0.153270	-0.072533	0.352371	0.205282	0.407109	0.059031
165.000000	0.164339	-0.164339	-0.054950	0.357520	0.211436	0.402933	0.054840
160.000000	0.032521	-0.032521	0.270864	0.383460	0.217453	0.410834	0.054406
155.000000	0.053419	-0.053419	0.270717	0.378714	0.214752	0.410692	0.053542
150.000000	0.209603	-0.209603	-0.095456	0.343815	0.201683	0.400597	0.050638
145.000000	0.024169	0.024169	0.503043	0.362438	0.199650	0.416418	0.061511
140.000000	0.078668	-0.078668	0.271885	0.366679	0.209494	0.406940	0.044784
135.000000	0.031742	0.031742	0.612000	0.344369	0.195307	0.415884	0.061156
130.000000	0.011662	0.011662	0.484257	0.353689	0.201568	0.416232	0.050894
125.000000	0.008428	0.008428	0.495186	0.358330	0.202135	0.409868	0.049089
120.000000	0.011635	0.011635	0.708834	0.345045	0.191059	0.422616	0.064981
115.000000	0.033983	-0.033983	0.427723	0.359642	0.206467	0.408053	0.042765
110.000000	0.335507	-0.335507	-0.135912	0.351070	0.203182	0.418480	0.048174
105.000000	0.237084	-0.237084	0.126355	0.364073	0.209650	0.411588	0.036451
100.000000	0.151738	-0.151738	0.257020	0.356309	0.202343	0.416810	0.037638
95.000000	0.191798	-0.191798	0.223241	0.355405	0.203954	0.412210	0.034127
90.000000	0.007407	-0.007407	0.699514	0.336064	0.187720	0.425019	0.055562
85.000000	0.168144	-0.168144	0.318824	0.343612	0.198701	0.418144	0.034025
80.000000	0.089100	-0.089100	0.436503	0.340554	0.194572	0.421201	0.038129
75.000000	0.034410	-0.034410	0.571844	0.336427	0.190183	0.419526	0.042679
70.000000	0.002722	-0.002722	0.722948	0.338884	0.192613	0.417186	0.051262
65.000000	0.005119	-0.005119	0.884429	0.336218	0.183633	0.428690	0.067763
60.000000	0.004671	-0.004671	0.885697	0.341393	0.185367	0.419191	0.062952
55.000000	0.017689	-0.017689	0.775901	0.327545	0.185220	0.426164	0.055481
50.000000	0.068101	-0.068101	0.617427	0.331027	0.189693	0.416745	0.039227
45.000000	0.136295	-0.136295	0.453889	0.328454	0.191941	0.426065	0.033902
40.000000	0.053047	-0.053047	0.651747	0.332657	0.190900	0.430646	0.044481
35.000000	0.136761	-0.136761	0.471832	0.336750	0.195059	0.420141	0.032235
30.000000	0.304644	-0.304644	0.180159	0.335056	0.195736	0.426666	0.030873
25.000000	0.179483	-0.179483	0.361021	0.334879	0.194167	0.428216	0.030393
20.000000	0.303295	-0.303295	0.168240	0.336048	0.195261	0.429033	0.030891
15.000000	0.418570	-0.418570	-0.025516	0.346201	0.201844	0.423401	0.035912
10.000000	0.443132	-0.443132	-0.059777	0.343234	0.201979	0.420408	0.037606
5.000000	0.465376	-0.465376	-0.099243	0.342612	0.200240	0.427239	0.042578
0.000000	0.473897	-0.473897	-0.091874	0.346500	0.203866	0.422675	0.040174
