0.000000	1.000000
5.000000	0.998667
10.000000	0.995115
15.000000	0.992278
20.000000	0.988862
25.000000	0.986053
30.000000	0.983159
35.000000	0.981115
40.000000	0.976054
45.000000	0.972519
50.000000	0.967842
55.000000	0.962276
60.000000	0.957937
65.000000	0.954574
70.000000	0.945524
75.000000	0.941148
80.000000	0.932523
85.000000	0.924826
90.000000	0.914532
95.000000	0.907324
100.000000	0.894489
105.000000	0.883819
110.000000	0.875919
115.000000	0.858513
120.000000	0.847205
125.000000	0.835674
130.000000	0.814999
135.000000	0.802302
140.000000	0.778125
145.000000	0.762455
150.000000	0.736792
155.000000	0.718781
160.000000	0.695512
165.000000	0.669433
170.000000	0.641051
175.000000	0.617230
180.000000	0.585074
185.000000	0.555761
190.000000	0.528942
195.000000	0.498381
200.000000	0.465886
205.000000	0.438886
210.000000	0.408313
215.000000	0.383241
220.000000	0.355752
225.000000	0.333739
230.000000	0.313766
235.000000	0.294571
240.000000	0.278451
245.000000	0.267094
250.000000	0.256505
255.000000	0.249115
