0.000000	0.641473
5.000000	0.647266
10.000000	0.662548
15.000000	0.687804
20.000000	0.706514
25.000000	0.737448
30.000000	0.771350
35.000000	0.810668
40.000000	0.854535
45.000000	0.907136
50.000000	0.943609
55.000000	0.977577
60.000000	1.000000
65.000000	0.988701
70.000000	0.970184
75.000000	0.911603
80.000000	0.828152
85.000000	0.753427
90.000000	0.669778
95.000000	0.602049
100.000000	0.555852
105.000000	0.526845
110.000000	0.512723
115.000000	0.502588
120.000000	0.494704
125.000000	0.490261
130.000000	0.485616
135.000000	0.483296
140.000000	0.481906
145.000000	0.480436
150.000000	0.479687
155.000000	0.478423
160.000000	0.477931
165.000000	0.478104
170.000000	0.477988
175.000000	0.477759
180.000000	0.477552
185.000000	0.477294
190.000000	0.477682
195.000000	0.477709
200.000000	0.477845
205.000000	0.477691
210.000000	0.477195
215.000000	0.477013
220.000000	0.476854
225.000000	0.477342
230.000000	0.477474
235.000000	0.477636
240.000000	0.477358
245.000000	0.477477
250.000000	0.478025
255.000000	0.478616
