255.000000	0.000000	0.000000	0.000000	0.369653	0.103364	0.418117	0.115817
250.000000	0.118229	-0.118229	-0.260735	0.384137	0.129292	0.406250	0.097029
245.000000	0.154895	-0.154895	-0.327265	0.353485	0.138394	0.402162	0.083455
240.000000	0.126408	-0.126408	0.065178	0.398261	0.102273	0.414484	0.074167
235.000000	0.172505	-0.172505	-0.078674	0.379551	0.104169	0.399631	0.056694
230.000000	0.265065	-0.265065	-0.237258	0.389443	0.112224	0.400926	0.054258
225.000000	0.163742	-0.163742	0.252332	0.380490	0.085810	0.404757	0.047816
220.000000	0.291126	-0.291126	0.093676	0.368113	0.082043	0.407485	0.037082
215.000000	0.501307	-0.501307	-0.490838	0.367678	0.087323	0.392123	0.050984
210.000000	0.461415	-0.461415	-0.093306	0.362191	0.070788	0.401269	0.029338
205.000000	0.425168	-0.425168	0.298974	0.351557	0.062560	0.396435	0.017967
200.000000	0.452094	-0.452094	0.377907	0.353603	0.063638	0.404602	0.018388
195.000000	0.350807	-0.350807	0.748459	0.353861	0.072872	0.402079	0.022978
190.000000	0.360544	-0.360544	0.730160	0.340798	0.065028	0.406232	0.016443
185.000000	0.546832	-0.546832	0.636663	0.341342	0.064231	0.410448	0.013609
180.000000	0.305048	-0.305048	0.939229	0.351270	0.068785	0.397566	0.018714
175.000000	0.357077	-0.357077	0.944268	0.342226	0.067112	0.412175	0.016307
170.000000	0.341012	-0.341012	1.082996	0.348875	0.082946	0.403518	0.024821
165.000000	0.319611	-0.319611	1.126323	0.343680	0.075311	0.407986	0.014677
160.000000	0.428025	-0.428025	1.074506	0.341145	0.069021	0.414763	0.009730
155.000000	0.321190	-0.321190	1.212660	0.354226	0.084986	0.406859	0.023474
150.000000	0.371911	-0.371911	1.220804	0.364905	0.096347	0.417542	0.023599
145.000000	0.293824	0.293824	2.000391	0.358394	0.062771	0.400837	0.018818
140.000000	0.280759	0.280759	2.094607	0.354505	0.042368	0.402005	0.030438
135.000000	0.276878	0.276878	2.183467	0.342358	0.042378	0.409929	0.032421
130.000000	0.190938	0.190938	2.143775	0.358145	0.041057	0.396414	0.037340
125.000000	0.208224	0.208224	2.215204	0.344561	0.049339	0.409382	0.037595
120.000000	0.195104	0.195104	2.128880	0.352086	0.058368	0.404822	0.032700
115.000000	0.213396	0.213396	2.152756	0.351157	0.066437	0.416134	0.030933
110.000000	0.186351	0.186351	2.105014	0.358763	0.074812	0.411899	0.027736
105.000000	0.188461	0.188461	2.158436	0.358707	0.072159	0.416183	0.034187
100.000000	0.130079	0.130079	2.262421	0.346061	0.059891	0.414101	0.046581
95.000000	0.019484	-0.019484	2.349219	0.344905	0.051387	0.419127	0.062154
90.000000	0.011216	0.011216	2.341804	0.345743	0.055546	0.416090	0.060584
85.000000	0.081916	0.081916	2.286808	0.351724	0.064917	0.414309	0.055730
80.000000	0.155948	0.155948	2.116315	0.360570	0.093870	0.415760	0.027186
75.000000	0.131446	0.131446	2.106344	0.365200	0.084965	0.414352	0.031698
70.000000	0.089257	0.089257	2.297561	0.343337	0.067177	0.415675	0.054492
65.000000	0.112457	0.112457	2.194892	0.357427	0.079174	0.418055	0.043408
60.000000	0.145082	-0.145082	2.461580	0.346683	0.068695	0.435440	0.082074
55.000000	0.221326	-0.221326	2.507208	0.342928	0.076991	0.432498	0.092959
50.000000	0.113266	0.113266	2.225804	0.359910	0.090134	0.419974	0.052009
45.000000	0.111155	0.111155	2.264727	0.352101	0.087218	0.420875	0.054073
40.000000	0.001840	-0.001840	2.322119	0.355379	0.075789	0.425762	0.069580
35.000000	0.117336	0.117336	2.246904	0.359438	0.091546	0.422038	0.049246
30.000000	0.057121	0.057121	2.277214	0.354160	0.082540	0.422480	0.060291
25.000000	0.065456	0.065456	2.292714	0.356585	0.087199	0.426163	0.062457
20.000000	0.040851	0.040851	2.298351	0.358511	0.086724	0.426556	0.065995
15.000000	0.017425	-0.017425	2.327296	0.355593	0.080073	0.426531	0.074752
10.000000	0.122429	0.122429	2.220083	0.360928	0.104738	0.425620	0.046895
5.000000	0.076188	0.076188	2.244978	0.365313	0.094635	0.419600	0.058404
0.000000	0.013981	0.013981	2.326462	0.349543	0.087701	0.427821	0.074763
