0.000000	1.000000
5.000000	0.737455
10.000000	0.763754
15.000000	0.754205
20.000000	0.728912
25.000000	0.706160
30.000000	0.677034
35.000000	0.651781
40.000000	0.631340
45.000000	0.600103
50.000000	0.595558
55.000000	0.601892
60.000000	0.655310
65.000000	0.718534
70.000000	0.826633
75.000000	0.930365
80.000000	0.974072
85.000000	0.974828
90.000000	0.911020
95.000000	0.851721
100.000000	0.792126
105.000000	0.756860
110.000000	0.732755
115.000000	0.713562
120.000000	0.698695
125.000000	0.696882
130.000000	0.693103
135.000000	0.685098
140.000000	0.678547
145.000000	0.677520
150.000000	0.675043
155.000000	0.674364
160.000000	0.672497
165.000000	0.672558
170.000000	0.671681
175.000000	0.679290
180.000000	0.701171
185.000000	0.690815
190.000000	0.692496
195.000000	0.693982
200.000000	0.698748
205.000000	0.703850
210.000000	0.709697
215.000000	0.715938
220.000000	0.723071
225.000000	0.732192
230.000000	0.738449
235.000000	0.739546
240.000000	0.743793
245.000000	0.973852
250.000000	0.738377
255.000000	0.733223
