0.000000	0.997220
5.000000	0.998018
10.000000	0.998257
15.000000	0.999324
20.000000	0.999726
25.000000	0.998556
30.000000	1.000000
35.000000	0.998025
40.000000	0.997843
45.000000	0.996430
50.000000	0.995059
55.000000	0.996156
60.000000	0.994223
65.000000	0.991021
70.000000	0.991455
75.000000	0.987133
80.000000	0.988346
85.000000	0.982956
90.000000	0.983397
95.000000	0.978510
100.000000	0.973592
105.000000	0.968862
110.000000	0.968279
115.000000	0.959256
120.000000	0.957070
125.000000	0.944631
130.000000	0.936581
135.000000	0.930796
140.000000	0.915182
145.000000	0.898023
150.000000	0.886899
155.000000	0.865187
160.000000	0.851759
165.000000	0.822946
170.000000	0.793851
175.000000	0.772074
180.000000	0.735087
185.000000	0.713226
190.000000	0.677162
195.000000	0.632563
200.000000	0.594513
205.000000	0.550349
210.000000	0.500660
215.000000	0.451006
220.000000	0.397374
225.000000	0.354472
230.000000	0.308449
235.000000	0.259169
240.000000	0.218441
245.000000	0.178463
250.000000	0.142555
255.000000	0.111931
