255.000000	0.000000	0.000000	0.000000	0.341972	0.194500	0.379457	0.198071
250.000000	0.011405	-0.016492	-0.006318	0.346006	0.191436	0.399580	0.187948
245.000000	0.016816	-0.028481	-0.005151	0.338610	0.190764	0.380270	0.189598
240.000000	0.013979	-0.024043	-0.003916	0.341619	0.191542	0.371707	0.187381
235.000000	0.010239	-0.019223	-0.001254	0.342387	0.196157	0.382156	0.197297
230.000000	0.006245	-0.014775	0.002285	0.361848	0.193170	0.368810	0.193028
225.000000	0.726898	1.528411	-0.074614	0.356171	0.185849	0.380097	0.174624
220.000000	0.002428	-0.013583	0.008727	0.358208	0.186682	0.378152	0.189397
215.000000	0.003575	-0.015708	0.008559	0.358399	0.187753	0.365614	0.195434
210.000000	0.015810	-0.036231	0.004611	0.347286	0.193933	0.368593	0.189433
205.000000	0.023578	-0.048171	0.001016	0.346896	0.199484	0.378061	0.188986
200.000000	0.030080	-0.059089	-0.001071	0.353046	0.191605	0.395846	0.189629
195.000000	0.029422	-0.053816	-0.005028	0.341937	0.190008	0.371993	0.187435
190.000000	0.030069	-0.050090	-0.010047	0.343738	0.197982	0.371476	0.191541
185.000000	0.027650	-0.049261	-0.006039	0.359988	0.197995	0.377387	0.189529
180.000000	0.017848	-0.030232	-0.005464	0.348956	0.190695	0.370037	0.196307
175.000000	0.016706	-0.030148	-0.003264	0.334042	0.193259	0.372701	0.189314
170.000000	0.009046	-0.015740	-0.002353	0.351940	0.191721	0.381773	0.191241
165.000000	0.002491	-0.003899	-0.001083	0.351312	0.191471	0.376303	0.199525
160.000000	0.000774	0.000577	0.000970	0.351662	0.194255	0.379662	0.199741
155.000000	0.004141	0.006119	0.002162	0.343231	0.193283	0.382861	0.189431
150.000000	0.004699	0.008340	0.001059	0.357075	0.191890	0.369775	0.193873
145.000000	0.000816	-0.001089	-0.000542	0.348440	0.191539	0.373432	0.187406
140.000000	0.001140	-0.001985	-0.000294	0.347775	0.192132	0.367675	0.192857
135.000000	0.001032	-0.004124	0.002059	0.341887	0.193159	0.364762	0.194183
130.000000	0.004488	0.000983	0.007993	0.355042	0.188297	0.378197	0.195077
125.000000	0.007839	0.005896	0.009783	0.356032	0.194919	0.380358	0.198858
120.000000	0.010037	0.008300	0.011774	0.354015	0.189133	0.376774	0.191987
115.000000	0.020223	0.018993	0.021453	0.353539	0.191856	0.375755	0.198475
110.000000	0.025161	0.022834	0.027489	0.362913	0.186822	0.373015	0.204295
105.000000	0.031470	0.022891	0.040048	0.345788	0.185307	0.373813	0.203485
100.000000	0.200247	0.195385	0.205110	0.333403	0.176545	0.304670	0.148299
95.000000	0.043835	0.025817	0.061853	0.376702	0.187061	0.378280	0.193625
90.000000	0.025387	-0.000651	0.051425	0.359536	0.190051	0.366526	0.165022
85.000000	0.033822	-0.078381	0.010736	0.375087	0.194338	0.351911	0.138336
80.000000	0.662644	-0.284402	1.609690	0.403004	0.166005	0.392699	0.212351
75.000000	0.172893	-0.253743	-0.092044	0.401078	0.195786	0.373560	0.114177
70.000000	0.234400	-0.333151	-0.135649	0.418900	0.202386	0.383260	0.113406
65.000000	0.286072	-0.406852	-0.165291	0.416678	0.196032	0.379102	0.112098
60.000000	0.640738	-1.383127	0.101652	0.212182	0.129453	0.224106	0.085469
55.000000	0.354793	-0.523814	-0.185771	0.395352	0.188379	0.370398	0.118076
50.000000	0.376330	-0.564857	-0.187803	0.366924	0.172003	0.374997	0.123890
45.000000	0.396018	-0.597431	-0.194606	0.381940	0.179204	0.363836	0.123284
40.000000	0.412679	-0.630966	-0.194393	0.359054	0.177736	0.367418	0.128991
35.000000	0.430778	-0.662500	-0.199056	0.354661	0.173924	0.371304	0.134286
30.000000	0.446626	-0.691558	-0.201694	0.357147	0.181093	0.365160	0.135625
25.000000	0.128580	-0.306550	0.049391	0.274934	0.110893	0.341122	0.057431
20.000000	0.472845	-0.737525	-0.208165	0.358360	0.182869	0.366920	0.140442
15.000000	1.367900	-2.182592	-0.553208	0.373774	0.124941	0.357246	0.188548
10.000000	0.485920	-0.756190	-0.215649	0.355908	0.173234	0.358041	0.139101
5.000000	0.486511	-0.755350	-0.217671	0.356234	0.177802	0.360415	0.140472
0.000000	0.490600	-0.760851	-0.220349	0.350527	0.179469	0.361513	0.141405
