0.000000	1.000000
5.000000	0.994280
10.000000	0.989340
15.000000	0.983904
20.000000	0.980087
25.000000	0.973176
30.000000	0.967512
35.000000	0.963533
40.000000	0.955729
45.000000	0.947335
50.000000	0.939674
55.000000	0.931658
60.000000	0.924039
65.000000	0.913359
70.000000	0.903295
75.000000	0.894103
80.000000	0.884350
85.000000	0.872089
90.000000	0.858251
95.000000	0.846153
100.000000	0.830868
105.000000	0.815827
110.000000	0.802963
115.000000	0.786856
120.000000	0.763870
125.000000	0.747226
130.000000	0.722807
135.000000	0.704166
140.000000	0.680380
145.000000	0.656327
150.000000	0.630844
155.000000	0.605770
160.000000	0.586794
165.000000	0.551676
170.000000	0.531080
175.000000	0.511181
180.000000	0.486256
185.000000	0.462320
190.000000	0.453629
195.000000	0.440254
200.000000	0.441134
205.000000	0.446067
210.000000	0.464168
215.000000	0.493350
220.000000	0.537609
225.000000	0.584880
230.000000	0.640627
235.000000	0.714562
240.000000	0.778086
245.000000	0.851522
250.000000	0.913995
255.000000	0.976486
