255.000000	0.000000	0.000000	0.000000	0.371391	0.061957	0.420116	0.137893
250.000000	0.045594	-0.082873	-0.008314	0.373851	0.071415	0.425428	0.138953
245.000000	0.060762	-0.095882	-0.025641	0.378664	0.071617	0.426187	0.144827
240.000000	0.082140	-0.132928	-0.031352	0.365083	0.079298	0.433275	0.148970
235.000000	0.094995	-0.154755	-0.035234	0.374846	0.086504	0.437230	0.154760
230.000000	0.026788	-0.011034	-0.042543	0.371157	0.067083	0.432254	0.160984
225.000000	0.010898	0.114279	-0.092484	0.382567	0.057734	0.431349	0.172406
220.000000	0.004729	0.085250	-0.094708	0.379361	0.061928	0.437642	0.174555
215.000000	0.000924	0.091625	-0.089778	0.373581	0.060294	0.436019	0.182066
210.000000	0.005746	0.107255	-0.095763	0.382154	0.064341	0.436069	0.181204
205.000000	0.012415	0.084545	-0.059715	0.366043	0.065169	0.439945	0.188837
200.000000	0.012336	0.065569	-0.040897	0.379836	0.073453	0.432907	0.185135
195.000000	0.001246	0.006452	-0.008944	0.368979	0.081323	0.439641	0.185082
190.000000	0.029008	0.079215	-0.021199	0.378525	0.075566	0.432246	0.186759
185.000000	0.055805	0.147095	-0.035485	0.380057	0.072324	0.428857	0.186596
180.000000	0.079977	0.189169	-0.029216	0.378374	0.066774	0.434714	0.190389
175.000000	0.071356	0.162568	-0.019856	0.379510	0.072181	0.423708	0.179636
170.000000	0.063205	0.120908	0.005503	0.367004	0.072279	0.434141	0.177693
165.000000	0.073550	0.145510	0.001589	0.380322	0.074998	0.422554	0.171368
160.000000	0.100164	0.206812	-0.006485	0.374323	0.066162	0.428056	0.173302
155.000000	0.136341	0.328087	-0.055405	0.377486	0.059014	0.431127	0.179446
150.000000	0.151684	0.385216	-0.081848	0.375153	0.057728	0.429344	0.180232
145.000000	0.136219	0.363581	-0.091144	0.371990	0.054754	0.428956	0.173634
140.000000	0.162112	0.479049	-0.154824	0.376331	0.054705	0.428778	0.174540
135.000000	0.183704	0.602064	-0.234657	0.372464	0.057576	0.430756	0.177713
130.000000	0.149244	0.471248	-0.172761	0.378261	0.050221	0.428907	0.167619
125.000000	0.085740	0.213688	-0.042209	0.377484	0.056195	0.428001	0.151378
120.000000	0.056675	0.109005	0.004346	0.370482	0.058776	0.421436	0.144348
115.000000	0.031544	0.050655	0.012433	0.374556	0.066017	0.419658	0.140199
110.000000	0.037810	0.061884	0.013735	0.371777	0.061032	0.419515	0.138549
105.000000	0.055946	0.117122	-0.005231	0.375616	0.053339	0.425463	0.141989
100.000000	0.056602	0.133541	-0.020337	0.376269	0.050413	0.422810	0.139020
95.000000	0.087986	0.282567	-0.106595	0.378190	0.041006	0.423469	0.143555
90.000000	0.127603	0.513899	-0.258692	0.376539	0.041867	0.423803	0.149471
85.000000	0.113979	0.460501	-0.232542	0.378081	0.038497	0.422964	0.147455
80.000000	0.145218	0.621830	-0.331393	0.382111	0.045042	0.422247	0.149202
75.000000	0.155472	0.683329	-0.372386	0.377845	0.049738	0.425433	0.153464
70.000000	0.130942	0.613350	-0.351465	0.390123	0.044384	0.418742	0.145433
65.000000	0.078419	0.391132	-0.234295	0.383945	0.031468	0.421738	0.138299
60.000000	0.100692	0.507202	-0.305818	0.387216	0.034140	0.423180	0.140448
55.000000	0.076748	0.433340	-0.279845	0.381228	0.031213	0.420107	0.136268
50.000000	0.021454	0.167433	-0.124526	0.382046	0.030340	0.422716	0.128413
45.000000	0.038178	-0.052175	-0.024180	0.375859	0.041037	0.429318	0.122833
40.000000	0.009375	0.023786	-0.042536	0.382967	0.032709	0.425930	0.124339
35.000000	0.017151	0.004858	-0.039159	0.378690	0.035300	0.427279	0.123413
30.000000	0.057403	-0.130524	0.015719	0.372465	0.044318	0.429237	0.122333
25.000000	0.042748	-0.077012	-0.008483	0.380775	0.039365	0.431382	0.121950
20.000000	0.079663	-0.158860	-0.000466	0.370010	0.047381	0.431475	0.119966
15.000000	0.131103	-0.266025	0.003818	0.371015	0.060824	0.434009	0.121294
10.000000	0.165644	-0.309836	-0.021451	0.374456	0.071989	0.437168	0.121774
5.000000	0.166473	-0.325725	-0.007221	0.368924	0.068909	0.436462	0.123098
0.000000	0.163677	-0.314092	-0.013261	0.373404	0.067503	0.436028	0.120700
