255.000000	0.000000	0.000000	0.000000	0.245529	0.157678	0.456173	0.104699
250.000000	0.011878	0.031545	-0.011878	0.246691	0.162065	0.455057	0.103432
245.000000	0.017039	0.032559	-0.017039	0.243722	0.164154	0.456104	0.104149
240.000000	0.018213	0.070083	-0.018213	0.244915	0.164241	0.450672	0.103033
235.000000	0.012160	0.192340	0.012160	0.239791	0.170324	0.456047	0.101900
230.000000	0.042265	0.274891	0.042265	0.238446	0.171203	0.446893	0.101316
225.000000	0.057630	0.262263	0.057630	0.240093	0.169935	0.449160	0.101617
220.000000	0.015837	0.085211	0.015837	0.248426	0.164586	0.454809	0.102401
215.000000	0.012307	-0.006656	-0.012307	0.253059	0.162542	0.448565	0.102924
210.000000	0.033491	-0.204436	-0.033491	0.268685	0.153987	0.432136	0.107659
205.000000	0.046309	-0.135960	-0.046309	0.259055	0.155629	0.441632	0.106203
200.000000	0.049701	-0.194733	-0.049701	0.266061	0.155900	0.427596	0.105822
195.000000	0.049053	-0.151390	-0.049053	0.258355	0.157498	0.433073	0.105877
190.000000	0.039525	-0.148940	-0.039525	0.262423	0.155037	0.429558	0.103347
185.000000	0.027501	0.016980	-0.027501	0.254117	0.162817	0.438111	0.101775
180.000000	0.005003	0.174553	-0.005003	0.243730	0.168582	0.450729	0.101190
175.000000	0.008869	0.180914	-0.008869	0.240435	0.169215	0.447276	0.100913
170.000000	0.054941	-0.048201	-0.054941	0.251228	0.159715	0.435312	0.103819
165.000000	0.031466	-0.084422	-0.031466	0.256428	0.156880	0.429022	0.103305
160.000000	0.029820	-0.113859	-0.029820	0.258066	0.157348	0.432546	0.103222
155.000000	0.037498	-0.123259	-0.037498	0.260516	0.155151	0.431333	0.104398
150.000000	0.039664	-0.112457	-0.039664	0.253107	0.156202	0.436753	0.105266
145.000000	0.032395	0.015623	-0.032395	0.251501	0.161212	0.440121	0.101748
140.000000	0.016596	0.068859	-0.016596	0.242020	0.162636	0.453092	0.102933
135.000000	0.004754	0.125092	0.004754	0.242606	0.164243	0.450806	0.101308
130.000000	0.003991	0.139800	0.003991	0.241762	0.164480	0.452577	0.100955
125.000000	0.028495	0.029441	-0.028495	0.252516	0.159624	0.436264	0.099970
120.000000	0.024890	0.042883	-0.024890	0.251238	0.159497	0.440368	0.100345
115.000000	0.025431	-0.049583	-0.025431	0.258884	0.155069	0.441695	0.102216
110.000000	0.037878	-0.203631	-0.037878	0.257157	0.141729	0.433339	0.103269
105.000000	0.063490	-0.188353	-0.063490	0.258335	0.146156	0.435441	0.104015
100.000000	0.090230	-0.235161	-0.090230	0.259746	0.138366	0.430337	0.101720
95.000000	0.101709	-0.289061	-0.101709	0.253672	0.130106	0.426268	0.100537
90.000000	0.115139	-0.383854	-0.115139	0.254716	0.119196	0.421642	0.098583
85.000000	0.153906	-0.482624	-0.153906	0.245982	0.109707	0.426191	0.102216
80.000000	0.199034	-0.498517	-0.199034	0.252127	0.107115	0.413067	0.099723
75.000000	0.218363	-0.619209	-0.218363	0.250481	0.099805	0.410593	0.105086
70.000000	0.248838	-0.676952	-0.248838	0.254452	0.098003	0.417444	0.114923
65.000000	0.284827	-0.692841	-0.284827	0.256429	0.097349	0.415600	0.119542
60.000000	0.297518	-0.575431	-0.297518	0.260037	0.102557	0.407028	0.124274
55.000000	0.244377	-0.708176	-0.244377	0.259395	0.102724	0.417519	0.133690
50.000000	0.223145	-0.642483	-0.223145	0.264631	0.105004	0.428340	0.140142
45.000000	0.202873	-0.640049	-0.202873	0.265272	0.104778	0.430356	0.140185
40.000000	0.178786	-0.687497	-0.178786	0.263705	0.106731	0.434512	0.141160
35.000000	0.172173	-0.613456	-0.172173	0.261711	0.108028	0.449058	0.137581
30.000000	0.174419	-0.523250	-0.174419	0.263061	0.113045	0.443092	0.128927
25.000000	0.182737	-0.503237	-0.182737	0.266774	0.114367	0.453174	0.126755
20.000000	0.192325	-0.453523	-0.192325	0.263315	0.118050	0.441104	0.121975
15.000000	0.188423	-0.489007	-0.188423	0.263829	0.116356	0.450898	0.121653
10.000000	0.189883	-0.451627	-0.189883	0.265304	0.120180	0.450210	0.118393
5.000000	0.193269	-0.277290	-0.193269	0.256556	0.125351	0.434392	0.107319
0.000000	0.194914	-0.316023	-0.194914	0.262359	0.126017	0.441865	0.109831
