255.000000	0.000000	0.000000	0.000000	0.354464	0.122650	0.376858	0.211001
250.000000	0.006145	-0.006145	-0.016234	0.354962	0.121128	0.376079	0.209470
245.000000	0.003790	-0.003790	-0.029257	0.354148	0.119570	0.377660	0.209907
240.000000	0.005727	0.005727	-0.054810	0.356183	0.115729	0.380060	0.207906
235.000000	0.012442	0.012442	-0.064352	0.357557	0.115072	0.380728	0.208273
230.000000	0.020317	0.020317	-0.065777	0.357258	0.114548	0.379037	0.207655
225.000000	0.026606	0.026606	-0.077807	0.358979	0.113964	0.379927	0.207258
220.000000	0.035078	0.035078	-0.102360	0.357491	0.111190	0.377395	0.205687
215.000000	0.030687	0.030687	-0.074298	0.356021	0.113048	0.375111	0.207696
210.000000	0.027347	0.027347	-0.060385	0.357378	0.114339	0.378484	0.209345
205.000000	0.022110	0.022110	-0.028775	0.356165	0.117238	0.375210	0.211482
200.000000	0.021820	0.021820	-0.030890	0.355803	0.117422	0.377133	0.210695
195.000000	0.020951	0.020951	-0.023666	0.358141	0.118351	0.375465	0.211380
190.000000	0.021923	0.021923	-0.021045	0.357011	0.117143	0.376177	0.211020
185.000000	0.024020	0.024020	-0.031492	0.353516	0.116977	0.374956	0.210205
180.000000	0.023450	0.023450	-0.046331	0.359156	0.116683	0.376822	0.209385
175.000000	0.015842	0.015842	-0.020958	0.352449	0.117965	0.376780	0.211797
170.000000	0.010968	0.010968	0.002391	0.353926	0.120927	0.374360	0.211762
165.000000	0.003108	0.003108	0.039498	0.350701	0.124926	0.372690	0.213432
160.000000	0.007876	-0.007876	0.080814	0.348827	0.130563	0.373582	0.215486
155.000000	0.016661	-0.016661	0.073378	0.349946	0.131516	0.375945	0.214754
150.000000	0.015938	-0.015938	-0.019844	0.353765	0.121782	0.375998	0.206241
145.000000	0.002297	0.002297	-0.160300	0.361695	0.111762	0.384176	0.195194
140.000000	0.032003	0.032003	-0.324269	0.368113	0.105441	0.393757	0.185917
135.000000	0.040213	0.040213	-0.365637	0.368582	0.105491	0.392107	0.182780
130.000000	0.015596	0.015596	-0.239775	0.361028	0.106018	0.387195	0.190638
125.000000	0.018753	-0.018753	-0.061195	0.361467	0.118745	0.381290	0.203233
120.000000	0.028897	-0.028897	0.032897	0.354561	0.130023	0.371589	0.207661
115.000000	0.010226	-0.010226	0.008045	0.353179	0.124090	0.378739	0.208850
110.000000	0.008942	0.008942	0.019879	0.359574	0.121681	0.376894	0.208274
105.000000	0.029364	0.029364	0.073733	0.358207	0.121362	0.370789	0.209718
100.000000	0.048420	0.048420	0.159227	0.359178	0.125667	0.377475	0.211658
95.000000	0.070825	0.070825	0.278432	0.353270	0.135373	0.380864	0.201677
90.000000	0.101754	0.101754	0.387578	0.353526	0.143413	0.388621	0.187070
85.000000	0.143893	0.143893	0.450836	0.353795	0.137976	0.377418	0.161576
80.000000	0.192942	0.192942	0.459710	0.355415	0.119258	0.371710	0.149320
75.000000	0.260057	0.260057	0.417859	0.347797	0.092543	0.362149	0.135256
70.000000	0.331221	0.331221	0.371649	0.344449	0.073659	0.359450	0.128868
65.000000	0.436467	0.436467	0.277097	0.338976	0.059098	0.366130	0.125156
60.000000	0.541769	0.541769	0.198228	0.336658	0.054400	0.361519	0.120288
55.000000	0.588652	0.588652	0.248872	0.333856	0.053440	0.362635	0.114647
50.000000	0.643517	0.643517	0.294240	0.333278	0.052828	0.350144	0.108628
45.000000	0.675734	0.675734	0.393993	0.332393	0.053923	0.346455	0.103538
40.000000	0.719214	0.719214	0.477170	0.331687	0.055550	0.338987	0.100087
35.000000	0.734908	0.734908	0.720509	0.331674	0.064904	0.330608	0.098123
30.000000	0.724544	0.724544	0.822083	0.330764	0.072900	0.335148	0.101702
25.000000	0.768530	0.768530	0.724207	0.332812	0.065637	0.330557	0.102650
20.000000	0.798806	0.798806	0.674433	0.330488	0.063213	0.338006	0.105301
15.000000	0.820337	0.820337	0.619955	0.331490	0.061601	0.333342	0.106567
10.000000	0.837883	0.837883	0.590769	0.334627	0.061686	0.337256	0.107949
5.000000	0.814143	0.814143	0.703489	0.331548	0.064902	0.333074	0.107546
0.000000	0.799687	0.799687	0.829775	0.332414	0.072322	0.328142	0.109270
