255.000000	0.000000	0.000000	0.000000	0.355317	0.297183	0.363667	0.298808
250.000000	0.011913	0.118815	0.011913	0.379834	0.316691	0.359900	0.299744
245.000000	0.053992	0.025975	0.053992	0.371843	0.308376	0.354269	0.289719
240.000000	0.091241	-0.088799	0.091241	0.363155	0.293846	0.348580	0.279831
235.000000	0.125270	-0.036623	0.125270	0.366068	0.297555	0.344118	0.274153
230.000000	0.177610	0.614049	0.177610	0.386036	0.331005	0.352132	0.283324
225.000000	0.192683	0.824493	0.192683	0.359005	0.315083	0.347225	0.273584
220.000000	0.229327	0.718826	0.229327	0.377280	0.323360	0.349090	0.274414
215.000000	0.276657	0.569662	0.276657	0.399242	0.338937	0.343454	0.265603
210.000000	0.318029	0.556286	0.318029	0.397815	0.337161	0.335039	0.257744
205.000000	0.353039	0.689507	0.353039	0.387794	0.325900	0.333289	0.255977
200.000000	0.396934	0.775712	0.396934	0.379461	0.324187	0.344358	0.256209
195.000000	0.435658	0.717035	0.435658	0.382869	0.324014	0.336347	0.252495
190.000000	0.481606	0.644551	0.481606	0.378299	0.316985	0.334643	0.249225
185.000000	0.544319	0.698220	0.544319	0.369678	0.310473	0.339303	0.254710
180.000000	0.597914	0.597454	0.597914	0.368804	0.295610	0.343766	0.259313
175.000000	0.641248	0.692460	0.641248	0.366313	0.296854	0.349937	0.265445
170.000000	0.688634	0.924747	0.688634	0.370468	0.314136	0.336811	0.268041
165.000000	0.746655	1.103690	0.746655	0.371634	0.318918	0.320106	0.251566
160.000000	0.749817	1.020562	0.749817	0.371348	0.317538	0.331097	0.264500
155.000000	0.762699	0.869090	0.762699	0.366114	0.305701	0.344808	0.279517
150.000000	0.791046	0.833528	0.791046	0.361898	0.294270	0.343736	0.279569
145.000000	0.814516	0.815270	0.814516	0.366269	0.294688	0.345239	0.279633
140.000000	0.863832	0.744940	0.863832	0.358557	0.283786	0.343982	0.280154
135.000000	0.901952	0.682369	0.901952	0.356558	0.280638	0.346486	0.282473
130.000000	0.926710	0.580603	0.926710	0.356813	0.275707	0.352514	0.285792
125.000000	0.937654	0.690431	0.937654	0.354067	0.277001	0.343655	0.278108
120.000000	0.976923	0.987072	0.976923	0.364604	0.296619	0.340561	0.275108
115.000000	1.018204	1.151791	1.018204	0.356826	0.300248	0.332368	0.271889
110.000000	0.996480	1.032604	0.996480	0.360956	0.297525	0.339240	0.274074
105.000000	1.007404	0.860870	1.007404	0.364284	0.286576	0.342412	0.276498
100.000000	1.022385	0.747383	1.022385	0.359787	0.278654	0.341729	0.275021
95.000000	1.031076	0.747830	1.031076	0.355918	0.278247	0.341050	0.273771
90.000000	1.045782	0.910689	1.045782	0.358196	0.282513	0.338921	0.274982
85.000000	1.057743	0.910255	1.057743	0.360100	0.286066	0.346654	0.276840
80.000000	1.064328	0.860946	1.064328	0.355029	0.281478	0.347958	0.278470
75.000000	1.080929	0.767351	1.080929	0.361480	0.278036	0.349736	0.277211
70.000000	1.111434	0.577685	1.111434	0.363932	0.274043	0.353342	0.275724
65.000000	1.120098	0.488329	1.120098	0.359782	0.268407	0.351864	0.274579
60.000000	1.131134	0.446821	1.131134	0.361310	0.268163	0.348864	0.269083
55.000000	1.125696	0.616418	1.125696	0.357585	0.267582	0.359466	0.281294
50.000000	1.130197	0.813834	1.130197	0.361794	0.277427	0.357459	0.281408
45.000000	1.140756	0.880052	1.140756	0.358412	0.278064	0.356916	0.279398
40.000000	1.154968	0.912406	1.154968	0.355936	0.276131	0.357687	0.281977
35.000000	1.149943	0.927804	1.149943	0.353207	0.276782	0.355910	0.280047
30.000000	1.155366	0.843935	1.155366	0.359593	0.273377	0.359094	0.281810
25.000000	1.171566	0.665043	1.171566	0.358512	0.268730	0.358083	0.276706
20.000000	1.169833	0.657474	1.169833	0.360012	0.270208	0.350432	0.273852
15.000000	1.165860	0.764334	1.165860	0.367487	0.278497	0.349245	0.272947
10.000000	1.160662	1.078214	1.160662	0.359684	0.292935	0.338308	0.271241
5.000000	1.169723	1.334022	1.169723	0.359184	0.305464	0.330741	0.275367
0.000000	1.192340	1.314449	1.192340	0.358725	0.305398	0.326413	0.271098
