255.000000	0.000000	0.000000	0.000000	0.390908	0.098540	0.345562	0.184654
250.000000	0.014298	-0.003517	0.014298	0.388172	0.099187	0.346159	0.183280
245.000000	0.073344	-0.024645	0.073344	0.390045	0.104371	0.346639	0.179564
240.000000	0.120294	-0.038561	0.120294	0.386521	0.109324	0.344606	0.176742
235.000000	0.047690	-0.023184	0.047690	0.388018	0.102446	0.343211	0.180557
230.000000	0.122018	0.035646	-0.122018	0.388029	0.091885	0.348617	0.188402
225.000000	0.258586	0.098519	-0.258586	0.395623	0.088370	0.349232	0.192328
220.000000	0.255157	0.083906	-0.255157	0.394049	0.086490	0.351003	0.195579
215.000000	0.111721	0.006141	-0.111721	0.393141	0.092017	0.351129	0.194039
210.000000	0.035815	-0.029889	0.035815	0.387699	0.100564	0.349383	0.185301
205.000000	0.044877	-0.027501	0.044877	0.388897	0.101782	0.347360	0.183305
200.000000	0.060043	-0.039760	0.060043	0.388281	0.103653	0.345206	0.181998
195.000000	0.157706	-0.057809	0.157706	0.381997	0.114889	0.343469	0.175177
190.000000	0.136877	-0.046440	0.136877	0.381290	0.111768	0.342266	0.175853
185.000000	0.082951	-0.041198	0.082951	0.385468	0.106196	0.344442	0.180086
180.000000	0.100555	-0.052331	0.100555	0.385216	0.108017	0.340631	0.177896
175.000000	0.108645	-0.057653	0.108645	0.385655	0.109473	0.343085	0.178884
170.000000	0.118084	-0.056838	0.118084	0.382534	0.110341	0.343535	0.178224
165.000000	0.171814	-0.061481	0.171814	0.384443	0.117476	0.342884	0.172879
160.000000	0.231611	-0.062736	0.231611	0.382921	0.124701	0.342647	0.170278
155.000000	0.245415	-0.063507	0.245415	0.384320	0.128189	0.340763	0.168390
150.000000	0.146198	-0.062347	0.146198	0.383685	0.114563	0.339285	0.174279
145.000000	0.016359	-0.042396	0.016359	0.388460	0.104018	0.343134	0.183927
140.000000	0.105250	-0.006579	-0.105250	0.388429	0.094565	0.349492	0.191120
135.000000	0.205723	0.037799	-0.205723	0.393805	0.091082	0.350144	0.193834
130.000000	0.223111	0.056767	-0.223111	0.392784	0.090595	0.349294	0.196008
125.000000	0.151636	0.036006	-0.151636	0.391323	0.092527	0.351818	0.194308
120.000000	0.031242	-0.004182	-0.031242	0.386542	0.099053	0.348723	0.191658
115.000000	0.046390	-0.010515	0.046390	0.380862	0.103713	0.348109	0.187214
110.000000	0.083845	0.009128	0.083845	0.380893	0.107596	0.350237	0.183131
105.000000	0.099530	0.034536	0.099530	0.378028	0.110351	0.343902	0.182284
100.000000	0.064300	0.072597	0.064300	0.374453	0.109078	0.342692	0.185803
95.000000	0.007304	0.130595	0.007304	0.361325	0.105905	0.343955	0.194418
90.000000	0.003517	0.199823	-0.003517	0.362720	0.105682	0.342821	0.202677
85.000000	0.013977	0.285396	0.013977	0.364686	0.102767	0.329654	0.201346
80.000000	0.064827	0.389156	0.064827	0.365746	0.098515	0.318735	0.208993
75.000000	0.154655	0.526613	0.154655	0.363457	0.091169	0.326863	0.213621
70.000000	0.292954	0.718267	0.292954	0.362491	0.082885	0.319184	0.212601
65.000000	0.521166	0.990164	0.521166	0.364628	0.073290	0.313118	0.216779
60.000000	0.755195	1.267948	0.755195	0.370931	0.065091	0.312670	0.227060
55.000000	0.941955	1.479217	0.941955	0.370541	0.057540	0.285813	0.204987
50.000000	1.090576	1.608818	1.090576	0.374699	0.049518	0.313764	0.207462
45.000000	1.196496	1.703032	1.196496	0.381505	0.045334	0.306812	0.197230
40.000000	1.244300	1.795563	1.244300	0.377960	0.042656	0.331610	0.207870
35.000000	1.272438	1.862501	1.272438	0.383513	0.042246	0.342878	0.210028
30.000000	1.263567	1.934762	1.263567	0.379362	0.043293	0.355342	0.213046
25.000000	1.260929	1.980948	1.260929	0.376154	0.046145	0.354143	0.211327
20.000000	1.231996	2.027140	1.231996	0.381968	0.051106	0.372566	0.216240
15.000000	1.263491	2.041733	1.263491	0.384025	0.050830	0.355489	0.206887
10.000000	1.282292	2.053013	1.282292	0.387677	0.051496	0.359041	0.209079
5.000000	1.276986	2.070737	1.276986	0.385716	0.053825	0.370520	0.214498
0.000000	1.270250	2.086185	1.270250	0.387152	0.055256	0.358101	0.205230
