0.000000	1.000000
5.000000	0.995503
10.000000	0.978752
15.000000	0.964849
20.000000	0.939306
25.000000	0.914755
30.000000	0.869391
35.000000	0.824620
40.000000	0.773715
45.000000	0.689567
50.000000	0.628412
55.000000	0.550799
60.000000	0.471535
65.000000	0.399277
70.000000	0.352431
75.000000	0.351915
80.000000	0.372346
85.000000	0.437360
90.000000	0.527099
95.000000	0.612797
100.000000	0.682172
105.000000	0.722258
110.000000	0.752685
115.000000	0.776888
120.000000	0.789447
125.000000	0.800505
130.000000	0.806936
135.000000	0.811121
140.000000	0.813649
145.000000	0.816142
150.000000	0.817050
155.000000	0.818381
160.000000	0.819101
165.000000	0.819603
170.000000	0.819938
175.000000	0.820048
180.000000	0.820187
185.000000	0.820442
190.000000	0.820509
195.000000	0.820589
200.000000	0.820730
205.000000	0.820317
210.000000	0.820690
215.000000	0.820808
220.000000	0.821056
225.000000	0.821227
230.000000	0.820909
235.000000	0.820933
240.000000	0.820746
245.000000	0.820717
250.000000	0.820902
255.000000	0.820475
