0.000000	1.000000
5.000000	0.986267
10.000000	0.973786
15.000000	0.946858
20.000000	0.921983
25.000000	0.888592
30.000000	0.846609
35.000000	0.787177
40.000000	0.724976
45.000000	0.652283
50.000000	0.615225
55.000000	0.551608
60.000000	0.523012
65.000000	0.485687
70.000000	0.451934
75.000000	0.444598
80.000000	0.442805
85.000000	0.446134
90.000000	0.448066
95.000000	0.447810
100.000000	0.447978
105.000000	0.448022
110.000000	0.448332
115.000000	0.449499
120.000000	0.451121
125.000000	0.453239
130.000000	0.455138
135.000000	0.456449
140.000000	0.457773
145.000000	0.458955
150.000000	0.459222
155.000000	0.459638
160.000000	0.459714
165.000000	0.460151
170.000000	0.460376
175.000000	0.460343
180.000000	0.460337
185.000000	0.460403
190.000000	0.460068
195.000000	0.460010
200.000000	0.459558
205.000000	0.459830
210.000000	0.460189
215.000000	0.460200
220.000000	0.459964
225.000000	0.460422
230.000000	0.460128
235.000000	0.460160
240.000000	0.460260
245.000000	0.460576
250.000000	0.460308
255.000000	0.459501
