0.000000	0.952560
5.000000	0.953104
10.000000	0.955656
15.000000	0.956008
20.000000	0.957794
25.000000	0.959338
30.000000	0.960655
35.000000	0.964060
40.000000	0.964730
45.000000	0.968831
50.000000	0.968898
55.000000	0.970413
60.000000	0.973088
65.000000	0.973847
70.000000	0.977482
75.000000	0.980526
80.000000	0.983413
85.000000	0.983941
90.000000	0.984246
95.000000	0.994775
100.000000	0.991083
105.000000	0.997954
110.000000	0.990570
115.000000	0.997133
120.000000	0.999111
125.000000	0.992830
130.000000	0.991880
135.000000	1.000000
140.000000	0.990688
145.000000	0.999206
150.000000	0.977829
155.000000	0.993576
160.000000	0.977366
165.000000	0.959751
170.000000	0.967867
175.000000	0.943640
180.000000	0.947227
185.000000	0.919715
190.000000	0.899805
195.000000	0.892636
200.000000	0.861352
205.000000	0.860165
210.000000	0.826880
215.000000	0.826643
220.000000	0.793550
225.000000	0.795686
230.000000	0.784246
235.000000	0.772450
240.000000	0.761793
245.000000	0.763137
250.000000	0.758216
255.000000	0.772209
