0.000000	0.559136
5.000000	0.559228
10.000000	0.546953
15.000000	0.535634
20.000000	0.518251
25.000000	0.488889
30.000000	0.462032
35.000000	0.437541
40.000000	0.414924
45.000000	0.405223
50.000000	0.401986
55.000000	0.437791
60.000000	0.493112
65.000000	0.557765
70.000000	0.689178
75.000000	0.817855
80.000000	0.928656
85.000000	1.000000
90.000000	0.999934
95.000000	0.981571
100.000000	0.957205
105.000000	0.908803
110.000000	0.919823
115.000000	0.880109
120.000000	0.857589
125.000000	0.837901
130.000000	0.835548
135.000000	0.837641
140.000000	0.825415
145.000000	0.828687
150.000000	0.826690
155.000000	0.838718
160.000000	0.841417
165.000000	0.845782
170.000000	0.831557
175.000000	0.835018
180.000000	0.831921
185.000000	0.827196
190.000000	0.839348
195.000000	0.833267
200.000000	0.841625
205.000000	0.845349
210.000000	0.845135
215.000000	0.849553
220.000000	0.841138
225.000000	0.821635
230.000000	0.789841
235.000000	0.800193
240.000000	0.805343
245.000000	0.725473
250.000000	0.818845
255.000000	0.830627
