0.000000	0.021123
5.000000	0.022768
10.000000	0.026162
15.000000	0.032735
20.000000	0.040181
25.000000	0.052906
30.000000	0.072468
35.000000	0.094609
40.000000	0.130167
45.000000	0.176090
50.000000	0.251422
55.000000	0.320091
60.000000	0.454607
65.000000	0.532115
70.000000	0.648707
75.000000	0.729366
80.000000	0.807863
85.000000	0.867474
90.000000	0.915148
95.000000	0.948975
100.000000	0.964198
105.000000	0.975661
110.000000	0.982578
115.000000	0.985232
120.000000	0.988165
125.000000	0.989329
130.000000	0.992021
135.000000	0.994309
140.000000	0.994480
145.000000	0.993631
150.000000	0.994202
155.000000	0.994609
160.000000	0.995249
165.000000	0.995585
170.000000	0.995680
175.000000	0.997213
180.000000	0.998755
185.000000	0.999438
190.000000	0.998323
195.000000	0.995345
200.000000	0.995350
205.000000	0.996502
210.000000	0.997308
215.000000	0.997809
220.000000	0.998445
225.000000	0.998962
230.000000	0.998813
235.000000	0.998243
240.000000	0.998633
245.000000	0.999747
250.000000	1.000000
255.000000	0.999553
