0.000000	0.854337
5.000000	0.860023
10.000000	0.877417
15.000000	0.893436
20.000000	0.912542
25.000000	0.934080
30.000000	0.956114
35.000000	0.978688
40.000000	0.994503
45.000000	1.000000
50.000000	0.995339
55.000000	0.974892
60.000000	0.925709
65.000000	0.858342
70.000000	0.787740
75.000000	0.696722
80.000000	0.640415
85.000000	0.588262
90.000000	0.549634
95.000000	0.532629
100.000000	0.527715
105.000000	0.525667
110.000000	0.524551
115.000000	0.525035
120.000000	0.523876
125.000000	0.523690
130.000000	0.522770
135.000000	0.522012
140.000000	0.521865
145.000000	0.520639
150.000000	0.520720
155.000000	0.520510
160.000000	0.519917
165.000000	0.519892
170.000000	0.519377
175.000000	0.519880
180.000000	0.519669
185.000000	0.520007
190.000000	0.519925
195.000000	0.519669
200.000000	0.520421
205.000000	0.519888
210.000000	0.520159
215.000000	0.520156
220.000000	0.520073
225.000000	0.520402
230.000000	0.519780
235.000000	0.520167
240.000000	0.519732
245.000000	0.519539
250.000000	0.519647
255.000000	0.518693
