255.000000	0.000000	0.000000	0.000000	0.434168	0.228532	0.391570	0.155512
250.000000	0.008541	-0.090456	-0.008541	0.426714	0.232499	0.393115	0.154937
245.000000	0.012226	-0.073961	-0.012226	0.428011	0.233337	0.391055	0.155268
240.000000	0.052536	-0.137595	-0.052536	0.423338	0.232726	0.391435	0.152309
235.000000	0.056446	-0.084040	-0.056446	0.427991	0.231783	0.391941	0.153848
230.000000	0.048790	-0.104336	-0.048790	0.424320	0.233281	0.394762	0.153774
225.000000	0.049545	-0.162932	-0.049545	0.421239	0.229735	0.395118	0.152609
220.000000	0.120450	-0.422001	-0.120450	0.426190	0.217623	0.401189	0.143507
215.000000	0.049560	-0.220049	-0.049560	0.420632	0.223467	0.394373	0.150136
210.000000	0.061418	-0.393975	-0.061418	0.426083	0.214537	0.397726	0.145614
205.000000	0.103322	-1.105210	-0.103322	0.443801	0.196415	0.391357	0.150342
200.000000	0.088084	-0.894779	-0.088084	0.436864	0.197780	0.393129	0.140650
195.000000	0.060752	-0.764158	-0.060752	0.434669	0.201513	0.399076	0.138807
190.000000	0.048249	-0.688864	-0.048249	0.428197	0.201992	0.399292	0.139428
185.000000	0.102246	-0.683559	-0.102246	0.426047	0.203439	0.398167	0.139293
180.000000	0.071845	-0.776507	-0.071845	0.434782	0.202431	0.398033	0.139101
175.000000	0.096492	-0.791611	-0.096492	0.432825	0.201731	0.396805	0.139231
170.000000	0.093779	-0.765884	-0.093779	0.429503	0.201653	0.397334	0.139501
165.000000	0.089400	-0.633965	-0.089400	0.424214	0.204811	0.398843	0.139859
160.000000	0.106362	-0.626397	-0.106362	0.424087	0.204961	0.398873	0.139908
155.000000	0.102780	-0.814443	-0.102780	0.431840	0.201755	0.395875	0.139987
150.000000	0.099769	-0.907651	-0.099769	0.435420	0.197267	0.394440	0.141888
145.000000	0.098724	-0.924040	-0.098724	0.436494	0.197730	0.393315	0.141996
140.000000	0.101902	-0.850082	-0.101902	0.435838	0.199980	0.392716	0.140112
135.000000	0.093676	-0.589749	-0.093676	0.424701	0.205843	0.396971	0.140152
130.000000	0.095052	-0.534326	-0.095052	0.422740	0.208541	0.394141	0.140626
125.000000	0.071926	-0.514049	-0.071926	0.423102	0.208313	0.394779	0.141181
120.000000	0.087272	-0.661681	-0.087272	0.422030	0.203755	0.390651	0.138277
115.000000	0.095080	-0.707411	-0.095080	0.424302	0.202477	0.387561	0.137750
110.000000	0.081611	-0.661978	-0.081611	0.422750	0.204955	0.385398	0.138282
105.000000	0.074994	-0.478916	-0.074994	0.419759	0.209266	0.378826	0.141194
100.000000	0.086758	-0.474918	-0.086758	0.420354	0.209478	0.378235	0.141919
95.000000	0.093645	-0.462468	-0.093645	0.420062	0.211337	0.373174	0.146837
90.000000	0.093980	-0.408221	-0.093980	0.420773	0.214872	0.369193	0.153391
85.000000	0.115201	-0.392128	-0.115201	0.418275	0.215624	0.364506	0.159514
80.000000	0.122899	-0.270101	-0.122899	0.415083	0.221824	0.354670	0.173696
75.000000	0.130973	-0.244356	-0.130973	0.412067	0.221076	0.360238	0.185394
70.000000	0.113062	-0.254171	-0.113062	0.409191	0.218496	0.347610	0.192849
65.000000	0.071710	-0.230602	-0.071710	0.402835	0.213456	0.330641	0.204270
60.000000	0.004015	-0.218389	0.004015	0.394844	0.207369	0.324502	0.211005
55.000000	0.105887	-0.126626	0.105887	0.384760	0.203044	0.329447	0.214547
50.000000	0.214730	-0.062371	0.214730	0.380074	0.198138	0.334835	0.213445
45.000000	0.274159	0.010369	0.274159	0.374752	0.194594	0.356469	0.222210
40.000000	0.359473	-0.554370	0.359473	0.376624	0.160619	0.328402	0.162320
35.000000	0.417242	-0.737658	0.417242	0.380566	0.164218	0.330521	0.150132
30.000000	0.365892	0.022099	0.365892	0.378077	0.185251	0.378446	0.199194
25.000000	0.334951	0.153185	0.334951	0.370583	0.194597	0.366781	0.186712
20.000000	0.336015	0.281843	0.336015	0.387177	0.190804	0.365515	0.179728
15.000000	0.315826	0.039184	0.315826	0.357999	0.180424	0.385411	0.176996
10.000000	0.330495	0.050439	0.330495	0.360788	0.183041	0.378115	0.170745
5.000000	0.335503	0.242485	0.335503	0.376041	0.192733	0.372517	0.170935
0.000000	0.330266	0.054896	0.330266	0.368386	0.188695	0.381860	0.173691
