0.000000	0.817260
5.000000	0.815051
10.000000	0.814029
15.000000	0.812295
20.000000	0.810609
25.000000	0.810085
30.000000	0.807250
35.000000	0.805830
40.000000	0.803451
45.000000	0.802172
50.000000	0.801641
55.000000	0.797675
60.000000	0.796977
65.000000	0.793791
70.000000	0.792882
75.000000	0.790147
80.000000	0.786677
85.000000	0.786116
90.000000	0.782222
95.000000	0.779543
100.000000	0.776724
105.000000	0.779216
110.000000	0.774986
115.000000	0.771892
120.000000	0.773166
125.000000	0.770602
130.000000	0.773393
135.000000	0.770570
140.000000	0.771502
145.000000	0.774945
150.000000	0.775207
155.000000	0.781919
160.000000	0.792514
165.000000	0.789877
170.000000	0.801636
175.000000	0.806264
180.000000	0.823251
185.000000	0.841664
190.000000	0.842267
195.000000	0.864075
200.000000	0.873938
205.000000	0.897808
210.000000	0.909141
215.000000	0.931729
220.000000	0.953565
225.000000	0.962702
230.000000	0.981946
235.000000	0.987540
240.000000	0.997250
245.000000	0.999176
250.000000	1.000000
255.000000	0.996962
