0.000000	0.386667
5.000000	0.396316
10.000000	0.420623
15.000000	0.437797
20.000000	0.463565
25.000000	0.499885
30.000000	0.539309
35.000000	0.588648
40.000000	0.646685
45.000000	0.712443
50.000000	0.764042
55.000000	0.826274
60.000000	0.893208
65.000000	0.944697
70.000000	0.971066
75.000000	0.990679
80.000000	0.999402
85.000000	1.000000
90.000000	0.998909
95.000000	0.999751
100.000000	0.999992
105.000000	0.998961
110.000000	0.998711
115.000000	0.999502
120.000000	0.997675
125.000000	0.996164
130.000000	0.997711
135.000000	0.997000
140.000000	0.996521
145.000000	0.994705
150.000000	0.995262
155.000000	0.994686
160.000000	0.994064
165.000000	0.994630
170.000000	0.994900
175.000000	0.994176
180.000000	0.993202
185.000000	0.994628
190.000000	0.994626
195.000000	0.993551
200.000000	0.992920
205.000000	0.993514
210.000000	0.993053
215.000000	0.991987
220.000000	0.990917
225.000000	0.991673
230.000000	0.991966
235.000000	0.991305
240.000000	0.990999
245.000000	0.991561
250.000000	0.991951
255.000000	0.991657
