255.000000	0.000000	0.000000	0.000000	0.444565	0.073421	0.353023	0.069558
250.000000	0.002203	0.011914	-0.016320	0.441954	0.073787	0.351766	0.072522
245.000000	0.007319	0.021663	-0.007024	0.444050	0.074445	0.350595	0.073524
240.000000	0.030332	0.033696	0.026968	0.441682	0.074934	0.350750	0.076912
235.000000	0.044886	0.049816	0.039956	0.439528	0.075388	0.354521	0.079704
230.000000	0.071174	0.061346	0.081001	0.449259	0.075579	0.348866	0.081198
225.000000	0.095014	0.074948	0.115081	0.441658	0.074894	0.349318	0.084211
220.000000	0.112064	0.083295	0.140833	0.453798	0.074022	0.346116	0.085601
215.000000	0.128277	0.096507	0.160046	0.447033	0.074199	0.347282	0.089957
210.000000	0.141517	0.108436	0.174598	0.449357	0.072956	0.349666	0.092758
205.000000	0.158585	0.118657	0.198513	0.450491	0.071721	0.340803	0.094477
200.000000	0.173898	0.125317	0.222479	0.445039	0.070955	0.348990	0.098726
195.000000	0.184449	0.138266	0.230632	0.451924	0.067903	0.345646	0.099586
190.000000	0.194116	0.146441	0.241792	0.445820	0.066892	0.351472	0.102338
185.000000	0.207267	0.148287	0.266248	0.448154	0.065114	0.347992	0.103970
180.000000	0.215764	0.162823	0.268705	0.453611	0.063503	0.354017	0.106986
175.000000	0.228951	0.163108	0.294794	0.444581	0.061090	0.352452	0.108305
170.000000	0.244875	0.158789	0.330962	0.452022	0.060446	0.354222	0.109780
165.000000	0.261630	0.150021	0.373238	0.449383	0.060205	0.351934	0.111891
160.000000	0.282450	0.134434	0.430466	0.446292	0.058908	0.351323	0.115449
155.000000	0.304949	0.113694	0.496205	0.447780	0.061989	0.351876	0.121082
150.000000	0.315494	0.095972	0.535016	0.442123	0.061290	0.353012	0.121348
145.000000	0.325646	0.098179	0.553114	0.446972	0.061701	0.354660	0.124600
140.000000	0.339255	0.083829	0.594680	0.446330	0.063021	0.354067	0.127350
135.000000	0.352630	0.060276	0.644984	0.453876	0.064544	0.350081	0.129920
130.000000	0.366228	0.060037	0.672419	0.450052	0.069518	0.351777	0.135283
125.000000	0.371936	0.048576	0.695297	0.453180	0.069649	0.354865	0.135058
120.000000	0.368599	0.066143	0.671054	0.453325	0.064540	0.353708	0.133404
115.000000	0.362130	0.082695	0.641564	0.447970	0.057094	0.354809	0.127860
110.000000	0.357238	0.092511	0.621966	0.449208	0.050739	0.359283	0.123832
105.000000	0.351993	0.134369	0.569617	0.448645	0.047886	0.352086	0.122567
100.000000	0.348834	0.147919	0.549750	0.447671	0.042277	0.355512	0.117952
95.000000	0.347896	0.172267	0.523524	0.450496	0.039442	0.355538	0.116813
90.000000	0.356383	0.162449	0.550317	0.445398	0.039948	0.355076	0.116352
85.000000	0.379689	0.115414	0.643964	0.451581	0.045338	0.359747	0.123904
80.000000	0.405220	0.066186	0.744254	0.450963	0.056394	0.354625	0.133165
75.000000	0.373572	0.100844	0.646300	0.441703	0.041877	0.356844	0.122140
70.000000	0.344283	0.218157	0.470408	0.445661	0.033886	0.352204	0.109836
65.000000	0.336666	0.262618	0.410714	0.447599	0.031127	0.355385	0.105729
60.000000	0.330192	0.288196	0.372188	0.444202	0.028589	0.357830	0.102397
55.000000	0.335509	0.300995	0.370022	0.450118	0.030182	0.359426	0.102994
50.000000	0.333284	0.316748	0.349821	0.447053	0.027789	0.358106	0.100009
45.000000	0.333243	0.344281	0.322205	0.450888	0.027159	0.353000	0.100373
40.000000	0.341994	0.340194	0.343794	0.449547	0.027756	0.351819	0.099966
35.000000	0.356044	0.285559	0.426528	0.448561	0.025593	0.351424	0.101406
30.000000	0.377526	0.208736	0.546316	0.448277	0.028331	0.352007	0.108505
25.000000	0.383613	0.195745	0.571481	0.448419	0.029572	0.350208	0.109851
20.000000	0.384162	0.183219	0.585106	0.446531	0.027125	0.358671	0.109189
15.000000	0.390585	0.179925	0.601245	0.448043	0.028130	0.349665	0.111447
10.000000	0.397363	0.155713	0.639013	0.452602	0.029562	0.354898	0.111695
5.000000	0.403554	0.119425	0.687682	0.444620	0.030536	0.363423	0.112715
0.000000	0.412843	0.110252	0.715434	0.453629	0.033651	0.364323	0.117726
