0.000000	1.000000
5.000000	0.987650
10.000000	0.965898
15.000000	0.943463
20.000000	0.910097
25.000000	0.866345
30.000000	0.824113
35.000000	0.768986
40.000000	0.701465
45.000000	0.639985
50.000000	0.566734
55.000000	0.473296
60.000000	0.422380
65.000000	0.374939
70.000000	0.332366
75.000000	0.310455
80.000000	0.299703
85.000000	0.297655
90.000000	0.298828
95.000000	0.301581
100.000000	0.303444
105.000000	0.304597
110.000000	0.306755
115.000000	0.307971
120.000000	0.309217
125.000000	0.310399
130.000000	0.310942
135.000000	0.311517
140.000000	0.312004
145.000000	0.312008
150.000000	0.312191
155.000000	0.312659
160.000000	0.312668
165.000000	0.312990
170.000000	0.313208
175.000000	0.313160
180.000000	0.313870
185.000000	0.313707
190.000000	0.313406
195.000000	0.313606
200.000000	0.313439
205.000000	0.313373
210.000000	0.313332
215.000000	0.313395
220.000000	0.313173
225.000000	0.313074
230.000000	0.312711
235.000000	0.312497
240.000000	0.312632
245.000000	0.312242
250.000000	0.312155
255.000000	0.312326
