255.000000	0.000000	0.000000	0.000000	0.435013	0.031113	0.486451	0.123483
250.000000	0.031004	-0.002307	-0.059701	0.432350	0.039064	0.497593	0.109052
245.000000	0.010433	0.002554	-0.023421	0.433181	0.034596	0.489758	0.118395
240.000000	0.024464	-0.000666	-0.048261	0.432853	0.037074	0.496404	0.111387
235.000000	0.006125	-0.003706	-0.008544	0.433374	0.031099	0.487804	0.120190
230.000000	0.000274	-0.007970	0.008518	0.435761	0.028718	0.485385	0.123027
225.000000	0.002304	-0.011411	0.006804	0.434985	0.028825	0.486380	0.121503
220.000000	0.025165	-0.045934	0.096265	0.434630	0.020961	0.470928	0.138531
215.000000	0.027382	-0.052594	0.107357	0.435611	0.020038	0.472312	0.139832
210.000000	0.040856	-0.110731	0.192442	0.434806	0.016059	0.461974	0.151490
205.000000	0.050733	-0.207464	0.308931	0.436374	0.013435	0.453073	0.161574
200.000000	0.019915	-0.030724	0.070554	0.433024	0.022947	0.476508	0.134127
195.000000	0.007979	-0.011679	0.027637	0.434048	0.027231	0.481280	0.127294
190.000000	0.020178	-0.022412	0.062767	0.433375	0.023937	0.476523	0.134927
185.000000	0.034833	-0.063194	0.132860	0.435216	0.018812	0.467062	0.146246
180.000000	0.017434	-0.017501	0.052370	0.434687	0.024755	0.477628	0.132976
175.000000	0.014247	-0.011765	0.040259	0.434957	0.026038	0.480101	0.130574
170.000000	0.008891	-0.011881	0.029662	0.434468	0.026665	0.482448	0.126915
165.000000	0.031129	-0.059269	0.121527	0.436513	0.019402	0.469740	0.142810
160.000000	0.057477	-0.273138	0.388093	0.436917	0.012374	0.448031	0.169542
155.000000	0.064628	-0.355941	0.485197	0.438179	0.012788	0.441494	0.178374
150.000000	0.068508	-0.419121	0.556136	0.438520	0.013348	0.438776	0.183031
145.000000	0.073505	-0.509067	0.656076	0.437640	0.015728	0.433477	0.189951
140.000000	0.078379	-0.558831	0.715588	0.438430	0.018466	0.427471	0.199115
135.000000	0.070214	-0.463547	0.603974	0.437915	0.014362	0.437527	0.186296
130.000000	0.060137	-0.294453	0.414727	0.438226	0.012395	0.447147	0.173381
125.000000	0.080054	-0.562203	0.722311	0.438330	0.019075	0.423134	0.205167
120.000000	0.073130	-0.499775	0.646035	0.439926	0.015390	0.435676	0.191454
115.000000	0.074241	-0.524787	0.673270	0.438874	0.016357	0.437542	0.192075
110.000000	0.044051	-0.147280	0.235382	0.436790	0.014182	0.468351	0.154935
105.000000	0.045625	-0.110933	0.202182	0.437252	0.015031	0.468442	0.158644
100.000000	0.016166	0.017104	-0.049435	0.435214	0.036409	0.506779	0.116619
95.000000	0.070983	-0.007364	-0.134602	0.432720	0.047783	0.529177	0.095079
90.000000	0.054760	0.014589	-0.124108	0.432975	0.043635	0.528647	0.094689
85.000000	0.019984	0.052523	-0.092491	0.434950	0.031112	0.524368	0.097335
80.000000	0.017133	0.098854	-0.133121	0.436405	0.027718	0.520113	0.085145
75.000000	0.005328	0.199959	-0.189302	0.437280	0.021447	0.499833	0.075742
70.000000	0.052081	0.426957	-0.322795	0.438774	0.015748	0.465679	0.069428
65.000000	0.067622	0.456399	-0.321155	0.438996	0.026084	0.437002	0.038743
60.000000	0.156171	0.677849	-0.365507	0.438561	0.027204	0.377384	0.044873
55.000000	0.240482	0.818620	-0.337655	0.439166	0.032805	0.351719	0.040624
50.000000	0.462303	0.957806	-0.033200	0.440090	0.042448	0.376900	0.026850
45.000000	0.456909	1.031226	-0.117409	0.438000	0.044604	0.367224	0.044339
40.000000	0.515093	1.108989	-0.078802	0.439768	0.048559	0.360453	0.050709
35.000000	0.555640	1.147726	-0.036446	0.439294	0.052166	0.373702	0.067141
30.000000	0.549619	1.176810	-0.077572	0.437370	0.054660	0.373286	0.084610
25.000000	0.504353	1.196157	-0.187451	0.438371	0.057222	0.344669	0.101851
20.000000	0.699205	1.240980	0.157429	0.438076	0.061530	0.402262	0.101865
15.000000	0.777599	1.282794	0.272404	0.437136	0.065034	0.427865	0.122201
10.000000	0.793234	1.294928	0.291540	0.438391	0.066675	0.435843	0.131985
5.000000	0.816802	1.305256	0.328348	0.437252	0.069344	0.464767	0.153037
0.000000	0.825327	1.307876	0.342778	0.437403	0.070415	0.475666	0.165732
