0.000000	1.000000
5.000000	0.995513
10.000000	0.989536
15.000000	0.983041
20.000000	0.975339
25.000000	0.970142
30.000000	0.962148
35.000000	0.951847
40.000000	0.945946
45.000000	0.933910
50.000000	0.927002
55.000000	0.912889
60.000000	0.902353
65.000000	0.889069
70.000000	0.882192
75.000000	0.863657
80.000000	0.853956
85.000000	0.833930
90.000000	0.819583
95.000000	0.795720
100.000000	0.780316
105.000000	0.764268
110.000000	0.742277
115.000000	0.714501
120.000000	0.691733
125.000000	0.676101
130.000000	0.645692
135.000000	0.626172
140.000000	0.590765
145.000000	0.571980
150.000000	0.536056
155.000000	0.517748
160.000000	0.488044
165.000000	0.469164
170.000000	0.440739
175.000000	0.422803
180.000000	0.411433
185.000000	0.393624
190.000000	0.389544
195.000000	0.374503
200.000000	0.380705
205.000000	0.382958
210.000000	0.402774
215.000000	0.424526
220.000000	0.442389
225.000000	0.479966
230.000000	0.512060
235.000000	0.561658
240.000000	0.600768
245.000000	0.650537
250.000000	0.698277
255.000000	0.748441
