0.000000	1.000000
5.000000	0.999468
10.000000	0.995438
15.000000	0.992799
20.000000	0.989992
25.000000	0.987422
30.000000	0.983883
35.000000	0.981843
40.000000	0.976538
45.000000	0.973013
50.000000	0.968071
55.000000	0.966386
60.000000	0.959863
65.000000	0.956034
70.000000	0.947897
75.000000	0.940357
80.000000	0.935858
85.000000	0.924612
90.000000	0.919167
95.000000	0.905352
100.000000	0.899129
105.000000	0.881749
110.000000	0.871508
115.000000	0.855798
120.000000	0.846215
125.000000	0.828870
130.000000	0.807838
135.000000	0.786222
140.000000	0.768772
145.000000	0.750713
150.000000	0.719310
155.000000	0.697528
160.000000	0.675897
165.000000	0.637368
170.000000	0.615512
175.000000	0.582097
180.000000	0.542604
185.000000	0.515241
190.000000	0.477222
195.000000	0.447642
200.000000	0.410479
205.000000	0.373583
210.000000	0.342918
215.000000	0.312515
220.000000	0.282282
225.000000	0.254831
230.000000	0.232910
235.000000	0.209804
240.000000	0.193571
245.000000	0.179187
250.000000	0.171426
255.000000	0.164169
