255.000000	0.000000	0.000000	0.000000	0.455742	0.062142	0.429615	0.072015
250.000000	0.041243	0.041243	0.031974	0.464381	0.067770	0.418191	0.072079
245.000000	0.048537	0.048537	0.058422	0.462223	0.069086	0.414684	0.072061
240.000000	0.093926	0.093926	0.100373	0.471447	0.074593	0.407569	0.070162
235.000000	0.223308	0.223308	0.151895	0.455121	0.087266	0.409407	0.077971
230.000000	0.212334	0.212334	0.181326	0.460705	0.086857	0.400654	0.072093
225.000000	0.152604	0.152604	0.202148	0.461395	0.081879	0.398956	0.066418
220.000000	0.043113	0.043113	0.206794	0.473397	0.074764	0.387870	0.057226
215.000000	0.093798	-0.093798	0.200222	0.467320	0.068861	0.389137	0.053210
210.000000	0.106435	-0.106435	0.216401	0.480689	0.071272	0.384782	0.048392
205.000000	0.178006	-0.178006	0.215690	0.475792	0.070962	0.381453	0.043705
200.000000	0.214929	-0.214929	0.223532	0.479732	0.072596	0.380611	0.040876
195.000000	0.286163	-0.286163	0.209609	0.478400	0.072351	0.385333	0.036784
190.000000	0.445555	-0.445555	0.164583	0.477626	0.074848	0.381966	0.040297
185.000000	0.515287	-0.515287	0.141396	0.478081	0.075597	0.377917	0.036494
180.000000	0.463595	-0.463595	0.165306	0.475879	0.079378	0.380156	0.032328
175.000000	0.423761	-0.423761	0.188397	0.483113	0.080135	0.380472	0.025724
170.000000	0.292657	-0.292657	0.274324	0.472822	0.082847	0.380252	0.020131
165.000000	0.081435	-0.081435	0.430175	0.473137	0.087349	0.385532	0.021795
160.000000	0.106673	0.106673	0.569589	0.468075	0.087940	0.384042	0.024420
155.000000	0.107282	0.107282	0.579697	0.466557	0.090378	0.387949	0.025142
150.000000	0.133108	0.133108	0.619049	0.469690	0.091698	0.384877	0.022519
145.000000	0.230285	0.230285	0.656349	0.459877	0.094377	0.389684	0.035729
140.000000	0.303100	0.303100	0.652903	0.461509	0.098937	0.391647	0.048434
135.000000	0.304408	0.304408	0.685055	0.462973	0.097410	0.391215	0.043741
130.000000	0.274124	0.274124	0.708856	0.467306	0.098325	0.390530	0.038620
125.000000	0.298311	0.298311	0.714581	0.465109	0.098901	0.386443	0.042505
120.000000	0.280074	0.280074	0.728102	0.458391	0.099443	0.393820	0.039209
115.000000	0.277163	0.277163	0.770184	0.465140	0.097366	0.390145	0.031159
110.000000	0.260115	0.260115	0.798926	0.463402	0.097373	0.386708	0.025530
105.000000	0.260338	0.260338	0.806654	0.463503	0.097925	0.388173	0.027586
100.000000	0.267697	0.267697	0.839723	0.466610	0.097977	0.385703	0.023690
95.000000	0.276107	0.276107	0.832312	0.466789	0.096757	0.390118	0.026823
90.000000	0.295986	0.295986	0.894102	0.466131	0.097092	0.390442	0.018062
85.000000	0.297332	0.297332	0.827491	0.460949	0.098315	0.394364	0.029388
80.000000	0.310047	0.310047	0.911612	0.468134	0.097538	0.388431	0.015614
75.000000	0.303112	0.303112	0.881248	0.462673	0.098453	0.392873	0.022358
70.000000	0.301986	0.301986	0.885572	0.468551	0.098853	0.388224	0.022370
65.000000	0.319899	0.319899	0.814359	0.463332	0.100405	0.396806	0.039883
60.000000	0.298182	0.298182	0.831537	0.464134	0.099540	0.392125	0.035006
55.000000	0.306947	0.306947	0.816449	0.465392	0.099280	0.394504	0.038840
50.000000	0.278252	0.278252	0.826233	0.461675	0.099108	0.390701	0.032357
45.000000	0.286052	0.286052	0.928672	0.470595	0.097059	0.385603	0.017873
40.000000	1.080681	1.080681	1.888531	0.470596	0.100307	0.385520	0.017707
35.000000	1.018061	1.018061	2.038389	0.485745	0.110656	0.376853	0.060124
30.000000	1.057101	1.057101	1.948325	0.475452	0.101704	0.383358	0.032438
25.000000	1.000352	1.000352	2.065674	0.488310	0.111163	0.375162	0.072790
20.000000	1.027017	1.027017	2.021126	0.483754	0.104825	0.381046	0.056063
15.000000	1.026729	1.026729	2.041697	0.481168	0.105550	0.381412	0.064607
10.000000	1.094158	1.094158	1.897028	0.479427	0.097910	0.383119	0.017038
5.000000	0.368031	0.368031	0.704598	0.462098	0.100332	0.396260	0.067825
0.000000	1.068450	1.068450	1.950800	0.488814	0.100116	0.385004	0.032968
