0.000000	0.734325
5.000000	0.744763
10.000000	0.757502
15.000000	0.774468
20.000000	0.799321
25.000000	0.825716
30.000000	0.856574
35.000000	0.890233
40.000000	0.922848
45.000000	0.957224
50.000000	0.983724
55.000000	1.000000
60.000000	0.996551
65.000000	0.971241
70.000000	0.865718
75.000000	0.834994
80.000000	0.733093
85.000000	0.628665
90.000000	0.552264
95.000000	0.461706
100.000000	0.438717
105.000000	0.410499
110.000000	0.395219
115.000000	0.380949
120.000000	0.375086
125.000000	0.369582
130.000000	0.366210
135.000000	0.365004
140.000000	0.362651
145.000000	0.360708
150.000000	0.359980
155.000000	0.358893
160.000000	0.359228
165.000000	0.359097
170.000000	0.359017
175.000000	0.359158
180.000000	0.358480
185.000000	0.359014
190.000000	0.359173
195.000000	0.358329
200.000000	0.358450
205.000000	0.358372
210.000000	0.358519
215.000000	0.359245
220.000000	0.359332
225.000000	0.358925
230.000000	0.358406
235.000000	0.358576
240.000000	0.359303
245.000000	0.358941
250.000000	0.358897
255.000000	0.359179
