0.000000	0.999446
5.000000	1.000000
10.000000	0.999231
15.000000	0.998828
20.000000	0.998932
25.000000	0.999933
30.000000	0.999178
35.000000	0.999152
40.000000	0.999834
45.000000	0.998678
50.000000	0.998778
55.000000	0.999614
60.000000	0.998442
65.000000	0.999478
70.000000	0.998213
75.000000	0.996547
80.000000	0.992927
85.000000	0.989536
90.000000	0.986129
95.000000	0.981069
100.000000	0.977943
105.000000	0.971047
110.000000	0.963028
115.000000	0.957087
120.000000	0.948296
125.000000	0.939840
130.000000	0.931385
135.000000	0.916647
140.000000	0.906443
145.000000	0.888438
150.000000	0.873918
155.000000	0.851972
160.000000	0.836289
165.000000	0.809544
170.000000	0.785066
175.000000	0.752550
180.000000	0.717116
185.000000	0.680738
190.000000	0.640523
195.000000	0.598605
200.000000	0.543263
205.000000	0.497752
210.000000	0.431583
215.000000	0.371977
220.000000	0.315404
225.000000	0.259365
230.000000	0.201540
235.000000	0.155516
240.000000	0.111543
245.000000	0.095594
250.000000	0.091197
255.000000	0.106908
