0.000000	0.943279
5.000000	0.942727
10.000000	0.943231
15.000000	0.944260
20.000000	0.943937
25.000000	0.943713
30.000000	0.943802
35.000000	0.943060
40.000000	0.943380
45.000000	0.943133
50.000000	0.943794
55.000000	0.943612
60.000000	0.943671
65.000000	0.943879
70.000000	0.943786
75.000000	0.945083
80.000000	0.945551
85.000000	0.946386
90.000000	0.946888
95.000000	0.948929
100.000000	0.951457
105.000000	0.953506
110.000000	0.956360
115.000000	0.959232
120.000000	0.961082
125.000000	0.964575
130.000000	0.967156
135.000000	0.971197
140.000000	0.974178
145.000000	0.976743
150.000000	0.979727
155.000000	0.984294
160.000000	0.987966
165.000000	0.991302
170.000000	0.994278
175.000000	0.997489
180.000000	0.998527
185.000000	1.000000
190.000000	0.998116
195.000000	0.996465
200.000000	0.994367
205.000000	0.986195
210.000000	0.974064
215.000000	0.959432
220.000000	0.943970
225.000000	0.921008
230.000000	0.896210
235.000000	0.866352
240.000000	0.822506
245.000000	0.783209
250.000000	0.741601
255.000000	0.699739
