255.000000	0.000000	0.000000	0.000000	0.399877	0.135862	0.437792	0.163038
250.000000	0.104446	-0.104446	-0.079695	0.411257	0.153814	0.429396	0.170414
245.000000	0.087081	-0.087081	-0.007014	0.414356	0.156260	0.450413	0.176022
240.000000	0.047829	-0.047829	0.082817	0.409599	0.151125	0.464640	0.171887
235.000000	0.049452	0.049452	0.261901	0.388272	0.134366	0.466580	0.172148
230.000000	0.074622	0.074622	0.337205	0.389183	0.136521	0.441456	0.154451
225.000000	0.114611	0.114611	0.436852	0.378594	0.130578	0.465695	0.161380
220.000000	0.144430	0.144430	0.502195	0.382006	0.125751	0.447434	0.150500
215.000000	0.196167	0.196167	0.613485	0.380562	0.118303	0.449348	0.150091
210.000000	0.237530	0.237530	0.719796	0.389375	0.110866	0.447553	0.147277
205.000000	0.222041	0.222041	0.681726	0.390423	0.114962	0.436096	0.142583
200.000000	0.258924	0.258924	0.801865	0.390325	0.106691	0.437770	0.141399
195.000000	0.285279	0.285279	0.839886	0.396611	0.103021	0.432978	0.143725
190.000000	0.309746	0.309746	0.930537	0.392526	0.098596	0.435190	0.144827
185.000000	0.342421	0.342421	0.988536	0.390974	0.093494	0.443499	0.146103
180.000000	0.332229	0.332229	0.978335	0.397908	0.097359	0.440324	0.143426
175.000000	0.336025	0.336025	0.946446	0.399262	0.098664	0.436068	0.139301
170.000000	0.334188	0.334188	1.014564	0.401168	0.094348	0.444250	0.140371
165.000000	0.348536	0.348536	1.020748	0.401555	0.092098	0.446880	0.137739
160.000000	0.354846	0.354846	1.068281	0.397862	0.090610	0.452505	0.140386
155.000000	0.382218	0.382218	1.138660	0.397375	0.086491	0.459161	0.140765
150.000000	0.404017	0.404017	1.134169	0.392796	0.087041	0.455650	0.141687
145.000000	0.367017	0.367017	1.149255	0.396112	0.083494	0.456809	0.138064
140.000000	0.388570	0.388570	1.116154	0.394342	0.085991	0.460100	0.138264
135.000000	0.372516	0.372516	1.132652	0.402300	0.085813	0.454698	0.136418
130.000000	0.352902	0.352902	1.101433	0.410209	0.084913	0.461084	0.133421
125.000000	0.361472	0.361472	1.100745	0.402296	0.085263	0.452583	0.132419
120.000000	0.391793	0.391793	1.233513	0.394162	0.080455	0.459923	0.137977
115.000000	0.421064	0.421064	1.218223	0.391809	0.081901	0.455332	0.138259
110.000000	0.425038	0.425038	1.336480	0.397120	0.078839	0.442325	0.136129
105.000000	0.451429	0.451429	1.341304	0.387696	0.078769	0.438512	0.137956
100.000000	0.439548	0.439548	1.301311	0.392086	0.079762	0.443332	0.137252
95.000000	0.423569	0.423569	1.270265	0.395250	0.078188	0.456205	0.138578
90.000000	0.420239	0.420239	1.289961	0.391702	0.077616	0.454601	0.137516
85.000000	0.416095	0.416095	1.297397	0.395209	0.075130	0.460532	0.138801
80.000000	0.430434	0.430434	1.241880	0.393282	0.078058	0.448651	0.136137
75.000000	0.410496	0.410496	1.287851	0.393966	0.074032	0.460050	0.137928
70.000000	0.424647	0.424647	1.253117	0.390435	0.073944	0.451646	0.134345
65.000000	0.401730	0.401730	1.267118	0.393044	0.071675	0.458664	0.135628
60.000000	0.405504	0.405504	1.274862	0.400312	0.072243	0.460619	0.135989
55.000000	0.425776	0.425776	1.240088	0.396024	0.074463	0.454396	0.136026
50.000000	0.388006	0.388006	1.261695	0.404041	0.072958	0.461797	0.134293
45.000000	0.405710	0.405710	1.207864	0.399363	0.074858	0.456763	0.132474
40.000000	0.391075	0.391075	1.231207	0.401046	0.073579	0.459671	0.133423
35.000000	0.404998	0.404998	1.300894	0.398261	0.070125	0.460784	0.137406
30.000000	0.436112	0.436112	1.343061	0.390956	0.071227	0.447847	0.137994
25.000000	0.415183	0.415183	1.394063	0.391282	0.069325	0.454689	0.139199
20.000000	0.441030	0.441030	1.351622	0.385990	0.069904	0.450534	0.140349
15.000000	0.418029	0.418029	1.414841	0.386656	0.069956	0.447771	0.139216
10.000000	0.433400	0.433400	1.395827	0.383333	0.069393	0.449326	0.139560
5.000000	0.423032	0.423032	1.346532	0.386785	0.069585	0.452645	0.138767
0.000000	0.405268	0.405268	1.320945	0.392376	0.068628	0.458386	0.137583
