0.000000	0.641405
5.000000	0.641442
10.000000	0.640667
15.000000	0.641245
20.000000	0.640704
25.000000	0.641337
30.000000	0.642020
35.000000	0.641519
40.000000	0.641815
45.000000	0.640688
50.000000	0.641210
55.000000	0.641879
60.000000	0.641099
65.000000	0.642231
70.000000	0.641398
75.000000	0.644130
80.000000	0.646694
85.000000	0.649100
90.000000	0.652797
95.000000	0.655888
100.000000	0.657996
105.000000	0.663125
110.000000	0.668155
115.000000	0.673020
120.000000	0.679801
125.000000	0.683798
130.000000	0.692761
135.000000	0.698984
140.000000	0.708580
145.000000	0.717651
150.000000	0.727936
155.000000	0.740962
160.000000	0.753085
165.000000	0.767775
170.000000	0.781265
175.000000	0.799962
180.000000	0.817396
185.000000	0.837034
190.000000	0.855326
195.000000	0.877512
200.000000	0.898570
205.000000	0.920796
210.000000	0.942542
215.000000	0.962204
220.000000	0.980763
225.000000	0.989308
230.000000	1.000000
235.000000	0.999585
240.000000	0.988991
245.000000	0.971552
250.000000	0.946586
255.000000	0.907855
