255.000000	0.000000	0.000000	0.000000	0.414456	0.131042	0.413411	0.153104
250.000000	0.009255	-0.009255	-0.067615	0.408158	0.130657	0.419304	0.145828
245.000000	0.135913	-0.135913	0.214370	0.404175	0.135425	0.413864	0.152387
240.000000	0.021958	0.021958	-0.257391	0.403578	0.136673	0.412735	0.130158
235.000000	0.051470	0.051470	-0.253351	0.401122	0.138428	0.412721	0.133442
230.000000	0.048340	0.048340	-0.220288	0.402558	0.136597	0.411072	0.136264
225.000000	0.047670	0.047670	0.029307	0.414321	0.134034	0.412078	0.157475
220.000000	0.083664	-0.083664	0.269017	0.418266	0.137260	0.398450	0.152160
215.000000	0.034663	0.034663	-0.234799	0.402552	0.137183	0.409283	0.133234
210.000000	0.057510	0.057510	-0.360820	0.396574	0.143517	0.407033	0.121285
205.000000	0.038639	0.038639	-0.269731	0.399953	0.138075	0.409187	0.129821
200.000000	0.018059	0.018059	-0.086598	0.407246	0.131164	0.413608	0.146995
195.000000	0.021514	0.021514	0.046622	0.414273	0.131924	0.396566	0.153452
190.000000	0.108130	-0.108130	0.354921	0.421836	0.143192	0.386816	0.147839
185.000000	0.051497	-0.051497	0.131272	0.415435	0.130395	0.406330	0.152733
180.000000	0.053091	-0.053091	0.135726	0.419470	0.131107	0.396004	0.151267
175.000000	0.098045	-0.098045	0.229641	0.426793	0.134869	0.383527	0.149230
170.000000	0.115308	-0.115308	0.241521	0.420153	0.135207	0.392687	0.149613
165.000000	0.030215	0.030215	-0.231685	0.402403	0.134854	0.407282	0.132326
160.000000	0.037036	0.037036	-0.289222	0.401415	0.137691	0.402541	0.125545
155.000000	0.039342	0.039342	-0.366175	0.396085	0.140239	0.400002	0.117558
150.000000	0.034070	0.034070	-0.446228	0.389991	0.142861	0.395499	0.108099
145.000000	0.021916	0.021916	-0.541113	0.392177	0.143671	0.393724	0.098996
140.000000	0.000494	0.000494	-0.737761	0.388647	0.147694	0.389989	0.086212
135.000000	0.036990	-0.036990	-0.870179	0.394218	0.146607	0.387248	0.081468
130.000000	0.068804	-0.068804	-0.962040	0.400319	0.145316	0.386542	0.079913
125.000000	0.080715	-0.080715	-0.969243	0.396815	0.147409	0.387158	0.080652
120.000000	0.063958	-0.063958	-0.870464	0.384055	0.146855	0.389206	0.081928
115.000000	0.020334	-0.020334	-0.723856	0.387080	0.147800	0.391342	0.086838
110.000000	0.001383	-0.001383	-0.706994	0.386449	0.149288	0.390959	0.089154
105.000000	0.005095	0.005095	-0.695313	0.387113	0.150158	0.389490	0.090954
100.000000	0.009074	-0.009074	-0.729793	0.382409	0.146311	0.389041	0.090691
95.000000	0.015063	-0.015063	-0.748827	0.381836	0.147262	0.383379	0.091901
90.000000	0.025292	-0.025292	-0.777341	0.381138	0.147722	0.379214	0.093910
85.000000	0.011628	0.011628	-0.640854	0.380849	0.147685	0.378532	0.107504
80.000000	0.019256	0.019256	-0.583611	0.379260	0.148916	0.371893	0.116626
75.000000	0.003838	0.003838	-0.502942	0.379475	0.147683	0.369609	0.127148
70.000000	0.028585	-0.028585	-0.470623	0.382305	0.145411	0.365555	0.130902
65.000000	0.050916	-0.050916	-0.482377	0.384388	0.144265	0.369364	0.129147
60.000000	0.082056	-0.082056	-0.562157	0.380851	0.148671	0.371789	0.119902
55.000000	0.100908	-0.100908	-0.587853	0.380419	0.149144	0.378936	0.114736
50.000000	0.100094	-0.100094	-0.528256	0.385982	0.147019	0.379025	0.114435
45.000000	0.124039	-0.124039	-0.563249	0.385947	0.147377	0.382507	0.107809
40.000000	0.138003	-0.138003	-0.618925	0.385615	0.149856	0.383858	0.102095
35.000000	0.127034	-0.127034	-0.558280	0.386826	0.146409	0.386006	0.102053
30.000000	0.119343	-0.119343	-0.523860	0.390736	0.145292	0.382756	0.101844
25.000000	0.133546	-0.133546	-0.554881	0.388428	0.145906	0.382777	0.097727
20.000000	0.154869	-0.154869	-0.617666	0.388051	0.147160	0.383625	0.093146
15.000000	0.196500	-0.196500	-0.706074	0.383951	0.147635	0.383193	0.090124
10.000000	0.229844	-0.229844	-0.771512	0.381562	0.149129	0.380444	0.087606
5.000000	0.236252	-0.236252	-0.789311	0.379354	0.147291	0.377497	0.086741
0.000000	0.228443	-0.228443	-0.763444	0.383806	0.148625	0.376352	0.086843
