255.000000	0.000000	0.000000	0.000000	0.369864	0.182693	0.347197	0.061093
250.000000	0.063911	0.063911	0.140536	0.369046	0.178556	0.353293	0.057573
245.000000	0.094860	0.094860	0.202955	0.365454	0.174021	0.355872	0.058598
240.000000	0.119413	0.119413	0.269271	0.371721	0.171620	0.357548	0.060720
235.000000	0.134491	0.134491	0.320167	0.374584	0.169313	0.361009	0.063948
230.000000	0.143757	0.143757	0.362216	0.376286	0.167082	0.360609	0.066891
225.000000	0.145215	0.145215	0.375214	0.373221	0.165854	0.361731	0.068281
220.000000	0.147441	0.147441	0.391818	0.374379	0.164769	0.362717	0.069882
215.000000	0.147172	0.147172	0.413165	0.375235	0.163252	0.362534	0.071703
210.000000	0.144461	0.144461	0.414936	0.374080	0.163614	0.362031	0.071719
205.000000	0.138310	0.138310	0.391875	0.377232	0.163489	0.361203	0.069192
200.000000	0.134603	0.134603	0.378781	0.373229	0.163979	0.361913	0.067985
195.000000	0.131881	0.131881	0.359199	0.375344	0.166310	0.357633	0.065914
190.000000	0.127116	0.127116	0.334576	0.371579	0.167734	0.357506	0.063981
185.000000	0.126533	0.126533	0.332639	0.371476	0.167879	0.359636	0.064153
180.000000	0.137500	0.137500	0.373973	0.374869	0.165544	0.362441	0.067674
175.000000	0.133603	0.133603	0.365177	0.374279	0.166026	0.361133	0.066757
170.000000	0.132321	0.132321	0.365803	0.373927	0.165017	0.358961	0.066789
165.000000	0.129526	0.129526	0.353712	0.374633	0.165183	0.359477	0.065533
160.000000	0.123881	0.123881	0.322603	0.374671	0.167607	0.359332	0.063602
155.000000	0.117090	0.117090	0.302490	0.371054	0.168092	0.357751	0.062218
150.000000	0.094802	0.094802	0.241594	0.371364	0.171920	0.354209	0.059718
145.000000	0.100354	0.100354	0.258563	0.367467	0.169965	0.353888	0.059374
140.000000	0.097056	0.097056	0.250008	0.369539	0.170786	0.353843	0.059383
135.000000	0.097899	0.097899	0.250721	0.370712	0.170951	0.352712	0.058922
130.000000	0.118141	0.118141	0.301775	0.373992	0.169002	0.356357	0.061560
125.000000	0.123900	0.123900	0.310984	0.375312	0.169183	0.356171	0.062001
120.000000	0.131804	0.131804	0.329172	0.373815	0.167295	0.356287	0.062759
115.000000	0.136819	0.136819	0.347518	0.372061	0.166442	0.358272	0.063973
110.000000	0.159871	0.159871	0.437114	0.376568	0.162367	0.363854	0.073130
105.000000	0.168443	0.168443	0.484281	0.379363	0.160062	0.364571	0.078894
100.000000	0.179881	0.179881	0.518377	0.377666	0.157659	0.366776	0.082836
95.000000	0.191836	0.191836	0.571736	0.381178	0.153259	0.366190	0.092434
90.000000	0.208720	0.208720	0.619545	0.382023	0.150625	0.363024	0.103032
85.000000	0.238813	0.238813	0.659324	0.381156	0.146744	0.355449	0.110131
80.000000	0.272125	0.272125	0.709196	0.379558	0.140684	0.345373	0.118315
75.000000	0.315966	0.315966	0.770412	0.379663	0.133705	0.339096	0.126196
70.000000	0.337854	0.337854	0.881574	0.377890	0.124580	0.331207	0.143009
65.000000	0.398245	0.398245	1.010371	0.371607	0.116549	0.328792	0.152995
60.000000	0.499096	0.499096	1.204401	0.377203	0.110525	0.332471	0.160344
55.000000	0.647709	0.647709	1.453848	0.379476	0.106686	0.353416	0.165866
50.000000	0.804066	0.804066	1.649356	0.380454	0.104677	0.341880	0.162431
45.000000	0.917979	0.917979	1.756579	0.379436	0.100600	0.341686	0.161365
40.000000	0.977132	0.977132	1.841016	0.379161	0.097857	0.348154	0.155206
35.000000	1.018703	1.018703	1.895148	0.378467	0.096757	0.348808	0.144973
30.000000	1.070560	1.070560	1.910821	0.378328	0.094296	0.355558	0.142269
25.000000	1.110982	1.110982	1.925002	0.375250	0.091111	0.360637	0.137970
20.000000	1.129466	1.129466	1.940651	0.375131	0.090191	0.359390	0.131497
15.000000	1.171074	1.171074	1.935127	0.374089	0.088770	0.365589	0.131204
10.000000	1.164618	1.164618	1.954682	0.374513	0.089016	0.361046	0.124985
5.000000	1.170711	1.170711	1.965060	0.374452	0.088956	0.357903	0.121193
0.000000	1.164859	1.164859	1.978847	0.374142	0.089578	0.360237	0.117312
