0.000000	1.000000
5.000000	0.997495
10.000000	0.995332
15.000000	0.993068
20.000000	0.989014
25.000000	0.985131
30.000000	0.982325
35.000000	0.979767
40.000000	0.975037
45.000000	0.969815
50.000000	0.966451
55.000000	0.961683
60.000000	0.953794
65.000000	0.950568
70.000000	0.942069
75.000000	0.937925
80.000000	0.925817
85.000000	0.921784
90.000000	0.909911
95.000000	0.901758
100.000000	0.885150
105.000000	0.877298
110.000000	0.867239
115.000000	0.847227
120.000000	0.836062
125.000000	0.822497
130.000000	0.803514
135.000000	0.784326
140.000000	0.759077
145.000000	0.739238
150.000000	0.719912
155.000000	0.690507
160.000000	0.669695
165.000000	0.629967
170.000000	0.610260
175.000000	0.577981
180.000000	0.546738
185.000000	0.512462
190.000000	0.479326
195.000000	0.446155
200.000000	0.405687
205.000000	0.370948
210.000000	0.339773
215.000000	0.313392
220.000000	0.276993
225.000000	0.254305
230.000000	0.228666
235.000000	0.212150
240.000000	0.192171
245.000000	0.181237
250.000000	0.169982
255.000000	0.164133
