255.000000	0.000000	0.000000	0.000000	0.403656	0.026242	0.425536	0.049956
250.000000	0.022742	0.164523	-0.022742	0.399785	0.026673	0.433856	0.039289
245.000000	0.056949	0.244591	-0.056949	0.408682	0.035054	0.438481	0.032040
240.000000	0.043120	0.429095	0.043120	0.397756	0.039636	0.449712	0.025204
235.000000	0.240352	0.764242	0.240352	0.413936	0.045809	0.450255	0.027834
230.000000	0.328293	0.955185	0.328293	0.404961	0.046812	0.465485	0.045573
225.000000	0.372448	1.059644	0.372448	0.416366	0.055876	0.468057	0.054462
220.000000	0.394385	1.119421	0.394385	0.411947	0.060399	0.463874	0.068920
215.000000	0.403733	1.177036	0.403733	0.407108	0.063213	0.457483	0.083905
210.000000	0.382589	1.226826	0.382589	0.414011	0.068864	0.452548	0.102047
205.000000	0.377102	1.276555	0.377102	0.407834	0.068073	0.436844	0.117315
200.000000	0.347929	1.313677	0.347929	0.418948	0.075496	0.440388	0.134256
195.000000	0.347588	1.351436	0.347588	0.411548	0.072562	0.428322	0.144399
190.000000	0.363479	1.372776	0.363479	0.416116	0.079091	0.432089	0.151192
185.000000	0.397272	1.386039	0.397272	0.412191	0.079491	0.424708	0.151722
180.000000	0.435151	1.403036	0.435151	0.409955	0.083312	0.425671	0.151667
175.000000	0.438272	1.421079	0.438272	0.412681	0.087221	0.429361	0.155923
170.000000	0.491487	1.443892	0.491487	0.403388	0.085800	0.410850	0.146529
165.000000	0.548393	1.462031	0.548393	0.414160	0.093382	0.421269	0.142115
160.000000	0.572405	1.481712	0.572405	0.406740	0.091150	0.418832	0.146911
155.000000	0.505283	1.500473	0.505283	0.407147	0.088889	0.415854	0.159238
150.000000	0.540716	1.512631	0.540716	0.410095	0.093466	0.423712	0.157928
145.000000	0.418296	1.535628	0.418296	0.404751	0.091405	0.414937	0.184223
140.000000	0.377482	1.551076	0.377482	0.406629	0.096487	0.413693	0.189689
135.000000	0.458088	1.561772	0.458088	0.398366	0.095246	0.409504	0.177052
130.000000	0.485770	1.568555	0.485770	0.402817	0.095011	0.410142	0.174256
125.000000	0.504487	1.568843	0.504487	0.396443	0.095891	0.412157	0.174171
120.000000	0.479228	1.572254	0.479228	0.403211	0.097572	0.416275	0.178887
115.000000	0.409568	1.588287	0.409568	0.403176	0.097989	0.416318	0.194473
110.000000	0.319757	1.615840	0.319757	0.399778	0.099513	0.423215	0.213340
105.000000	0.397220	1.611179	0.397220	0.403945	0.101353	0.423597	0.194617
100.000000	0.508019	1.627681	0.508019	0.394594	0.094088	0.413928	0.175835
95.000000	0.671052	1.624766	0.671052	0.403294	0.102264	0.430396	0.167792
90.000000	0.690477	1.629273	0.690477	0.402627	0.099676	0.436394	0.168813
85.000000	0.646310	1.627109	0.646310	0.404242	0.100014	0.433694	0.171926
80.000000	0.610059	1.628310	0.610059	0.398170	0.095890	0.428109	0.175183
75.000000	0.599851	1.631478	0.599851	0.407775	0.098050	0.437063	0.177233
70.000000	0.628385	1.634498	0.628385	0.401094	0.098364	0.426472	0.173371
65.000000	0.625002	1.634464	0.625002	0.405743	0.099073	0.436650	0.177991
60.000000	0.644076	1.638108	0.644076	0.409953	0.101466	0.432952	0.172351
55.000000	0.588549	1.640437	0.588549	0.403519	0.097604	0.431111	0.179541
50.000000	0.489777	1.629594	0.489777	0.405169	0.097335	0.428392	0.189114
45.000000	0.529942	1.629537	0.529942	0.398306	0.097156	0.423404	0.184149
40.000000	0.542056	1.629580	0.542056	0.401969	0.099968	0.429182	0.182029
35.000000	0.595799	1.639753	0.595799	0.398588	0.098174	0.430626	0.176741
30.000000	0.627673	1.640208	0.627673	0.398288	0.102086	0.431403	0.176013
25.000000	0.646576	1.642780	0.646576	0.401346	0.102444	0.431253	0.172603
20.000000	0.667652	1.640378	0.667652	0.395485	0.102806	0.424957	0.170931
15.000000	0.711886	1.638445	0.711886	0.401143	0.107290	0.428096	0.167134
10.000000	0.769580	1.647426	0.769580	0.399317	0.108743	0.426939	0.165054
5.000000	0.787589	1.651608	0.787589	0.401611	0.110601	0.434130	0.164974
0.000000	0.734081	1.643764	0.734081	0.402512	0.108178	0.432705	0.169255
