255.000000	0.000000	0.000000	0.000000	0.396217	0.228597	0.399826	0.238408
250.000000	0.001989	-0.000386	0.004363	0.392767	0.226000	0.401824	0.241334
245.000000	0.004013	-0.021847	0.013821	0.388185	0.229158	0.410848	0.249716
240.000000	0.000500	-0.028251	0.027250	0.383488	0.225715	0.407528	0.247490
235.000000	0.007076	-0.031821	0.045973	0.380023	0.226940	0.404861	0.252866
230.000000	0.027849	-0.015331	0.071029	0.382836	0.229317	0.386012	0.249632
225.000000	0.053892	0.008654	0.099131	0.376862	0.225287	0.401965	0.256118
220.000000	1.001717	-0.026286	2.029721	0.392594	0.243153	0.397776	0.229502
215.000000	0.139121	-1.886206	2.164449	0.378883	0.224980	0.372418	0.257712
210.000000	0.181523	-1.829424	2.192470	0.370319	0.217201	0.391953	0.273761
205.000000	0.224382	-1.774503	2.223267	0.379088	0.219760	0.370468	0.263589
200.000000	0.240106	-1.770299	2.250510	0.369376	0.217673	0.370211	0.259747
195.000000	0.245840	-1.786165	2.277845	0.373059	0.218549	0.362394	0.247692
190.000000	0.271409	-1.747965	2.290784	0.376835	0.219378	0.360956	0.242661
185.000000	0.278469	-1.750428	2.307366	0.368327	0.211328	0.364616	0.240443
180.000000	0.276966	-1.763153	2.317085	0.380336	0.220457	0.361065	0.234021
175.000000	0.278046	-1.772596	2.328687	0.376618	0.214964	0.364458	0.231861
170.000000	0.273655	-1.789120	2.336431	0.385934	0.221261	0.369250	0.229727
165.000000	0.288377	-1.762214	2.338968	0.382522	0.217282	0.365320	0.225952
160.000000	0.287070	-1.765215	2.339354	0.377694	0.212668	0.371774	0.219852
155.000000	0.490625	-2.076050	1.094801	0.375009	0.161896	0.354818	0.186166
150.000000	0.269661	-1.809005	2.348327	0.382124	0.212363	0.373426	0.218476
145.000000	0.248646	-1.858646	2.355939	0.397940	0.223060	0.374321	0.214393
140.000000	0.254345	-1.841520	2.350210	0.390076	0.216343	0.376386	0.214772
135.000000	0.228270	-1.906152	2.362692	0.391455	0.219119	0.376838	0.212900
130.000000	0.224080	-1.913806	2.361966	0.408847	0.228790	0.375764	0.211296
125.000000	0.221662	-1.921932	2.365257	0.403584	0.225072	0.376943	0.210828
120.000000	0.227383	-1.910620	2.365386	0.400479	0.225106	0.377622	0.208399
115.000000	0.227771	-1.907209	2.362752	0.408693	0.225042	0.378317	0.207342
110.000000	0.230674	-1.901429	2.362777	0.401538	0.222611	0.378626	0.208889
105.000000	0.236104	-1.891207	2.363414	0.406470	0.224676	0.383000	0.205406
100.000000	0.235857	-1.888774	2.360489	0.411163	0.227268	0.388637	0.206945
95.000000	0.199205	-1.963778	2.362188	0.410017	0.231417	0.386119	0.210108
90.000000	0.150792	-2.064691	2.366274	0.412397	0.236605	0.396787	0.203605
85.000000	0.163601	-2.040795	2.367997	0.408786	0.235252	0.399151	0.204998
80.000000	0.150436	-2.070372	2.371244	0.407745	0.236262	0.395735	0.201776
75.000000	0.156421	-2.057236	2.370079	0.409415	0.238537	0.398637	0.203810
70.000000	0.153152	-2.069069	2.375373	0.407536	0.236990	0.398319	0.203978
65.000000	0.156139	-2.062020	2.374297	0.408088	0.236481	0.390531	0.199624
60.000000	0.141767	-2.095685	2.379218	0.402425	0.234515	0.409956	0.199640
55.000000	0.142671	-2.082319	2.367661	0.407661	0.235385	0.400448	0.199779
50.000000	0.148600	-2.058125	2.355326	0.410859	0.237200	0.394632	0.196634
45.000000	0.139300	-2.078529	2.357128	0.406163	0.237855	0.402320	0.199401
40.000000	0.221373	-1.896884	2.339630	0.408144	0.220046	0.390680	0.203774
35.000000	0.176179	-2.001250	2.353608	0.411786	0.231584	0.394786	0.200170
30.000000	0.223647	-1.885405	2.332700	0.409831	0.224675	0.389065	0.202745
25.000000	0.291104	-1.565251	2.147459	0.429145	0.240327	0.386650	0.176966
20.000000	0.272003	-1.766993	2.310999	0.404936	0.215060	0.391156	0.199479
15.000000	0.836396	-0.587400	2.260192	0.401079	0.226472	0.390260	0.134131
10.000000	0.251089	-1.806920	2.309099	0.393061	0.210907	0.393199	0.201478
5.000000	0.238250	-1.836681	2.313182	0.407790	0.224112	0.397283	0.204149
0.000000	0.235557	-1.844829	2.315943	0.404211	0.217657	0.393843	0.200184
