255.000000	0.000000	0.000000	0.000000	0.371774	0.096726	0.397245	0.179789
250.000000	0.069523	0.161942	-0.022896	0.367329	0.108201	0.384007	0.177908
245.000000	0.074753	0.174116	-0.024610	0.373172	0.110490	0.380388	0.175740
240.000000	0.029558	0.055447	0.003668	0.376495	0.099223	0.385717	0.176657
235.000000	0.005359	-0.061499	0.050781	0.376288	0.092196	0.388004	0.176967
230.000000	0.041690	-0.171361	0.087980	0.371415	0.087016	0.397100	0.176903
225.000000	0.077365	-0.270352	0.115622	0.366754	0.086211	0.406179	0.175255
220.000000	0.105119	-0.338798	0.128561	0.366276	0.087059	0.414745	0.174009
215.000000	0.125481	-0.380589	0.129627	0.368799	0.088986	0.419485	0.173097
210.000000	0.137229	-0.404055	0.129598	0.365024	0.089256	0.416876	0.172533
205.000000	0.115459	-0.348147	0.117229	0.364979	0.087464	0.416902	0.174547
200.000000	0.119747	-0.344496	0.105003	0.362713	0.086994	0.412542	0.174427
195.000000	0.113295	-0.320286	0.093697	0.365135	0.087019	0.417235	0.176557
190.000000	0.124177	-0.362764	0.114411	0.361762	0.087791	0.417189	0.174086
185.000000	0.147271	-0.429809	0.135266	0.363145	0.090913	0.419698	0.173225
180.000000	0.165410	-0.481374	0.150553	0.359148	0.093461	0.421735	0.173152
175.000000	0.174158	-0.508546	0.160231	0.354739	0.096089	0.421458	0.172818
170.000000	0.165044	-0.503855	0.173767	0.356096	0.095763	0.417143	0.172871
165.000000	0.171492	-0.527417	0.184433	0.352059	0.097759	0.417457	0.173390
160.000000	0.168001	-0.515575	0.179572	0.352810	0.096829	0.419019	0.173101
155.000000	0.120473	-0.406740	0.165794	0.354830	0.089696	0.412448	0.175952
150.000000	0.081410	-0.293329	0.130508	0.363361	0.086653	0.409302	0.177685
145.000000	0.002222	-0.087390	0.082945	0.369603	0.089199	0.392969	0.180045
140.000000	0.094547	0.174969	0.014126	0.369364	0.105420	0.385405	0.177155
135.000000	0.151000	0.303968	-0.001967	0.367085	0.120479	0.389776	0.176195
130.000000	0.139136	0.292857	-0.014586	0.365459	0.120508	0.383458	0.176198
125.000000	0.086819	0.165068	0.008569	0.364734	0.105768	0.384991	0.175513
120.000000	0.074639	0.101569	0.047708	0.358100	0.098636	0.387829	0.175590
115.000000	0.014695	-0.149617	0.120228	0.365969	0.086173	0.393396	0.176300
110.000000	0.076013	0.102982	0.049045	0.362115	0.098309	0.385910	0.172374
105.000000	0.049866	-0.279327	0.179594	0.361181	0.086724	0.401550	0.170980
100.000000	0.055156	-0.322771	0.212460	0.355323	0.087645	0.403473	0.167861
95.000000	0.020837	-0.228256	0.186582	0.361294	0.084423	0.400662	0.162578
90.000000	0.082139	-0.385918	0.221640	0.356018	0.089601	0.405618	0.151728
85.000000	0.040645	-0.308341	0.227050	0.358942	0.082396	0.404636	0.148382
80.000000	0.063073	-0.118760	0.244906	0.364888	0.069117	0.408539	0.139368
75.000000	0.161321	0.069893	0.252749	0.364616	0.056377	0.429478	0.136638
70.000000	0.190372	-0.020951	0.401696	0.354283	0.038191	0.438381	0.131146
65.000000	0.300211	0.278155	0.322267	0.353377	0.019588	0.450616	0.125863
60.000000	0.317877	-0.291994	0.927748	0.351893	0.016627	0.446189	0.124010
55.000000	0.307691	-0.437122	1.052505	0.345634	0.041703	0.447892	0.120058
50.000000	0.317011	-0.468043	1.102065	0.339470	0.063251	0.437049	0.121124
45.000000	0.432811	-0.453423	1.319046	0.340342	0.050489	0.438577	0.118747
40.000000	0.555488	-0.548951	1.659928	0.351078	0.041419	0.422685	0.114047
35.000000	0.610405	-0.560948	1.781758	0.349183	0.047070	0.424353	0.119675
30.000000	0.672923	-0.539563	1.885408	0.354591	0.053821	0.434240	0.124627
25.000000	0.698071	-0.492221	1.888364	0.354173	0.055425	0.424142	0.125483
20.000000	0.817857	-0.535560	2.171275	0.376092	0.083091	0.433619	0.137425
15.000000	0.859533	-0.480026	2.199092	0.370500	0.081383	0.432922	0.139935
10.000000	0.899320	-0.475065	2.273705	0.379373	0.095795	0.426139	0.142382
5.000000	0.795387	-0.493753	2.084528	0.357518	0.070408	0.431586	0.134207
0.000000	0.812574	-0.393264	2.018413	0.357083	0.062094	0.430561	0.136692
