255.000000	0.000000	0.000000	0.000000	0.417857	0.053584	0.352823	0.162115
250.000000	0.008331	0.005579	0.011083	0.413471	0.051407	0.357053	0.163358
245.000000	0.030985	0.108794	-0.046824	0.413455	0.038795	0.346011	0.160266
240.000000	0.057997	0.298604	-0.182610	0.417845	0.029586	0.336781	0.155682
235.000000	0.078054	0.459252	-0.303145	0.415774	0.028613	0.338029	0.155174
230.000000	0.072592	0.337102	-0.191918	0.409132	0.023991	0.343342	0.158392
225.000000	0.062658	0.039641	0.085676	0.404715	0.034797	0.350103	0.165097
220.000000	0.052874	-0.062949	0.168697	0.407167	0.049543	0.353488	0.165853
215.000000	0.052402	-0.120317	0.225122	0.418130	0.066516	0.344775	0.164928
210.000000	0.060294	-0.131932	0.252520	0.423871	0.073230	0.345105	0.161522
205.000000	0.062795	-0.156082	0.281672	0.426965	0.079765	0.344280	0.163950
200.000000	0.084582	-0.148320	0.317484	0.433997	0.079187	0.341567	0.161691
195.000000	0.108996	-0.141037	0.359029	0.427775	0.073792	0.342172	0.163380
190.000000	0.124636	-0.145247	0.394518	0.426933	0.073435	0.341913	0.159644
185.000000	0.143163	-0.136070	0.422396	0.431722	0.074577	0.339149	0.157827
180.000000	0.146388	-0.152723	0.445498	0.431997	0.080841	0.352233	0.159247
175.000000	0.171532	-0.135792	0.478857	0.436081	0.085125	0.338137	0.156471
170.000000	0.184705	-0.139524	0.508933	0.434040	0.084116	0.353633	0.157767
165.000000	0.226259	-0.112438	0.564956	0.431544	0.075533	0.348066	0.159518
160.000000	0.262692	-0.117405	0.642789	0.415841	0.064271	0.364963	0.162401
155.000000	0.280917	-0.117346	0.679179	0.418176	0.065595	0.359872	0.163272
150.000000	0.310698	-0.090949	0.712346	0.411031	0.060950	0.368138	0.162491
145.000000	0.333342	-0.111411	0.778094	0.411592	0.059392	0.351954	0.166057
140.000000	0.356004	-0.088420	0.800428	0.415193	0.062554	0.351444	0.172302
135.000000	0.365667	-0.057108	0.788442	0.419374	0.068455	0.347620	0.170960
130.000000	0.370095	-0.060916	0.801105	0.420407	0.075810	0.331226	0.167818
125.000000	0.397313	-0.031639	0.826265	0.421531	0.075945	0.339379	0.170534
120.000000	0.416254	-0.013915	0.846424	0.426933	0.078183	0.334671	0.166448
115.000000	0.425055	-0.017272	0.867381	0.423016	0.080916	0.332552	0.162969
110.000000	0.461638	0.015212	0.908063	0.424369	0.076213	0.313039	0.161545
105.000000	0.485357	0.020547	0.950168	0.418123	0.074910	0.323241	0.160511
100.000000	0.506763	0.022446	0.991079	0.418934	0.074552	0.338653	0.161159
95.000000	0.535683	0.052310	1.019055	0.418530	0.071083	0.321748	0.164717
90.000000	0.545516	0.053162	1.037869	0.415028	0.075752	0.323274	0.153357
85.000000	0.576268	0.086416	1.066120	0.415187	0.073256	0.323313	0.160894
80.000000	0.605224	0.101601	1.108846	0.413642	0.073344	0.323817	0.153288
75.000000	0.619601	0.104586	1.134616	0.413689	0.074928	0.329167	0.151561
70.000000	0.653164	0.132158	1.174169	0.416063	0.069836	0.334634	0.155247
65.000000	0.675481	0.141821	1.209140	0.411929	0.071146	0.337259	0.151924
60.000000	0.699558	0.162760	1.236355	0.414990	0.072046	0.336333	0.151019
55.000000	0.714703	0.184925	1.244481	0.413038	0.069344	0.344952	0.147699
50.000000	0.733313	0.205478	1.261149	0.412629	0.074715	0.356942	0.143826
45.000000	0.755284	0.249483	1.261085	0.415992	0.078170	0.349576	0.144654
40.000000	0.775549	0.291288	1.259810	0.422570	0.082006	0.355770	0.143794
35.000000	0.784805	0.310741	1.258870	0.421559	0.090193	0.356761	0.132754
30.000000	0.814839	0.340273	1.289404	0.422838	0.086915	0.344275	0.141198
25.000000	0.842018	0.350978	1.333058	0.418624	0.083081	0.353922	0.140321
20.000000	0.851689	0.349352	1.354026	0.420348	0.084820	0.351864	0.138462
15.000000	0.873946	0.363831	1.384061	0.417935	0.078049	0.338450	0.132506
10.000000	0.890835	0.378789	1.402881	0.416352	0.080200	0.327619	0.133173
5.000000	0.904730	0.408973	1.400488	0.418285	0.086725	0.337323	0.126945
0.000000	0.915572	0.437634	1.393510	0.422582	0.087425	0.326026	0.131006
