255.000000	0.000000	0.000000	0.000000	0.429584	0.053338	0.376822	0.053592
250.000000	0.000093	-0.027262	0.027447	0.435464	0.053440	0.377518	0.057054
245.000000	0.008937	-0.013576	0.031450	0.429074	0.052471	0.373861	0.056385
240.000000	0.028978	0.058344	-0.000388	0.438132	0.051220	0.376752	0.049407
235.000000	0.063293	0.167673	-0.041087	0.436443	0.052998	0.374763	0.040622
230.000000	0.095488	0.247059	-0.056083	0.441130	0.055276	0.372976	0.036447
225.000000	0.120519	0.285182	-0.044144	0.440469	0.055312	0.367419	0.036749
220.000000	0.130750	0.274036	-0.012536	0.441337	0.051433	0.377319	0.041170
215.000000	0.155413	0.296087	0.014740	0.443082	0.048954	0.370828	0.043164
210.000000	0.170798	0.310012	0.031584	0.446593	0.046331	0.377784	0.045930
205.000000	0.182591	0.288601	0.076582	0.445015	0.042730	0.374174	0.051830
200.000000	0.179886	0.217568	0.142204	0.452685	0.037904	0.370669	0.058617
195.000000	0.197575	0.184988	0.210162	0.447019	0.034192	0.376594	0.062048
190.000000	0.222409	0.256870	0.187948	0.444154	0.032628	0.369701	0.064751
185.000000	0.213144	0.128221	0.298066	0.445564	0.030874	0.371693	0.072679
180.000000	0.199877	-0.009822	0.409577	0.445238	0.035162	0.369015	0.082269
175.000000	0.205649	-0.047856	0.459154	0.440850	0.033680	0.371209	0.087081
170.000000	0.220277	-0.075483	0.516037	0.441363	0.038101	0.372335	0.089662
165.000000	0.238416	-0.068031	0.544864	0.443801	0.034006	0.371675	0.092094
160.000000	0.261806	-0.054895	0.578508	0.443039	0.032229	0.373211	0.093379
155.000000	0.301811	0.045146	0.558477	0.445884	0.025082	0.375770	0.092948
150.000000	0.310209	0.049812	0.570606	0.441525	0.020875	0.374646	0.095316
145.000000	0.296917	-0.054419	0.648252	0.440173	0.029419	0.367943	0.100233
140.000000	0.308343	-0.053279	0.669965	0.439339	0.026246	0.375622	0.104623
135.000000	0.332130	0.002656	0.661604	0.440858	0.020322	0.371620	0.104588
130.000000	0.350410	0.032598	0.668221	0.440907	0.017644	0.371498	0.106422
125.000000	0.378513	0.224135	0.532891	0.437191	0.008353	0.372507	0.105823
120.000000	0.382557	0.169038	0.596077	0.440338	0.009867	0.368380	0.108031
115.000000	0.391699	0.187392	0.596007	0.437317	0.007063	0.369797	0.110533
110.000000	0.417460	0.720779	0.114140	0.439657	0.006334	0.371468	0.110253
105.000000	0.430195	0.652391	0.207999	0.444501	0.006556	0.361871	0.109577
100.000000	0.431504	0.765838	0.097169	0.439899	0.005924	0.371887	0.112577
95.000000	0.433428	0.814338	0.052518	0.442262	0.005033	0.365789	0.113515
90.000000	0.449172	0.899662	-0.001318	0.441064	0.010674	0.364877	0.114446
85.000000	0.448623	0.973210	-0.075965	0.440788	0.010456	0.368847	0.116387
80.000000	0.453463	0.929323	-0.022397	0.442246	0.006024	0.363538	0.119058
75.000000	0.467232	1.009536	-0.075071	0.439388	0.008609	0.366859	0.118048
70.000000	0.498731	1.033275	-0.035812	0.440946	0.019370	0.361913	0.116788
65.000000	0.528066	1.032307	0.023825	0.445762	0.034454	0.360835	0.118029
60.000000	0.490783	1.039061	-0.057494	0.442231	0.018794	0.364208	0.119340
55.000000	0.507816	1.049558	-0.033926	0.442506	0.022966	0.360506	0.118512
50.000000	0.528884	1.046677	0.011090	0.444869	0.033907	0.364358	0.120921
45.000000	0.530480	1.073892	-0.012932	0.444386	0.032287	0.372852	0.119007
40.000000	0.562433	1.089906	0.034959	0.441855	0.043659	0.366189	0.120979
35.000000	0.521265	1.078139	-0.035608	0.442938	0.025842	0.368198	0.121623
30.000000	0.510301	1.134439	-0.113837	0.436152	0.018320	0.362890	0.123751
25.000000	0.496261	1.159483	-0.166961	0.446433	0.012304	0.363790	0.125912
20.000000	0.481641	1.271168	-0.307886	0.440189	0.008865	0.370546	0.125272
15.000000	0.500643	1.182624	-0.181338	0.435697	0.014909	0.366399	0.124835
10.000000	0.534578	1.118684	-0.049528	0.440613	0.024196	0.367918	0.124136
5.000000	0.582548	1.139410	0.025686	0.435623	0.042816	0.368151	0.121832
0.000000	0.620789	1.160098	0.081481	0.447613	0.058980	0.372270	0.125209
