255.000000	0.000000	0.000000	0.000000	0.401134	0.043036	0.377851	0.107960
250.000000	0.024767	-0.024767	0.008355	0.398539	0.040704	0.375351	0.109243
245.000000	0.060556	-0.060556	0.020082	0.399318	0.037845	0.376354	0.110690
240.000000	0.098501	-0.098501	0.034096	0.402099	0.035699	0.374792	0.113152
235.000000	0.133265	-0.133265	0.048456	0.397810	0.033847	0.374773	0.114727
230.000000	0.161486	-0.161486	0.059429	0.403679	0.032751	0.372054	0.116065
225.000000	0.181243	-0.181243	0.067550	0.400502	0.031919	0.371489	0.116316
220.000000	0.159824	-0.159824	0.057133	0.400416	0.032802	0.372026	0.116126
215.000000	0.141457	-0.141457	0.048010	0.398529	0.033543	0.374376	0.115323
210.000000	0.157169	-0.157169	0.059722	0.398318	0.032741	0.371400	0.115176
205.000000	0.158711	-0.158711	0.061553	0.399188	0.032566	0.372110	0.115126
200.000000	0.163305	-0.163305	0.067746	0.398308	0.032210	0.370313	0.114533
195.000000	0.226419	-0.226419	0.106208	0.401228	0.030042	0.374196	0.117057
190.000000	0.302358	-0.302358	0.155031	0.403350	0.028656	0.372991	0.117882
185.000000	0.365288	-0.365288	0.192367	0.405566	0.028284	0.371952	0.118670
180.000000	0.393440	-0.393440	0.204787	0.405133	0.028574	0.378374	0.120341
175.000000	0.378742	-0.378742	0.190285	0.405177	0.028281	0.376641	0.119833
170.000000	0.333404	-0.333404	0.159971	0.404560	0.028584	0.374627	0.119342
165.000000	0.265995	-0.265995	0.124539	0.402658	0.029308	0.371829	0.118049
160.000000	0.213414	-0.213414	0.102455	0.404809	0.030765	0.371998	0.116579
155.000000	0.173210	-0.173210	0.091423	0.399803	0.031832	0.370648	0.114058
150.000000	0.127268	-0.127268	0.077475	0.398520	0.033407	0.373741	0.112177
145.000000	0.102660	-0.102660	0.073476	0.398114	0.034324	0.375734	0.110597
140.000000	0.124029	-0.124029	0.088885	0.401644	0.032873	0.377165	0.110541
135.000000	0.149830	-0.149830	0.107973	0.399027	0.031899	0.376622	0.110712
130.000000	0.150916	-0.150916	0.112671	0.399774	0.031840	0.381617	0.111545
125.000000	0.200931	-0.200931	0.147250	0.400884	0.030117	0.378436	0.112162
120.000000	0.219994	-0.219994	0.167124	0.401071	0.029620	0.376256	0.111164
115.000000	0.244490	-0.244490	0.190339	0.398914	0.029392	0.378593	0.111720
110.000000	0.271806	-0.271806	0.223169	0.403877	0.029192	0.378440	0.111258
105.000000	0.316466	-0.316466	0.271516	0.404488	0.029291	0.384296	0.111293
100.000000	0.325088	-0.325088	0.313162	0.401487	0.030160	0.385739	0.109172
95.000000	0.338896	-0.338896	0.375958	0.399762	0.030927	0.394387	0.107576
90.000000	0.357935	-0.357935	0.467516	0.401349	0.032299	0.404478	0.104384
85.000000	0.376917	-0.376917	0.595427	0.402002	0.034003	0.412724	0.103568
80.000000	0.425674	-0.425674	0.749508	0.405377	0.039356	0.420060	0.102219
75.000000	0.447089	-0.447089	0.903447	0.404416	0.045850	0.413082	0.100417
70.000000	0.449826	-0.449826	1.053948	0.400878	0.050038	0.404800	0.101930
65.000000	0.448731	-0.448731	1.201328	0.396342	0.056196	0.394289	0.106615
60.000000	0.425774	-0.425774	1.342591	0.397341	0.061451	0.385737	0.111774
55.000000	0.405653	-0.405653	1.467082	0.397522	0.066711	0.378958	0.118418
50.000000	0.385922	-0.385922	1.598280	0.398005	0.068574	0.372873	0.125126
45.000000	0.350890	-0.350890	1.718405	0.399567	0.071387	0.392992	0.134348
40.000000	0.320017	-0.320017	1.816843	0.401955	0.074455	0.393193	0.136992
35.000000	0.292381	-0.292381	1.903758	0.401199	0.076885	0.400668	0.142583
30.000000	0.261325	-0.261325	1.987617	0.401049	0.078505	0.403857	0.144593
25.000000	0.234279	-0.234279	2.058545	0.402893	0.079499	0.397847	0.143535
20.000000	0.212933	-0.212933	2.131198	0.400344	0.080177	0.396105	0.141636
15.000000	0.197126	-0.197126	2.218498	0.403602	0.080687	0.406107	0.149362
10.000000	0.185351	-0.185351	2.294442	0.402903	0.079627	0.419656	0.150355
5.000000	0.176701	-0.176701	2.320770	0.400301	0.079886	0.418849	0.148352
0.000000	0.171088	-0.171088	2.340284	0.401151	0.081186	0.426619	0.154400
