255.000000	0.000000	0.000000	0.000000	0.405749	0.265078	0.369512	0.271343
250.000000	0.046367	0.009732	-0.046367	0.381209	0.263568	0.362890	0.262313
245.000000	0.031490	0.045137	-0.031490	0.373117	0.258646	0.372478	0.267760
240.000000	0.036518	0.101174	0.036518	0.374955	0.251517	0.369615	0.269333
235.000000	0.002347	0.108239	0.002347	0.372729	0.242290	0.363040	0.256154
230.000000	0.021721	1.772435	-0.021721	0.361871	0.222188	0.376569	0.252307
225.000000	0.366372	0.264021	0.366372	0.395230	0.249702	0.371087	0.266045
220.000000	0.303623	0.259815	0.303623	0.377588	0.251723	0.380247	0.266973
215.000000	0.213961	0.240145	0.213961	0.364672	0.222561	0.380653	0.249387
210.000000	0.189058	0.244420	0.189058	0.374504	0.208910	0.369926	0.233587
205.000000	0.260512	0.271665	0.260512	0.359605	0.203541	0.375617	0.238607
200.000000	0.418325	0.325359	0.418325	0.366938	0.227998	0.363840	0.239815
195.000000	0.435108	0.338181	0.435108	0.375462	0.228709	0.363820	0.233182
190.000000	0.427116	0.328192	0.427116	0.360612	0.209940	0.356913	0.224015
185.000000	0.473546	0.350863	0.473546	0.364499	0.217307	0.368247	0.225142
180.000000	0.593693	0.398832	0.593693	0.372968	0.232733	0.379832	0.220298
175.000000	0.674395	0.414000	0.674395	0.360651	0.224962	0.367869	0.206919
170.000000	0.597582	0.406446	0.597582	0.373586	0.223869	0.383820	0.218881
165.000000	0.599347	0.385361	0.599347	0.356711	0.211220	0.367354	0.203522
160.000000	0.640728	0.408653	0.640728	0.379345	0.225513	0.380861	0.209521
155.000000	0.633660	0.404631	0.633660	0.362498	0.214052	0.384685	0.207605
150.000000	0.672272	0.416459	0.672272	0.359585	0.215192	0.382658	0.205272
145.000000	0.661422	0.421911	0.661422	0.366004	0.215366	0.386039	0.206885
140.000000	0.685019	0.407979	0.685019	0.361268	0.210748	0.376318	0.197879
135.000000	0.714230	0.430992	0.714230	0.370036	0.220566	0.381493	0.199579
130.000000	0.807456	0.474234	0.807456	0.359588	0.227887	0.376498	0.194037
125.000000	0.829868	0.469469	0.829868	0.357168	0.227896	0.371196	0.191301
120.000000	0.831184	0.486063	0.831184	0.365115	0.227836	0.377256	0.191972
115.000000	0.824116	0.475923	0.824116	0.364659	0.226117	0.373251	0.190735
110.000000	0.798468	0.449942	0.798468	0.362672	0.221473	0.376501	0.190417
105.000000	0.767498	0.456195	0.767498	0.367970	0.218417	0.378218	0.190496
100.000000	0.797816	0.457806	0.797816	0.365668	0.220764	0.376364	0.189382
95.000000	0.822388	0.471232	0.822388	0.367216	0.224945	0.377828	0.188572
90.000000	0.810651	0.466576	0.810651	0.371102	0.223581	0.376647	0.187797
85.000000	0.803654	0.450703	0.803654	0.365993	0.215841	0.378282	0.187620
80.000000	0.776228	0.458038	0.776228	0.361542	0.206908	0.378860	0.189757
75.000000	0.792871	0.452519	0.792871	0.359596	0.206743	0.380052	0.188316
70.000000	0.819020	0.466931	0.819020	0.368261	0.217802	0.378224	0.186912
65.000000	0.823725	0.483393	0.823725	0.366209	0.218358	0.379883	0.186099
60.000000	0.842024	0.471063	0.842024	0.361208	0.217338	0.379490	0.185956
55.000000	0.844778	0.491509	0.844778	0.368261	0.222791	0.377909	0.185310
50.000000	0.868387	0.493966	0.868387	0.367343	0.224368	0.378001	0.183061
45.000000	0.894329	0.506387	0.894329	0.367128	0.229490	0.373942	0.183465
40.000000	0.892386	0.509809	0.892386	0.372812	0.228104	0.376227	0.182556
35.000000	0.919125	0.525662	0.919125	0.365142	0.229692	0.374460	0.181873
30.000000	0.920191	0.533713	0.920191	0.361392	0.228027	0.375948	0.182492
25.000000	0.937895	0.528084	0.937895	0.364680	0.232205	0.378124	0.182127
20.000000	0.924593	0.533682	0.924593	0.368815	0.230497	0.376985	0.181932
15.000000	0.943086	0.541921	0.943086	0.361087	0.227826	0.376724	0.179685
10.000000	0.953979	0.537136	0.953979	0.361502	0.230996	0.379370	0.181361
5.000000	0.942155	0.545057	0.942155	0.372053	0.231517	0.378657	0.180929
0.000000	0.937703	0.536294	0.937703	0.366169	0.228187	0.377174	0.180426
