0.000000	0.051444
5.000000	0.051150
10.000000	0.051404
15.000000	0.051525
20.000000	0.051356
25.000000	0.051512
30.000000	0.051356
35.000000	0.051277
40.000000	0.051336
45.000000	0.051494
50.000000	0.051353
55.000000	0.051455
60.000000	0.051185
65.000000	0.051203
70.000000	0.051401
75.000000	0.051716
80.000000	0.052501
85.000000	0.052852
90.000000	0.054100
95.000000	0.054286
100.000000	0.055833
105.000000	0.056298
110.000000	0.058203
115.000000	0.059794
120.000000	0.061528
125.000000	0.063471
130.000000	0.065870
135.000000	0.068557
140.000000	0.072266
145.000000	0.075713
150.000000	0.080175
155.000000	0.085408
160.000000	0.092543
165.000000	0.099694
170.000000	0.108596
175.000000	0.120994
180.000000	0.136028
185.000000	0.152900
190.000000	0.169357
195.000000	0.194899
200.000000	0.224587
205.000000	0.255986
210.000000	0.304430
215.000000	0.354533
220.000000	0.407529
225.000000	0.469844
230.000000	0.547059
235.000000	0.626676
240.000000	0.720279
245.000000	0.805027
250.000000	0.900796
255.000000	1.000000
