255.000000	0.000000	0.000000	0.000000	0.373613	0.307744	0.384958	0.333269
250.000000	0.052803	-0.102113	-0.003493	0.373102	0.307613	0.380278	0.330040
245.000000	0.123868	-0.247755	0.000019	0.374070	0.314388	0.372995	0.331329
240.000000	0.146877	-0.290536	-0.003218	0.376783	0.320419	0.376609	0.337222
235.000000	0.108198	-0.216753	0.000357	0.375625	0.310359	0.376737	0.330449
230.000000	0.066578	-0.134514	0.001358	0.368788	0.305580	0.381037	0.327935
225.000000	0.101351	-0.200698	-0.002004	0.367973	0.308630	0.378273	0.330428
220.000000	0.091178	-0.188625	0.006269	0.372888	0.308271	0.374922	0.329215
215.000000	0.101120	-0.208702	0.006461	0.374312	0.315062	0.376402	0.330229
210.000000	0.106954	-0.223980	0.010071	0.374788	0.316047	0.372132	0.327640
205.000000	0.130557	-0.266604	0.005490	0.373528	0.317501	0.370226	0.328595
200.000000	0.160757	-0.318399	-0.003115	0.367535	0.316009	0.374473	0.336029
195.000000	0.167782	-0.329988	-0.005576	0.368645	0.316283	0.373012	0.334693
190.000000	0.189333	-0.370538	-0.008128	0.370709	0.320740	0.367908	0.334539
185.000000	0.221553	-0.445372	0.002265	0.363490	0.320934	0.365619	0.335889
180.000000	1.195600	-2.131071	-0.260130	0.354587	0.341056	0.388954	0.293328
175.000000	2.158733	-2.320287	-1.997179	0.372908	0.318064	0.370357	0.332074
170.000000	2.134251	-2.275444	-1.993057	0.373113	0.315050	0.371286	0.330708
165.000000	1.392169	-0.603707	-2.180631	0.388625	0.285936	0.394846	0.333458
160.000000	2.108703	-2.239212	-1.978194	0.371879	0.313664	0.371198	0.324931
155.000000	2.052559	-2.141937	-1.963180	0.367164	0.303164	0.384475	0.332380
150.000000	2.071809	-2.157027	-1.986592	0.378614	0.313907	0.379217	0.328354
145.000000	2.044814	-2.092481	-1.997146	0.369372	0.304413	0.379806	0.331392
140.000000	1.988361	-1.993956	-1.982766	0.374798	0.305130	0.388398	0.331979
135.000000	1.956479	-1.933474	-1.979485	0.375149	0.308698	0.385468	0.331253
130.000000	1.969186	-1.950701	-1.987672	0.376849	0.308987	0.391958	0.338665
125.000000	1.969569	-1.953887	-1.985250	0.370494	0.306209	0.387277	0.333552
120.000000	1.883222	-1.775905	-1.990540	0.387537	0.321865	0.406432	0.348088
115.000000	1.831187	-1.667555	-1.994819	0.394926	0.330920	0.394301	0.344042
110.000000	1.792498	-1.615225	-1.969771	0.401022	0.338142	0.412915	0.357295
105.000000	1.777095	-1.621751	-1.932439	0.396452	0.333406	0.417786	0.351282
100.000000	1.763019	-1.638311	-1.887727	0.397089	0.326156	0.427152	0.337983
95.000000	1.686040	-1.636613	-1.735468	0.376412	0.311475	0.419779	0.301094
90.000000	1.360860	-1.327242	-1.394478	0.375411	0.309142	0.406985	0.260576
85.000000	1.054658	-1.001299	-1.108016	0.373683	0.310049	0.368986	0.298144
80.000000	0.908144	-0.826954	-0.989334	0.369299	0.305503	0.343759	0.323039
75.000000	0.859822	-0.801750	-0.917893	0.357104	0.297443	0.364285	0.316720
70.000000	0.826351	-0.789406	-0.863296	0.341779	0.277081	0.358983	0.288543
65.000000	0.771232	-0.719569	-0.822895	0.337639	0.276620	0.371000	0.273804
60.000000	0.702883	-0.615180	-0.790587	0.328312	0.273221	0.363319	0.260179
55.000000	0.623097	-0.472425	-0.773769	0.345530	0.292678	0.367673	0.248294
50.000000	0.601355	-0.453900	-0.748811	0.341949	0.288885	0.376216	0.244437
45.000000	0.608665	-0.496571	-0.720758	0.314217	0.263021	0.377520	0.233011
40.000000	0.603149	-0.511034	-0.695265	0.302106	0.250809	0.396653	0.235691
35.000000	0.573500	-0.459853	-0.687147	0.304339	0.253660	0.427078	0.249428
30.000000	0.554302	-0.437212	-0.671393	0.301472	0.252115	0.454783	0.258383
25.000000	0.552086	-0.449109	-0.655063	0.296393	0.242342	0.476294	0.268122
20.000000	0.536710	-0.430242	-0.643178	0.299623	0.245820	0.493333	0.273725
15.000000	0.493329	-0.346809	-0.639848	0.305373	0.255010	0.502441	0.274350
10.000000	0.466095	-0.303551	-0.628639	0.306147	0.258130	0.510069	0.275453
5.000000	0.463198	-0.304067	-0.622329	0.307192	0.257004	0.516623	0.276854
0.000000	0.475074	-0.334745	-0.615403	0.303593	0.252415	0.522877	0.278595
