255.000000	0.000000	0.000000	0.000000	0.368601	0.088009	0.272330	0.282876
250.000000	0.034372	0.043866	-0.034372	0.373615	0.089938	0.276919	0.276849
245.000000	0.053137	0.067331	-0.053137	0.373367	0.091088	0.280508	0.273512
240.000000	0.043297	0.050156	-0.043297	0.373260	0.090192	0.275986	0.279883
235.000000	0.034735	0.036690	-0.034735	0.374664	0.090829	0.273433	0.285385
230.000000	0.069453	0.085250	-0.069453	0.372967	0.092140	0.280626	0.275444
225.000000	0.100020	0.132451	-0.100020	0.373608	0.095297	0.286966	0.265824
220.000000	0.139841	0.195988	-0.139841	0.373004	0.101209	0.297222	0.251955
215.000000	0.211012	0.371446	-0.211012	0.377560	0.125828	0.329594	0.205705
210.000000	0.216642	0.500597	-0.216642	0.371382	0.143165	0.352828	0.172124
205.000000	0.200300	0.575243	-0.200300	0.365919	0.152914	0.367022	0.156305
200.000000	0.186301	0.642809	-0.186301	0.366637	0.162590	0.377393	0.148057
195.000000	0.195180	0.501644	-0.195180	0.372708	0.142339	0.354897	0.167533
190.000000	0.169036	0.403803	-0.169036	0.380579	0.128763	0.341111	0.184137
185.000000	0.162490	0.440186	-0.162490	0.375756	0.132412	0.345712	0.175182
180.000000	0.161733	0.480673	-0.161733	0.373843	0.137188	0.353159	0.166310
175.000000	0.162062	0.499798	-0.162062	0.373495	0.139962	0.356143	0.162950
170.000000	0.156027	0.492235	-0.156027	0.375181	0.138008	0.355699	0.164339
165.000000	0.170383	0.520708	-0.170383	0.375770	0.143906	0.358489	0.161999
160.000000	0.169402	0.556291	-0.169402	0.371487	0.148721	0.365595	0.156442
155.000000	0.171410	0.520932	-0.171410	0.371569	0.143922	0.358985	0.163408
150.000000	0.176799	0.456248	-0.176799	0.377284	0.135988	0.348152	0.175547
145.000000	0.181766	0.433251	-0.181766	0.374061	0.133331	0.344046	0.180747
140.000000	0.182093	0.470353	-0.182093	0.375189	0.137696	0.350316	0.173119
135.000000	0.183990	0.433555	-0.183990	0.374243	0.132458	0.342482	0.182633
130.000000	0.179131	0.384748	-0.179131	0.377033	0.126092	0.336011	0.193178
125.000000	0.199090	0.450474	-0.199090	0.375042	0.137171	0.346571	0.182207
120.000000	0.201280	0.545349	-0.201280	0.372497	0.151738	0.361731	0.165613
115.000000	0.200377	0.579010	-0.200377	0.369843	0.156241	0.366533	0.160485
110.000000	0.207142	0.538333	-0.207142	0.369838	0.150226	0.361383	0.167243
105.000000	0.199651	0.464738	-0.199651	0.373204	0.138938	0.351159	0.180049
100.000000	0.185005	0.424419	-0.185005	0.377259	0.133273	0.343992	0.186782
95.000000	0.165565	0.364419	-0.165565	0.378556	0.123839	0.336986	0.195803
90.000000	0.153490	0.324156	-0.153490	0.375399	0.117966	0.330813	0.203875
85.000000	0.133722	0.275365	-0.133722	0.374314	0.112544	0.326233	0.214905
80.000000	0.137822	0.294091	-0.137822	0.375586	0.114595	0.330561	0.206021
75.000000	0.147835	0.336576	-0.147835	0.375700	0.119665	0.336683	0.192339
70.000000	0.145337	0.409366	-0.145337	0.379250	0.130651	0.350244	0.165306
65.000000	0.128849	0.466182	-0.128849	0.376266	0.136262	0.350420	0.144246
60.000000	0.097093	0.491369	-0.097093	0.375047	0.135751	0.345928	0.123513
55.000000	0.073924	0.450026	-0.073924	0.371075	0.127076	0.325429	0.112226
50.000000	0.059218	0.383909	-0.059218	0.364441	0.119397	0.304152	0.102908
45.000000	0.036634	0.351269	-0.036634	0.357583	0.113165	0.291431	0.091013
40.000000	0.021304	0.285178	-0.021304	0.356917	0.108113	0.283857	0.086165
35.000000	0.007415	0.159503	-0.007415	0.356500	0.099640	0.280764	0.088522
30.000000	0.011655	0.100781	-0.011655	0.354258	0.097577	0.278174	0.089139
25.000000	0.020142	0.150540	-0.020142	0.354665	0.099646	0.282530	0.071364
20.000000	0.014672	0.295878	0.014672	0.351190	0.103770	0.291477	0.050665
15.000000	0.131257	0.465919	0.131257	0.353973	0.108563	0.302745	0.039064
10.000000	0.119246	0.403970	0.119246	0.352209	0.104706	0.298418	0.038102
5.000000	0.248426	0.615799	0.248426	0.353473	0.112145	0.301635	0.036049
0.000000	0.201636	0.498065	0.201636	0.350999	0.105692	0.306468	0.031567
