0.000000	1.000000
5.000000	0.994637
10.000000	0.983853
15.000000	0.970262
20.000000	0.948674
25.000000	0.919764
30.000000	0.882259
35.000000	0.838659
40.000000	0.762773
45.000000	0.674882
50.000000	0.620080
55.000000	0.515480
60.000000	0.398286
65.000000	0.280650
70.000000	0.190781
75.000000	0.117759
80.000000	0.055353
85.000000	0.017371
90.000000	0.007769
95.000000	0.009343
100.000000	0.015477
105.000000	0.022331
110.000000	0.025526
115.000000	0.028163
120.000000	0.030478
125.000000	0.032202
130.000000	0.033163
135.000000	0.034014
140.000000	0.034883
145.000000	0.035073
150.000000	0.035472
155.000000	0.035664
160.000000	0.035826
165.000000	0.035911
170.000000	0.033937
175.000000	0.035991
180.000000	0.036014
185.000000	0.036078
190.000000	0.036029
195.000000	0.036093
200.000000	0.036008
205.000000	0.036088
210.000000	0.036054
215.000000	0.036042
220.000000	0.036180
225.000000	0.036135
230.000000	0.034488
235.000000	0.036099
240.000000	0.034594
245.000000	0.036123
250.000000	0.036132
255.000000	0.036213
