255.000000	0.000000	0.000000	0.000000	0.368256	0.089553	0.394505	0.169779
250.000000	0.014324	0.007815	-0.036463	0.366776	0.087319	0.400504	0.171296
245.000000	0.013925	0.009437	-0.037287	0.364413	0.087345	0.399149	0.170463
240.000000	0.002124	0.000413	-0.004662	0.365357	0.089114	0.397269	0.170404
235.000000	0.007774	-0.009553	0.025102	0.366893	0.092017	0.399943	0.170988
230.000000	0.016572	-0.022373	0.055516	0.369715	0.095504	0.395307	0.169613
225.000000	0.026029	-0.037186	0.089244	0.366251	0.099238	0.395156	0.169197
220.000000	0.036923	-0.046533	0.120379	0.365724	0.102919	0.394725	0.169070
215.000000	0.017389	-0.045090	0.079869	0.364771	0.099222	0.394167	0.168458
210.000000	0.012185	-0.043419	0.067789	0.365529	0.097670	0.400335	0.169481
205.000000	0.008821	-0.034064	0.016421	0.363013	0.093377	0.395098	0.167161
200.000000	0.041764	-0.012320	-0.071207	0.358982	0.087004	0.397921	0.166830
195.000000	0.069629	0.016173	-0.155430	0.358419	0.083989	0.396404	0.164991
190.000000	0.083818	0.036536	-0.204171	0.357048	0.083314	0.392268	0.164980
185.000000	0.090110	0.049106	-0.229325	0.358013	0.082970	0.392178	0.164668
180.000000	0.094355	0.054926	-0.243637	0.357139	0.083168	0.396653	0.165180
175.000000	0.098005	0.055643	-0.251654	0.361116	0.083773	0.395499	0.165314
170.000000	0.103412	0.057008	-0.263832	0.359048	0.083394	0.396206	0.165632
165.000000	0.095548	0.043169	-0.234264	0.357924	0.083579	0.397637	0.166352
160.000000	0.099029	0.040192	-0.238250	0.358372	0.083027	0.398999	0.166981
155.000000	0.102164	0.034685	-0.239012	0.357443	0.083103	0.397542	0.165376
150.000000	0.080655	0.008299	-0.169608	0.361488	0.084153	0.397548	0.166441
145.000000	0.038761	-0.023113	-0.054408	0.364570	0.088818	0.401912	0.167535
140.000000	0.022966	-0.029594	-0.016337	0.361945	0.090932	0.398473	0.166715
135.000000	0.003052	-0.028281	0.022176	0.364994	0.093383	0.396545	0.166893
130.000000	0.007113	-0.016005	0.030232	0.363474	0.092820	0.396328	0.167800
125.000000	0.027081	-0.014155	0.068317	0.368036	0.094356	0.395499	0.169590
120.000000	0.060508	-0.008162	0.129179	0.371325	0.098894	0.397867	0.170908
115.000000	0.092026	0.005979	0.178073	0.372792	0.101099	0.394613	0.167431
110.000000	0.105147	0.019237	0.191056	0.373656	0.100037	0.398677	0.166038
105.000000	0.122063	0.032504	0.211622	0.373672	0.099190	0.398089	0.162873
100.000000	0.130682	0.041025	0.220340	0.372867	0.097266	0.397170	0.157057
95.000000	0.143394	0.044295	0.242493	0.371889	0.095872	0.402428	0.151352
90.000000	0.183433	0.040283	0.326583	0.373918	0.100881	0.400753	0.142917
85.000000	0.252486	0.044917	0.460055	0.372503	0.109533	0.402771	0.134808
80.000000	0.317986	0.059423	0.576549	0.374892	0.114891	0.409794	0.130996
75.000000	0.364844	0.066953	0.662736	0.376574	0.111026	0.442295	0.132086
70.000000	0.402988	0.066424	0.739553	0.374819	0.100564	0.461645	0.133916
65.000000	0.436358	0.058789	0.813927	0.372769	0.084635	0.474209	0.129809
60.000000	0.461753	0.032024	0.891482	0.358585	0.064390	0.472218	0.123524
55.000000	0.482345	-0.023244	0.987934	0.355274	0.048525	0.457533	0.119236
50.000000	0.512219	-0.107104	1.131542	0.353009	0.038049	0.443896	0.112259
45.000000	0.534838	-0.221749	1.291425	0.348607	0.034175	0.427408	0.108199
40.000000	0.556872	-0.326853	1.440597	0.350810	0.036059	0.408247	0.105639
35.000000	0.562953	-0.430333	1.556238	0.346883	0.044016	0.414278	0.105261
30.000000	0.568242	-0.502352	1.638836	0.350039	0.054197	0.405663	0.099935
25.000000	0.565624	-0.551234	1.682482	0.352392	0.065057	0.407291	0.098523
20.000000	0.568503	-0.558258	1.695265	0.355287	0.070896	0.409780	0.098392
15.000000	0.578053	-0.562402	1.718509	0.355150	0.075206	0.402485	0.096332
10.000000	0.592868	-0.540142	1.725878	0.356726	0.073795	0.404885	0.102480
5.000000	0.609354	-0.531618	1.750327	0.359330	0.076681	0.410125	0.105164
0.000000	0.614846	-0.536310	1.766001	0.359042	0.081149	0.406624	0.105188
