0.000000	0.999459
5.000000	0.999798
10.000000	0.999252
15.000000	0.999851
20.000000	1.000000
25.000000	0.999481
30.000000	0.999926
35.000000	0.999173
40.000000	0.998622
45.000000	0.999124
50.000000	0.998802
55.000000	0.998514
60.000000	0.997182
65.000000	0.997049
70.000000	0.994921
75.000000	0.993668
80.000000	0.991620
85.000000	0.991503
90.000000	0.988279
95.000000	0.987528
100.000000	0.983142
105.000000	0.977554
110.000000	0.977040
115.000000	0.970631
120.000000	0.965243
125.000000	0.957758
130.000000	0.947933
135.000000	0.936401
140.000000	0.924077
145.000000	0.915234
150.000000	0.893874
155.000000	0.880379
160.000000	0.857583
165.000000	0.839045
170.000000	0.809883
175.000000	0.789003
180.000000	0.751092
185.000000	0.721685
190.000000	0.688239
195.000000	0.645909
200.000000	0.604448
205.000000	0.556301
210.000000	0.511407
215.000000	0.461337
220.000000	0.413665
225.000000	0.365766
230.000000	0.321062
235.000000	0.271844
240.000000	0.231434
245.000000	0.193057
250.000000	0.157849
255.000000	0.127774
