0.000000	0.885867
5.000000	0.894104
10.000000	0.906400
15.000000	0.920778
20.000000	0.941907
25.000000	0.956808
30.000000	0.976816
35.000000	0.989543
40.000000	0.996963
45.000000	1.000000
50.000000	0.985085
55.000000	0.953288
60.000000	0.906864
65.000000	0.835382
70.000000	0.753661
75.000000	0.672291
80.000000	0.618201
85.000000	0.578113
90.000000	0.554763
95.000000	0.548237
100.000000	0.549621
105.000000	0.552453
110.000000	0.555175
115.000000	0.556533
120.000000	0.556544
125.000000	0.555559
130.000000	0.556291
135.000000	0.553348
140.000000	0.553877
145.000000	0.552716
150.000000	0.554445
155.000000	0.554978
160.000000	0.555568
165.000000	0.556770
170.000000	0.556394
175.000000	0.555361
180.000000	0.554392
185.000000	0.555820
190.000000	0.554351
195.000000	0.555246
200.000000	0.554996
205.000000	0.556011
210.000000	0.552821
215.000000	0.553159
220.000000	0.554998
225.000000	0.555690
230.000000	0.555975
235.000000	0.555923
240.000000	0.556969
245.000000	0.556673
250.000000	0.556300
255.000000	0.556688
