0.000000	0.644372
5.000000	0.629502
10.000000	0.619003
15.000000	0.602720
20.000000	0.578179
25.000000	0.557362
30.000000	0.536696
35.000000	0.515115
40.000000	0.507769
45.000000	0.506728
50.000000	0.528161
55.000000	0.574109
60.000000	0.630030
65.000000	0.703190
70.000000	0.794254
75.000000	0.881332
80.000000	0.936517
85.000000	0.981926
90.000000	1.000000
95.000000	0.996618
100.000000	0.989160
105.000000	0.980136
110.000000	0.976284
115.000000	0.973721
120.000000	0.971863
125.000000	0.970514
130.000000	0.969100
135.000000	0.967983
140.000000	0.968319
145.000000	0.968336
150.000000	0.967168
155.000000	0.968162
160.000000	0.968299
165.000000	0.968713
170.000000	0.968347
175.000000	0.968040
180.000000	0.967410
185.000000	0.968094
190.000000	0.969148
195.000000	0.969765
200.000000	0.970158
205.000000	0.969471
210.000000	0.969480
215.000000	0.969082
220.000000	0.968400
225.000000	0.969411
230.000000	0.969240
235.000000	0.969948
240.000000	0.971364
245.000000	0.970125
250.000000	0.969250
255.000000	0.969690
