0.000000	0.083971
5.000000	0.089489
10.000000	0.099332
15.000000	0.116550
20.000000	0.136148
25.000000	0.162713
30.000000	0.199216
35.000000	0.243425
40.000000	0.312588
45.000000	0.375758
50.000000	0.455733
55.000000	0.553008
60.000000	0.679924
65.000000	0.746018
70.000000	0.849665
75.000000	0.924145
80.000000	0.972568
85.000000	0.996006
90.000000	1.000000
95.000000	0.998677
100.000000	0.993810
105.000000	0.989138
110.000000	0.985158
115.000000	0.982761
120.000000	0.980230
125.000000	0.978611
130.000000	0.976890
135.000000	0.976374
140.000000	0.976123
145.000000	0.974713
150.000000	0.973263
155.000000	0.974613
160.000000	0.974279
165.000000	0.973838
170.000000	0.975682
175.000000	0.973784
180.000000	0.975537
185.000000	0.975144
190.000000	0.974109
195.000000	0.971920
200.000000	0.972992
205.000000	0.973766
210.000000	0.972160
215.000000	0.971915
220.000000	0.971115
225.000000	0.970898
230.000000	0.972666
235.000000	0.972654
240.000000	0.972937
245.000000	0.973944
250.000000	0.972806
255.000000	0.972553
