255.000000	0.000000	0.000000	0.000000	0.505682	0.313480	0.417932	0.278871
250.000000	0.024428	-0.024428	0.000748	0.513204	0.320965	0.395531	0.227344
245.000000	0.084157	-0.084157	-0.045987	0.502369	0.335569	0.398580	0.187479
240.000000	0.155990	-0.155990	-0.094499	0.496313	0.330510	0.367817	0.155447
235.000000	0.223274	-0.223274	-0.183125	0.499290	0.339443	0.395314	0.146462
230.000000	0.246976	-0.246976	-0.152502	0.488258	0.337283	0.388282	0.166403
225.000000	0.297928	-0.297928	-0.332096	0.495746	0.328815	0.385088	0.133565
220.000000	0.327775	-0.327775	-0.420690	0.488285	0.310171	0.395163	0.136407
215.000000	0.299537	-0.299537	-0.377316	0.476386	0.313564	0.387645	0.140906
210.000000	0.280355	-0.280355	-0.329791	0.462678	0.302699	0.405493	0.164142
205.000000	0.270960	-0.270960	-0.336634	0.450478	0.305015	0.390615	0.159398
200.000000	0.278510	-0.278510	-0.350664	0.447519	0.292344	0.405406	0.168661
195.000000	0.268801	-0.268801	-0.360099	0.446303	0.300049	0.394266	0.161851
190.000000	0.267007	-0.267007	-0.365419	0.445707	0.290510	0.404779	0.172338
185.000000	0.258235	-0.258235	-0.357193	0.430625	0.288229	0.394963	0.170029
180.000000	0.249131	-0.249131	-0.322190	0.427500	0.290868	0.410822	0.186076
175.000000	0.248686	-0.248686	-0.340610	0.426320	0.289117	0.399813	0.178178
170.000000	0.251931	-0.251931	-0.425358	0.429584	0.277048	0.399030	0.169683
165.000000	0.246089	-0.246089	-0.464084	0.427255	0.269642	0.390776	0.163811
160.000000	0.232320	-0.232320	-0.435608	0.446079	0.293536	0.391722	0.166601
155.000000	0.223399	-0.223399	-0.421420	0.418151	0.263845	0.406984	0.181081
150.000000	0.211428	-0.211428	-0.351947	0.424015	0.283901	0.406149	0.190000
145.000000	0.214421	-0.214421	-0.272746	0.415746	0.284376	0.403911	0.210119
140.000000	0.211250	-0.211250	-0.242757	0.398423	0.279220	0.409419	0.218137
135.000000	0.216615	-0.216615	-0.250461	0.414473	0.288179	0.407389	0.215811
130.000000	0.224804	-0.224804	-0.223169	0.400899	0.275874	0.403696	0.223242
125.000000	0.220130	-0.220130	-0.199056	0.403565	0.286322	0.401236	0.230806
120.000000	0.226055	-0.226055	-0.186617	0.397335	0.277512	0.396741	0.233397
115.000000	0.215225	-0.215225	-0.207630	0.394391	0.279723	0.400282	0.227129
110.000000	0.210285	-0.210285	-0.304466	0.414076	0.274416	0.408083	0.209281
105.000000	0.204672	-0.204672	-0.284984	0.413434	0.282543	0.412536	0.213101
100.000000	0.206866	-0.206866	-0.286908	0.416516	0.278567	0.405221	0.212711
95.000000	0.197661	-0.197661	-0.330276	0.416210	0.276172	0.404920	0.204101
90.000000	0.196477	-0.196477	-0.371841	0.413822	0.267239	0.417576	0.199956
85.000000	0.194183	-0.194183	-0.346283	0.426657	0.282943	0.408897	0.203062
80.000000	0.193700	-0.193700	-0.345395	0.412055	0.273294	0.414628	0.204768
75.000000	0.189808	-0.189808	-0.362636	0.419282	0.277221	0.415838	0.200775
70.000000	0.191227	-0.191227	-0.375600	0.417833	0.270037	0.415031	0.200425
65.000000	0.186622	-0.186622	-0.512775	0.423951	0.264373	0.398568	0.173845
60.000000	0.184038	-0.184038	-0.475018	0.424028	0.260389	0.406352	0.183714
55.000000	0.187634	-0.187634	-0.409819	0.426806	0.276693	0.415473	0.191170
50.000000	0.192336	-0.192336	-0.376101	0.416522	0.267872	0.419680	0.200473
45.000000	0.192117	-0.192117	-0.329247	0.420807	0.280383	0.417119	0.203347
40.000000	0.195710	-0.195710	-0.274460	0.406632	0.272118	0.406005	0.218097
35.000000	0.195859	-0.195859	-0.266313	0.407322	0.275624	0.408426	0.219372
30.000000	0.193933	-0.193933	-0.286740	0.412636	0.282159	0.410882	0.213854
25.000000	0.199281	-0.199281	-0.286012	0.413580	0.276410	0.406537	0.215363
20.000000	0.195393	-0.195393	-0.270355	0.412673	0.282191	0.407600	0.218396
15.000000	0.205740	-0.205740	-0.235745	0.411911	0.280132	0.399985	0.225364
10.000000	0.200878	-0.200878	-0.236428	0.397485	0.278064	0.405428	0.225017
5.000000	0.199563	-0.199563	-0.265431	0.412048	0.281871	0.403003	0.218815
0.000000	0.201779	-0.201779	-0.235807	0.401260	0.278043	0.402551	0.225402
