255.000000	0.000000	0.000000	0.000000	0.460777	0.138437	0.376237	0.046623
250.000000	0.025198	0.029535	-0.025198	0.457523	0.131153	0.380021	0.036002
245.000000	0.049621	0.061259	-0.049621	0.451742	0.125274	0.376877	0.026800
240.000000	0.066073	0.107172	-0.066073	0.450213	0.120386	0.378893	0.016617
235.000000	0.156363	0.417516	0.156363	0.440899	0.114201	0.379229	0.002688
230.000000	0.729810	1.040981	0.729810	0.443367	0.112494	0.381217	0.008211
225.000000	0.752358	1.069497	0.752358	0.441413	0.112403	0.382874	0.011371
220.000000	0.757172	1.078458	0.757172	0.438790	0.111319	0.379038	0.012624
215.000000	0.752104	1.074964	0.752104	0.440091	0.111606	0.381449	0.011908
210.000000	0.745838	1.125221	0.745838	0.444196	0.110170	0.383258	0.019323
205.000000	0.727667	1.155932	0.727667	0.444447	0.107817	0.382703	0.024946
200.000000	0.717356	1.173197	0.717356	0.444936	0.106950	0.385808	0.028346
195.000000	0.720347	1.170464	0.720347	0.442780	0.106235	0.384073	0.027113
190.000000	0.740452	1.143110	0.740452	0.443844	0.108333	0.382459	0.020660
185.000000	0.747839	1.118027	0.747839	0.442121	0.108845	0.381893	0.016417
180.000000	0.754775	1.082337	0.754775	0.441437	0.110297	0.381952	0.011294
175.000000	0.753384	1.050408	0.753384	0.440176	0.112432	0.382095	0.008154
170.000000	0.767403	1.070248	0.767403	0.438735	0.111361	0.380988	0.010947
165.000000	0.770143	1.076673	0.770143	0.438073	0.111576	0.380226	0.012938
160.000000	0.582245	0.807351	0.582245	0.441158	0.116133	0.380276	0.002468
155.000000	0.032359	0.224262	0.032359	0.441777	0.117797	0.378636	0.004376
150.000000	0.035085	0.122160	-0.035085	0.445496	0.120027	0.376629	0.010320
145.000000	0.047162	0.089278	-0.047162	0.443921	0.121939	0.379197	0.014406
140.000000	0.050305	0.086109	-0.050305	0.444562	0.123065	0.376897	0.016112
135.000000	0.048290	0.078735	-0.048290	0.444676	0.123395	0.376413	0.018858
130.000000	0.044800	0.065977	-0.044800	0.449437	0.125882	0.378065	0.022421
125.000000	0.047406	0.063586	-0.047406	0.449662	0.126474	0.377594	0.023229
120.000000	0.047190	0.069317	-0.047190	0.446672	0.125022	0.375287	0.023222
115.000000	0.055602	0.072274	-0.055602	0.448525	0.124457	0.375831	0.022191
110.000000	0.057971	0.079828	-0.057971	0.448503	0.123901	0.375429	0.022449
105.000000	0.059586	0.085026	-0.059586	0.446630	0.123698	0.372452	0.023181
100.000000	0.053402	0.069862	-0.053402	0.449567	0.127600	0.372074	0.030796
95.000000	0.053527	0.073892	-0.053527	0.451547	0.128598	0.370128	0.034716
90.000000	0.049732	0.067075	-0.049732	0.469212	0.136715	0.371413	0.042567
85.000000	0.044076	0.078943	-0.044076	0.464587	0.136139	0.372958	0.048859
80.000000	0.047162	0.101865	-0.047162	0.466239	0.135097	0.377103	0.050246
75.000000	0.033891	0.124278	-0.033891	0.467547	0.136762	0.376998	0.055968
70.000000	0.017620	0.167758	-0.017620	0.468984	0.134789	0.382829	0.053680
65.000000	0.015744	0.207470	0.015744	0.468158	0.134133	0.382753	0.054879
60.000000	0.052628	0.306699	0.052628	0.466184	0.127002	0.381090	0.047819
55.000000	0.097857	0.391798	0.097857	0.467713	0.120650	0.390740	0.045724
50.000000	0.137733	0.436312	0.137733	0.469833	0.117556	0.402829	0.048363
45.000000	0.181366	0.497719	0.181366	0.464188	0.111410	0.408413	0.049099
40.000000	0.221430	0.554842	0.221430	0.462462	0.107819	0.407070	0.049330
35.000000	0.264575	0.638098	0.264575	0.459106	0.102095	0.403946	0.049191
30.000000	0.307784	0.719547	0.307784	0.457225	0.097923	0.397700	0.049594
25.000000	0.340321	0.774605	0.340321	0.450352	0.095016	0.388885	0.050461
20.000000	0.371395	0.849349	0.371395	0.455886	0.092338	0.381325	0.052958
15.000000	0.390054	0.897509	0.390054	0.448750	0.089532	0.373932	0.054522
10.000000	0.407638	0.893288	0.407638	0.449370	0.089447	0.368058	0.053835
5.000000	0.415924	0.887504	0.415924	0.447475	0.089521	0.359949	0.053147
0.000000	0.428762	0.879008	0.428762	0.446003	0.087639	0.360764	0.052013
