255.000000	0.000000	0.000000	0.000000	0.373672	0.195758	0.406034	0.219217
250.000000	0.000890	0.000890	0.007213	0.377249	0.199003	0.412199	0.229971
245.000000	0.008716	0.008716	0.017199	0.376032	0.199183	0.410255	0.230672
240.000000	0.005750	0.005750	0.030228	0.394746	0.209817	0.409827	0.239295
235.000000	0.030323	0.030323	0.049095	0.393365	0.204511	0.397828	0.242807
230.000000	0.036920	0.036920	0.076113	0.392069	0.208977	0.385237	0.241655
225.000000	0.055457	0.055457	0.108109	0.394647	0.208713	0.385284	0.246455
220.000000	0.070899	0.070899	0.141734	0.399648	0.211082	0.390740	0.250133
215.000000	0.109526	0.109526	0.176640	0.399839	0.212691	0.395511	0.252452
210.000000	0.143888	0.143888	0.207882	0.408284	0.214193	0.393908	0.255584
205.000000	0.179223	0.179223	0.238320	0.407426	0.212038	0.389012	0.249578
200.000000	0.197067	0.197067	0.258280	0.403929	0.214182	0.407484	0.250369
195.000000	0.227831	0.227831	0.284000	0.405804	0.211335	0.398865	0.247172
190.000000	0.246014	0.246014	0.296999	0.408036	0.213980	0.403489	0.241905
185.000000	0.267652	0.267652	0.310881	0.412653	0.209014	0.407958	0.239952
180.000000	0.273088	0.273088	0.319987	0.408852	0.210227	0.407387	0.237235
175.000000	0.285046	0.285046	0.324747	0.418526	0.210814	0.410398	0.233512
170.000000	0.037585	0.037585	-1.298093	0.400515	0.117464	0.385671	0.234759
165.000000	0.286529	0.286529	0.337998	0.409445	0.206957	0.404662	0.226134
160.000000	0.260547	0.260547	0.344475	0.412766	0.208781	0.413463	0.229108
155.000000	0.242678	0.242678	0.349223	0.414796	0.215392	0.402559	0.219427
150.000000	0.224587	0.224587	0.353697	0.412820	0.212695	0.402594	0.220984
145.000000	0.207835	0.207835	0.352646	0.416321	0.212228	0.406191	0.219802
140.000000	0.215499	0.215499	0.352661	0.410444	0.213150	0.398154	0.211332
135.000000	0.215690	0.215690	0.354524	0.414961	0.212150	0.410112	0.215194
130.000000	0.217671	0.217671	0.355162	0.422750	0.211913	0.402959	0.214794
125.000000	0.237844	0.237844	0.354592	0.408208	0.205411	0.405556	0.213716
120.000000	0.245968	0.245968	0.352766	0.410425	0.208029	0.406302	0.211495
115.000000	0.253198	0.253198	0.351747	0.412923	0.204845	0.407506	0.212563
110.000000	0.232638	0.232638	0.349585	0.407580	0.205653	0.398507	0.207113
105.000000	0.187954	0.187954	0.351298	0.407960	0.205706	0.403472	0.209470
100.000000	0.168474	0.168474	0.347645	0.409762	0.213192	0.392703	0.202638
95.000000	0.159374	0.159374	0.342862	0.396749	0.206913	0.394250	0.200880
90.000000	0.166717	0.166717	0.337189	0.400312	0.204793	0.400999	0.204184
85.000000	0.176855	0.176855	0.331785	0.404018	0.209484	0.388723	0.198644
80.000000	0.159203	0.159203	0.329828	0.402123	0.207446	0.397610	0.204248
75.000000	0.128161	0.128161	0.328198	0.395001	0.210030	0.387144	0.196930
70.000000	0.110932	0.110932	0.327664	0.400024	0.214698	0.391148	0.199272
65.000000	0.106076	0.106076	0.326451	0.398157	0.211083	0.388540	0.197633
60.000000	0.105147	0.105147	0.323789	0.394531	0.210090	0.381399	0.195415
55.000000	0.111417	0.111417	0.323431	0.392204	0.209603	0.389658	0.200083
50.000000	0.118181	0.118181	0.323127	0.398879	0.213138	0.385711	0.196663
45.000000	0.104449	0.104449	0.321182	0.398614	0.211969	0.383642	0.196097
40.000000	0.089061	0.089061	0.320047	0.407076	0.216634	0.387294	0.198477
35.000000	0.095102	0.095102	0.319019	0.399848	0.213655	0.380821	0.192799
30.000000	0.077840	0.077840	0.317961	0.400505	0.214538	0.385507	0.197335
25.000000	0.083398	0.083398	0.315853	0.396685	0.215877	0.384351	0.193930
20.000000	0.083059	0.083059	0.313065	0.393433	0.212625	0.382819	0.193759
15.000000	0.060668	0.060668	0.311986	0.406643	0.216471	0.381316	0.193512
10.000000	0.053139	0.053139	0.310329	0.401279	0.214808	0.378639	0.189155
5.000000	0.043117	0.043117	0.308512	0.401167	0.215624	0.380608	0.192172
0.000000	0.048084	0.048084	0.307284	0.397553	0.215687	0.379780	0.190898
