255.000000	0.000000	0.000000	0.000000	0.367607	0.136605	0.444814	0.209514
250.000000	0.014146	0.005212	-0.033504	0.366587	0.137420	0.448924	0.210779
245.000000	0.026909	0.014626	-0.068443	0.364400	0.137695	0.451706	0.212769
240.000000	0.028527	0.022502	-0.079557	0.369314	0.138096	0.451382	0.210361
235.000000	0.051775	0.036813	-0.140364	0.370318	0.139817	0.456358	0.212901
230.000000	0.043921	0.038581	-0.126424	0.369698	0.139342	0.453535	0.212629
225.000000	0.045650	0.042391	-0.133690	0.372101	0.139678	0.454731	0.213580
220.000000	0.057703	0.056219	-0.171624	0.373149	0.141865	0.456470	0.213723
215.000000	0.053534	0.058590	-0.165658	0.375756	0.141635	0.455410	0.213268
210.000000	0.038422	0.052466	-0.129310	0.371930	0.139561	0.453855	0.212427
205.000000	0.038443	0.057684	-0.134570	0.373800	0.140896	0.453497	0.212428
200.000000	0.028592	0.054048	-0.111232	0.369575	0.138984	0.450377	0.211768
195.000000	0.003352	0.038341	-0.031637	0.369151	0.136479	0.448564	0.211851
190.000000	0.027716	0.020606	0.034825	0.372358	0.135353	0.442362	0.211703
185.000000	0.062289	0.002745	0.121833	0.372623	0.140285	0.439414	0.212064
180.000000	0.098503	-0.011163	0.208168	0.368676	0.143351	0.431290	0.211794
175.000000	0.125887	-0.016029	0.267802	0.372006	0.149261	0.426077	0.206474
170.000000	0.125354	-0.010285	0.260994	0.367987	0.148748	0.426327	0.207665
165.000000	0.144810	-0.011491	0.301111	0.370065	0.152387	0.418632	0.203888
160.000000	0.163686	-0.011532	0.338903	0.373311	0.156738	0.412979	0.200467
155.000000	0.171257	-0.008888	0.351401	0.371500	0.157191	0.413120	0.199766
150.000000	0.159420	-0.009139	0.327979	0.368597	0.153373	0.413564	0.200113
145.000000	0.157846	-0.010540	0.326233	0.371509	0.155361	0.414327	0.201482
140.000000	0.163240	-0.013594	0.340073	0.371735	0.155839	0.414167	0.200186
135.000000	0.155773	-0.012582	0.324127	0.369755	0.154624	0.414665	0.200221
130.000000	0.136818	-0.004539	0.278175	0.368856	0.148525	0.420598	0.204122
125.000000	0.112868	0.009065	0.216670	0.368187	0.142683	0.429091	0.207025
120.000000	0.098801	0.017247	0.180354	0.368403	0.139152	0.432501	0.207668
115.000000	0.097077	0.016666	0.177488	0.366017	0.139229	0.436020	0.208366
110.000000	0.110451	0.013525	0.207377	0.367154	0.141742	0.429859	0.204130
105.000000	0.133032	0.009667	0.256397	0.363456	0.144555	0.423734	0.197077
100.000000	0.155076	0.009345	0.300806	0.360714	0.148656	0.416457	0.190240
95.000000	0.159291	0.010727	0.307855	0.359205	0.149212	0.417857	0.184581
90.000000	0.170584	0.011021	0.330148	0.349630	0.146858	0.416793	0.176504
85.000000	0.231469	0.012340	0.450598	0.353623	0.156876	0.405108	0.159840
80.000000	0.346386	0.052126	0.640645	0.358582	0.171263	0.418749	0.152270
75.000000	0.424324	0.102891	0.745756	0.359158	0.166330	0.467895	0.164803
70.000000	0.462952	0.133165	0.792739	0.353713	0.148584	0.518918	0.177156
65.000000	0.512144	0.160705	0.863582	0.350772	0.134334	0.551461	0.187387
60.000000	0.528135	0.182590	0.873681	0.346685	0.110217	0.576237	0.189993
55.000000	0.485308	0.214725	0.755891	0.334797	0.072858	0.594791	0.183084
50.000000	0.467007	0.273747	0.660266	0.337659	0.050593	0.591106	0.181962
45.000000	0.481007	0.439253	0.522762	0.346617	0.031785	0.580254	0.178494
40.000000	0.476463	0.750766	0.202161	0.350216	0.036751	0.561901	0.174987
35.000000	0.485677	0.881869	0.089484	0.351524	0.052963	0.539329	0.174154
30.000000	0.499825	0.952247	0.047403	0.358623	0.069685	0.517502	0.170015
25.000000	0.521038	0.996575	0.045502	0.360415	0.077899	0.496386	0.168584
20.000000	0.550531	1.031952	0.069110	0.363841	0.079360	0.473000	0.170155
15.000000	0.643439	1.104759	0.182118	0.360276	0.045499	0.439680	0.183230
10.000000	0.678793	1.135170	0.222416	0.360749	0.030688	0.418964	0.186241
5.000000	0.701377	1.140176	0.262579	0.362938	0.021204	0.408630	0.188002
0.000000	0.700199	1.171597	0.228801	0.361519	0.035637	0.404230	0.186584
