255.000000	0.000000	0.000000	0.000000	0.402138	0.171134	0.436274	0.107815
250.000000	0.004256	-0.051229	-0.004256	0.400196	0.173412	0.434423	0.104205
245.000000	0.008932	-0.093127	-0.008932	0.406910	0.176574	0.434490	0.101055
240.000000	0.008018	0.082372	0.008018	0.410091	0.168301	0.436272	0.114888
235.000000	0.004461	0.164428	0.004461	0.407680	0.165970	0.438639	0.120403
230.000000	0.010437	0.084643	0.010437	0.409902	0.169789	0.435528	0.115076
225.000000	0.012076	0.120063	0.012076	0.408317	0.168747	0.436377	0.117615
220.000000	0.019732	-0.011145	0.019732	0.401118	0.172143	0.433661	0.108980
215.000000	0.023470	-0.028937	0.023470	0.401780	0.173885	0.435351	0.107925
210.000000	0.029069	-0.021083	0.029069	0.401948	0.173645	0.432765	0.108757
205.000000	0.015964	0.101202	0.015964	0.404691	0.167346	0.433000	0.116530
200.000000	0.021390	0.176659	0.021390	0.415852	0.163999	0.439198	0.123713
195.000000	0.030278	0.056199	0.030278	0.407474	0.166296	0.437342	0.114963
190.000000	0.013023	-0.021765	0.013023	0.406260	0.166077	0.440610	0.108494
185.000000	0.000984	0.062049	-0.000984	0.406269	0.169269	0.435407	0.112485
180.000000	0.013652	0.211783	-0.013652	0.414429	0.167766	0.438960	0.120743
175.000000	0.028137	0.326829	-0.028137	0.415607	0.163988	0.442883	0.129205
170.000000	0.063910	0.472681	-0.063910	0.401278	0.159535	0.451773	0.138007
165.000000	0.074974	0.606135	-0.074974	0.398046	0.152785	0.454812	0.141729
160.000000	0.077907	0.542806	-0.077907	0.397697	0.155925	0.448382	0.138423
155.000000	0.062510	0.514916	-0.062510	0.402567	0.158841	0.448636	0.137302
150.000000	0.038275	0.409696	-0.038275	0.411567	0.164042	0.440458	0.131870
145.000000	0.023356	0.230427	-0.023356	0.410793	0.166222	0.438074	0.121914
140.000000	0.032730	0.342348	-0.032730	0.412651	0.163038	0.438094	0.128926
135.000000	0.057631	0.558780	-0.057631	0.404213	0.156849	0.455945	0.139902
130.000000	0.061888	0.713844	-0.061888	0.396767	0.149752	0.460484	0.144235
125.000000	0.043614	0.738535	-0.043614	0.399913	0.150218	0.457102	0.142763
120.000000	0.033517	0.702641	-0.033517	0.408059	0.151864	0.454817	0.140133
115.000000	0.019636	0.541117	-0.019636	0.420248	0.161378	0.446018	0.133610
110.000000	0.006986	0.341630	0.006986	0.416645	0.164104	0.435119	0.125539
105.000000	0.019638	0.211378	0.019638	0.413147	0.167395	0.432016	0.119276
100.000000	0.035372	0.101695	0.035372	0.404902	0.169219	0.433550	0.113542
95.000000	0.048823	0.049000	0.048823	0.397187	0.170253	0.432732	0.109838
90.000000	0.063199	0.022363	0.063199	0.391385	0.168684	0.438133	0.106651
85.000000	0.056706	0.056206	0.056706	0.392482	0.165666	0.445556	0.106248
80.000000	0.060057	-0.219803	0.060057	0.390730	0.169591	0.451376	0.088703
75.000000	0.017942	-0.713520	0.017942	0.401955	0.172490	0.460229	0.076062
70.000000	0.104595	-0.277922	0.104595	0.409925	0.175390	0.455971	0.082921
65.000000	0.056631	0.042804	0.056631	0.405954	0.167217	0.464174	0.094742
60.000000	0.029271	-0.010650	0.029271	0.410986	0.165588	0.472047	0.088594
55.000000	0.001833	0.006298	0.001833	0.408288	0.164877	0.487647	0.089195
50.000000	0.023142	0.096607	-0.023142	0.399361	0.163066	0.501245	0.095240
45.000000	0.047611	0.180126	-0.047611	0.395498	0.158736	0.506280	0.101074
40.000000	0.052915	0.192612	-0.052915	0.403695	0.159721	0.506761	0.102502
35.000000	0.049056	0.149543	-0.049056	0.400629	0.162928	0.500075	0.101039
30.000000	0.067282	0.218388	-0.067282	0.402369	0.162096	0.489745	0.104083
25.000000	0.073978	0.238508	-0.073978	0.404249	0.162427	0.479444	0.103997
20.000000	0.094373	0.287033	-0.094373	0.402817	0.162378	0.471935	0.105118
15.000000	0.106765	0.267291	-0.106765	0.401342	0.163790	0.467952	0.104491
10.000000	0.121610	0.320172	-0.121610	0.406965	0.164554	0.457307	0.106972
5.000000	0.131230	0.342981	-0.131230	0.412317	0.163448	0.458785	0.108460
0.000000	0.137008	0.358167	-0.137008	0.410998	0.162831	0.462064	0.108833
