255.000000	0.000000	0.000000	0.000000	0.411424	0.150388	0.380781	0.112326
250.000000	0.037989	0.036045	0.037989	0.412499	0.149853	0.383122	0.119445
245.000000	0.060581	0.067717	0.060581	0.400029	0.144922	0.400681	0.128618
240.000000	0.085373	0.113218	0.085373	0.397074	0.142772	0.407588	0.140036
235.000000	0.117091	0.162931	0.117091	0.390404	0.140286	0.406806	0.147756
230.000000	0.154870	0.208483	0.154870	0.384680	0.134823	0.386118	0.139637
225.000000	0.193024	0.268934	0.193024	0.372580	0.132561	0.390137	0.151244
220.000000	0.231843	0.318947	0.231843	0.370304	0.129535	0.385522	0.152337
215.000000	0.267564	0.375998	0.267564	0.377032	0.126426	0.371007	0.145107
210.000000	0.277345	0.431981	0.277345	0.372569	0.122695	0.388417	0.154616
205.000000	0.291051	0.489128	0.291051	0.372762	0.122382	0.375317	0.150113
200.000000	0.305796	0.544611	0.305796	0.371356	0.121639	0.376211	0.154976
195.000000	0.268447	0.590596	0.268447	0.379867	0.124675	0.369904	0.151806
190.000000	0.250941	0.629278	0.250941	0.384038	0.126600	0.355079	0.141870
185.000000	0.315227	0.700340	0.315227	0.383252	0.123952	0.381439	0.161223
180.000000	0.323523	0.743172	0.323523	0.384087	0.124680	0.365403	0.150825
175.000000	0.371817	0.802352	0.371817	0.386256	0.124957	0.379336	0.164500
170.000000	0.390959	0.845134	0.390959	0.368265	0.119946	0.381550	0.163256
165.000000	0.420899	0.890722	0.420899	0.383667	0.123395	0.378193	0.164464
160.000000	0.206568	2.647358	0.206568	0.378769	0.164319	0.311428	0.106895
155.000000	0.441858	0.949790	0.441858	0.370075	0.120908	0.379863	0.162431
150.000000	0.497296	0.984875	0.497296	0.367651	0.116993	0.378042	0.162623
145.000000	0.519819	1.034647	0.519819	0.370491	0.116160	0.381855	0.162605
140.000000	0.524385	1.039900	0.524385	0.371625	0.118739	0.381566	0.163148
135.000000	0.514275	1.067772	0.514275	0.373379	0.120477	0.385211	0.160846
130.000000	0.532214	1.082187	0.532214	0.375954	0.122325	0.379803	0.159465
125.000000	0.538084	1.101464	0.538084	0.363858	0.118343	0.380093	0.158486
120.000000	0.568325	1.115316	0.568325	0.357698	0.114778	0.381838	0.158786
115.000000	0.554369	1.130895	0.554369	0.365366	0.116750	0.386298	0.159992
110.000000	0.595085	1.134199	0.595085	0.358720	0.112066	0.382326	0.156720
105.000000	0.647887	1.174352	0.647887	0.359492	0.098326	0.376792	0.152130
100.000000	0.685891	1.218268	0.685891	0.366627	0.089677	0.371002	0.147214
95.000000	0.609650	1.186052	0.609650	0.361610	0.112877	0.375663	0.151798
90.000000	0.633158	1.208591	0.633158	0.357814	0.109485	0.370331	0.147500
85.000000	0.662956	1.241726	0.662956	0.367310	0.104230	0.372112	0.146213
80.000000	0.621999	1.225672	0.621999	0.367949	0.113201	0.371624	0.146108
75.000000	0.614054	1.213632	0.614054	0.362701	0.117061	0.380744	0.149387
70.000000	0.595518	1.230679	0.595518	0.366772	0.120025	0.376260	0.147153
65.000000	0.596768	1.218535	0.596768	0.366565	0.120542	0.381239	0.147394
60.000000	0.555767	1.212672	0.555767	0.376653	0.128103	0.380171	0.146648
55.000000	0.533480	1.210234	0.533480	0.379936	0.131262	0.375498	0.145150
50.000000	0.532136	1.201798	0.532136	0.384336	0.133957	0.382061	0.146174
45.000000	0.498724	1.202457	0.498724	0.388831	0.136522	0.386634	0.146659
40.000000	0.528030	1.214492	0.528030	0.387698	0.132671	0.380776	0.143956
35.000000	0.563237	1.221725	0.563237	0.375067	0.127956	0.380649	0.144789
30.000000	0.541813	1.232233	0.541813	0.383237	0.131211	0.380510	0.144150
25.000000	0.509272	1.213725	0.509272	0.394429	0.138040	0.384926	0.143078
20.000000	0.487036	1.211156	0.487036	0.390554	0.139994	0.394623	0.143550
15.000000	0.455520	1.198951	0.455520	0.408891	0.146365	0.390465	0.142214
10.000000	0.459379	1.205148	0.459379	0.397390	0.145159	0.393388	0.142850
5.000000	0.476833	1.217955	0.476833	0.395404	0.142524	0.385924	0.141309
0.000000	0.508497	1.221801	0.508497	0.392597	0.139336	0.388405	0.142858
