0.000000	0.431715
5.000000	0.431621
10.000000	0.431706
15.000000	0.431895
20.000000	0.431566
25.000000	0.431741
30.000000	0.431778
35.000000	0.431231
40.000000	0.431287
45.000000	0.431533
50.000000	0.431195
55.000000	0.431192
60.000000	0.431413
65.000000	0.431217
70.000000	0.431854
75.000000	0.433336
80.000000	0.434840
85.000000	0.436856
90.000000	0.439339
95.000000	0.440787
100.000000	0.443999
105.000000	0.447584
110.000000	0.451652
115.000000	0.455239
120.000000	0.460622
125.000000	0.465477
130.000000	0.471741
135.000000	0.478093
140.000000	0.486468
145.000000	0.494768
150.000000	0.503773
155.000000	0.517045
160.000000	0.528293
165.000000	0.543580
170.000000	0.558641
175.000000	0.578750
180.000000	0.599536
185.000000	0.622403
190.000000	0.645900
195.000000	0.673736
200.000000	0.705842
205.000000	0.734120
210.000000	0.775901
215.000000	0.812231
220.000000	0.851580
225.000000	0.884439
230.000000	0.925136
235.000000	0.952895
240.000000	0.983783
245.000000	0.995666
250.000000	1.000000
255.000000	0.999407
