0.000000	1.000000
5.000000	0.995641
10.000000	0.991563
15.000000	0.982690
20.000000	0.977359
25.000000	0.971406
30.000000	0.962850
35.000000	0.955039
40.000000	0.947951
45.000000	0.936427
50.000000	0.926216
55.000000	0.919429
60.000000	0.906572
65.000000	0.896772
70.000000	0.882475
75.000000	0.868017
80.000000	0.850488
85.000000	0.836942
90.000000	0.821826
95.000000	0.800609
100.000000	0.784513
105.000000	0.765880
110.000000	0.746155
115.000000	0.724234
120.000000	0.698604
125.000000	0.680037
130.000000	0.652472
135.000000	0.624421
140.000000	0.600776
145.000000	0.573107
150.000000	0.544463
155.000000	0.524161
160.000000	0.495583
165.000000	0.479587
170.000000	0.449659
175.000000	0.439329
180.000000	0.421907
185.000000	0.409297
190.000000	0.397971
195.000000	0.401359
200.000000	0.404017
205.000000	0.415161
210.000000	0.430204
215.000000	0.456546
220.000000	0.484524
225.000000	0.523111
230.000000	0.563451
235.000000	0.606213
240.000000	0.661541
245.000000	0.711286
250.000000	0.765452
255.000000	0.813432
