0.000000	0.990018
5.000000	0.990276
10.000000	0.990581
15.000000	0.990489
20.000000	0.990603
25.000000	0.990566
30.000000	0.990425
35.000000	0.990754
40.000000	0.990997
45.000000	0.990972
50.000000	0.991254
55.000000	0.991057
60.000000	0.991140
65.000000	0.991495
70.000000	0.991464
75.000000	0.992206
80.000000	0.992577
85.000000	0.992899
90.000000	0.993091
95.000000	0.993530
100.000000	0.994167
105.000000	0.994591
110.000000	0.995113
115.000000	0.995960
120.000000	0.996120
125.000000	0.996770
130.000000	0.997746
135.000000	0.997967
140.000000	0.998397
145.000000	0.998669
150.000000	1.000000
155.000000	0.999173
160.000000	0.998548
165.000000	0.999254
170.000000	0.996299
175.000000	0.994322
180.000000	0.990334
185.000000	0.987593
190.000000	0.979484
195.000000	0.968914
200.000000	0.959053
205.000000	0.947475
210.000000	0.916276
215.000000	0.894573
220.000000	0.859391
225.000000	0.827354
230.000000	0.777374
235.000000	0.721923
240.000000	0.651488
245.000000	0.587645
250.000000	0.512885
255.000000	0.429995
