255.000000	0.000000	0.000000	0.000000	0.338080	0.239485	0.419911	0.088301
250.000000	0.024156	0.053386	0.024156	0.343036	0.234527	0.417830	0.089950
245.000000	0.059919	0.144780	0.059919	0.341152	0.224685	0.419093	0.095957
240.000000	0.086610	0.223852	0.086610	0.345272	0.216907	0.420143	0.102750
235.000000	0.104517	0.283794	0.104517	0.345506	0.208668	0.418925	0.109317
230.000000	0.122384	0.331625	0.122384	0.339063	0.201595	0.421686	0.116306
225.000000	0.138525	0.369736	0.138525	0.337986	0.197292	0.427685	0.124450
220.000000	0.147836	0.380214	0.147836	0.335350	0.195972	0.427977	0.128774
215.000000	0.153604	0.378930	0.153604	0.336378	0.197757	0.432997	0.130309
210.000000	0.159574	0.397699	0.159574	0.334511	0.193974	0.429499	0.133117
205.000000	0.163096	0.404707	0.163096	0.332754	0.192929	0.431162	0.135961
200.000000	0.163318	0.404857	0.163318	0.335633	0.193553	0.428865	0.135618
195.000000	0.160989	0.389637	0.160989	0.335296	0.195044	0.427819	0.132276
190.000000	0.155518	0.354485	0.155518	0.336909	0.204373	0.424397	0.126077
185.000000	0.147178	0.328212	0.147178	0.340242	0.207583	0.424407	0.120769
180.000000	0.137744	0.319250	0.137744	0.339852	0.208736	0.423706	0.119017
175.000000	0.126402	0.309393	0.126402	0.343802	0.208469	0.424526	0.115712
170.000000	0.112015	0.274988	0.112015	0.345348	0.213565	0.425111	0.111002
165.000000	0.107014	0.275511	0.107014	0.346602	0.212135	0.424678	0.109774
160.000000	0.109027	0.299404	0.109027	0.344810	0.206168	0.424623	0.112043
155.000000	0.114284	0.338160	0.114284	0.337766	0.197252	0.429522	0.117599
150.000000	0.119976	0.380688	0.119976	0.335985	0.189540	0.430233	0.124078
145.000000	0.125260	0.445697	0.125260	0.333633	0.176070	0.433355	0.133993
140.000000	0.127757	0.490715	0.127757	0.329774	0.167136	0.435847	0.142783
135.000000	0.131297	0.515539	0.131297	0.332397	0.163370	0.441530	0.148966
130.000000	0.133494	0.541514	0.133494	0.330186	0.157910	0.444797	0.154921
125.000000	0.133006	0.571932	0.133006	0.332254	0.154993	0.436233	0.159458
120.000000	0.130599	0.598842	0.130599	0.331726	0.150986	0.430308	0.161719
115.000000	0.126463	0.615679	0.126463	0.331092	0.147863	0.425353	0.163708
110.000000	0.126481	0.614310	0.126481	0.329364	0.147604	0.427836	0.164840
105.000000	0.134141	0.595152	0.134141	0.329940	0.152273	0.427870	0.165613
100.000000	0.144668	0.562302	0.144668	0.329771	0.159255	0.424505	0.162998
95.000000	0.154393	0.535895	0.154393	0.326555	0.165990	0.425283	0.164857
90.000000	0.164664	0.534653	0.164664	0.326882	0.169132	0.417107	0.168587
85.000000	0.179546	0.543810	0.179546	0.327900	0.169546	0.401910	0.174235
80.000000	0.201688	0.547498	0.201688	0.327339	0.174265	0.391805	0.179988
75.000000	0.229464	0.560246	0.229464	0.326935	0.179184	0.394376	0.179869
70.000000	0.256181	0.604061	0.256181	0.327347	0.177428	0.397536	0.182947
65.000000	0.278129	0.648292	0.278129	0.330352	0.173607	0.404863	0.184898
60.000000	0.292080	0.687545	0.292080	0.330312	0.169455	0.417624	0.186974
55.000000	0.305594	0.703466	0.305594	0.328511	0.170609	0.416628	0.180232
50.000000	0.311588	0.709814	0.311588	0.331030	0.170948	0.412219	0.174848
45.000000	0.313357	0.694272	0.313357	0.332002	0.174162	0.420606	0.170706
40.000000	0.314477	0.674392	0.314477	0.331016	0.179221	0.426150	0.166089
35.000000	0.317285	0.635905	0.317285	0.334447	0.185823	0.439521	0.158516
30.000000	0.315835	0.595915	0.315835	0.343074	0.195870	0.446164	0.150524
25.000000	0.308316	0.611528	0.308316	0.338451	0.189542	0.445235	0.149505
20.000000	0.304179	0.589068	0.304179	0.342586	0.193383	0.443335	0.144213
15.000000	0.300499	0.575623	0.300499	0.343512	0.196619	0.447989	0.141927
10.000000	0.299456	0.562636	0.299456	0.343043	0.198155	0.445636	0.138744
5.000000	0.297237	0.554415	0.297237	0.345063	0.199120	0.447423	0.139232
0.000000	0.294556	0.554740	0.294556	0.343138	0.198547	0.451158	0.139636
