0.000000	0.716019
5.000000	0.724590
10.000000	0.738263
15.000000	0.758247
20.000000	0.780598
25.000000	0.810782
30.000000	0.845429
35.000000	0.881079
40.000000	0.918517
45.000000	0.960909
50.000000	0.983800
55.000000	1.000000
60.000000	0.995790
65.000000	0.951668
70.000000	0.899461
75.000000	0.836748
80.000000	0.721400
85.000000	0.639761
90.000000	0.544479
95.000000	0.503310
100.000000	0.460630
105.000000	0.433787
110.000000	0.419893
115.000000	0.406906
120.000000	0.401564
125.000000	0.393978
130.000000	0.393239
135.000000	0.390319
140.000000	0.388791
145.000000	0.387304
150.000000	0.386519
155.000000	0.385484
160.000000	0.385133
165.000000	0.384941
170.000000	0.385039
175.000000	0.384839
180.000000	0.384660
185.000000	0.384481
190.000000	0.384554
195.000000	0.384316
200.000000	0.384555
205.000000	0.384542
210.000000	0.384439
215.000000	0.384504
220.000000	0.384363
225.000000	0.384504
230.000000	0.384362
235.000000	0.384645
240.000000	0.384706
245.000000	0.384625
250.000000	0.384801
255.000000	0.384599
