255.000000	0.000000	0.000000	0.000000	0.358048	0.221251	0.280866	0.240189
250.000000	0.003062	0.002377	0.003747	0.356668	0.221688	0.276193	0.238413
245.000000	0.013018	0.003309	0.022727	0.355601	0.225192	0.273732	0.239365
240.000000	0.019093	0.002526	0.035659	0.359107	0.228636	0.271401	0.240122
235.000000	0.015291	0.002970	0.027611	0.357704	0.226664	0.275324	0.240435
230.000000	0.027473	0.002681	0.052265	0.368270	0.232300	0.269851	0.240524
225.000000	0.036943	-0.000289	0.074175	0.370108	0.238058	0.269181	0.241557
220.000000	0.069716	0.007206	0.132226	0.370684	0.243532	0.258191	0.243410
215.000000	0.082169	0.009440	0.154898	0.370779	0.244565	0.256196	0.243449
210.000000	0.052543	0.002069	0.103016	0.373588	0.241573	0.264252	0.242755
205.000000	0.050449	-0.001560	0.102457	0.372497	0.241213	0.265068	0.241751
200.000000	0.048511	-0.001736	0.098758	0.372079	0.241517	0.265831	0.240612
195.000000	0.065968	0.004683	0.127253	0.367947	0.242714	0.263399	0.242716
190.000000	0.085851	0.007674	0.164028	0.372169	0.246340	0.257422	0.244759
185.000000	0.075239	0.002836	0.147641	0.369571	0.244510	0.257889	0.243395
180.000000	0.091098	0.006745	0.175451	0.367317	0.245114	0.253694	0.243996
175.000000	0.105799	0.009278	0.202320	0.370910	0.248033	0.248805	0.246936
170.000000	0.107618	0.009670	0.205565	0.368400	0.248677	0.247640	0.245469
165.000000	0.121197	0.013785	0.228609	0.370232	0.250067	0.245804	0.249085
160.000000	0.111037	0.014718	0.207356	0.370411	0.248759	0.249171	0.247861
155.000000	0.087791	0.012485	0.163098	0.370366	0.245054	0.255643	0.244588
150.000000	0.064864	0.007899	0.121830	0.370470	0.242665	0.262493	0.243497
145.000000	0.049375	0.005585	0.093164	0.370980	0.240106	0.267051	0.243444
140.000000	0.046619	0.006236	0.087001	0.365711	0.236684	0.266504	0.241087
135.000000	0.057629	0.008045	0.107213	0.371262	0.242628	0.263434	0.241513
130.000000	0.064679	0.008427	0.120930	0.371859	0.241992	0.260940	0.242479
125.000000	0.058363	0.006234	0.110493	0.371059	0.241551	0.261207	0.242539
120.000000	0.053419	0.006391	0.100446	0.369492	0.240639	0.266088	0.240925
115.000000	0.051686	0.006404	0.096967	0.368412	0.239669	0.262355	0.239300
110.000000	0.068502	0.013364	0.123640	0.367989	0.242917	0.259111	0.241268
105.000000	0.112522	0.022865	0.202179	0.367470	0.248957	0.246124	0.243589
100.000000	0.163737	0.035769	0.291705	0.369516	0.254931	0.231946	0.247830
95.000000	0.184231	0.048215	0.320248	0.365429	0.255761	0.224850	0.249168
90.000000	0.178666	0.058149	0.299183	0.364657	0.253328	0.228434	0.244405
85.000000	0.165768	0.075792	0.255744	0.371522	0.249541	0.232539	0.239053
80.000000	0.173905	0.102145	0.245666	0.374283	0.246147	0.234899	0.240885
75.000000	0.193359	0.142587	0.244130	0.367501	0.232337	0.250489	0.262897
70.000000	0.205412	0.180506	0.230317	0.361555	0.214811	0.276307	0.293003
65.000000	0.199608	0.231831	0.167386	0.356330	0.185696	0.302312	0.310547
60.000000	0.207447	0.293769	0.121125	0.357575	0.163997	0.319700	0.323821
55.000000	0.226711	0.347250	0.106173	0.355288	0.148857	0.314314	0.335186
50.000000	0.248002	0.403115	0.092889	0.354361	0.136443	0.299959	0.341359
45.000000	0.265485	0.446487	0.084483	0.355557	0.130157	0.293755	0.336798
40.000000	0.295751	0.474396	0.117106	0.352076	0.124597	0.276175	0.336469
35.000000	0.314252	0.508479	0.120024	0.353090	0.120339	0.266618	0.326288
30.000000	0.329186	0.536394	0.121978	0.349997	0.117120	0.250535	0.322090
25.000000	0.342809	0.547785	0.137834	0.351568	0.115938	0.243237	0.314036
20.000000	0.358418	0.560630	0.156207	0.345931	0.112305	0.235041	0.305300
15.000000	0.378828	0.560021	0.197635	0.345702	0.111852	0.226417	0.304716
10.000000	0.398293	0.543756	0.252830	0.350741	0.113846	0.219865	0.304476
5.000000	0.429634	0.518297	0.340971	0.350500	0.117311	0.221715	0.306820
0.000000	0.431143	0.532056	0.330230	0.347504	0.115255	0.216109	0.305256
