255.000000	0.000000	0.000000	0.000000	0.340192	0.088989	0.332504	0.020854
250.000000	0.031038	0.046485	0.031038	0.338751	0.090859	0.330261	0.022264
245.000000	0.052110	0.052839	0.052110	0.345419	0.088640	0.332017	0.025088
240.000000	0.074742	0.045896	0.074742	0.344334	0.086843	0.324778	0.027316
235.000000	0.105500	0.049219	0.105500	0.345216	0.084457	0.327458	0.029657
230.000000	0.120325	0.006197	0.120325	0.351073	0.081823	0.330263	0.032304
225.000000	0.141928	-0.025480	0.141928	0.348419	0.079769	0.331187	0.035525
220.000000	0.162098	0.048019	0.162098	0.350664	0.083299	0.326985	0.036944
215.000000	0.192077	0.150811	0.192077	0.340337	0.092053	0.327818	0.040504
210.000000	0.209093	0.235063	0.209093	0.347728	0.101501	0.320892	0.044139
205.000000	0.231148	0.281375	0.231148	0.349617	0.107710	0.321871	0.048468
200.000000	0.246448	0.306741	0.246448	0.345488	0.110490	0.323723	0.052915
195.000000	0.262317	0.332315	0.262317	0.344406	0.115282	0.323222	0.056673
190.000000	0.274750	0.327137	0.274750	0.350098	0.115977	0.323240	0.058115
185.000000	0.293134	0.272903	0.293134	0.348598	0.103944	0.329674	0.056409
180.000000	0.305406	0.282540	0.305406	0.341272	0.107617	0.327844	0.057369
175.000000	0.323941	0.267522	0.323941	0.350053	0.106299	0.327590	0.058786
170.000000	0.326867	0.342763	0.326867	0.347010	0.116844	0.326537	0.065421
165.000000	0.333548	0.377827	0.333548	0.352138	0.124279	0.324799	0.071740
160.000000	0.343635	0.385641	0.343635	0.355124	0.121668	0.326319	0.074179
155.000000	0.352094	0.393899	0.352094	0.350372	0.126360	0.323169	0.075819
150.000000	0.361632	0.396982	0.361632	0.354909	0.125092	0.329884	0.077964
145.000000	0.363734	0.413836	0.363734	0.356510	0.127862	0.327647	0.079024
140.000000	0.368817	0.426108	0.368817	0.358181	0.131723	0.325699	0.082252
135.000000	0.380662	0.421225	0.380662	0.362798	0.128133	0.330012	0.082930
130.000000	0.394436	0.408979	0.394436	0.358657	0.126652	0.328992	0.080028
125.000000	0.411442	0.386607	0.411442	0.360459	0.122962	0.326335	0.077689
120.000000	0.418357	0.387827	0.418357	0.353162	0.120594	0.334617	0.077673
115.000000	0.441636	0.353280	0.441636	0.351444	0.117125	0.331144	0.072370
110.000000	0.452751	0.338098	0.452751	0.353359	0.116443	0.336553	0.070638
105.000000	0.475700	0.301944	0.475700	0.349081	0.109112	0.340892	0.066359
100.000000	0.491917	0.273323	0.491917	0.349904	0.108930	0.341241	0.062818
95.000000	0.502773	0.276175	0.502773	0.348179	0.109177	0.343284	0.063847
90.000000	0.514280	0.253618	0.514280	0.350211	0.108519	0.338809	0.060568
85.000000	0.537032	0.221639	0.537032	0.345234	0.108535	0.339780	0.058297
80.000000	0.547407	0.215874	0.547407	0.344409	0.105973	0.343378	0.057909
75.000000	0.539986	0.253381	0.539986	0.345174	0.109653	0.336309	0.060884
70.000000	0.551563	0.251188	0.551563	0.350057	0.108071	0.338727	0.061283
65.000000	0.553969	0.259247	0.553969	0.348712	0.107208	0.343068	0.061469
60.000000	0.540846	0.297620	0.540846	0.355841	0.112951	0.330638	0.063700
55.000000	0.564773	0.270339	0.564773	0.354714	0.107821	0.337089	0.062357
50.000000	0.581818	0.249746	0.581818	0.354889	0.109096	0.334939	0.060065
45.000000	0.571370	0.276169	0.571370	0.354680	0.111317	0.333474	0.061568
40.000000	0.570512	0.312174	0.570512	0.354218	0.109264	0.335711	0.067714
35.000000	0.550644	0.358678	0.550644	0.352323	0.113384	0.324417	0.074023
30.000000	0.512454	0.422830	0.512454	0.348785	0.117313	0.320368	0.084690
25.000000	0.510716	0.430334	0.510716	0.355290	0.117731	0.325624	0.085859
20.000000	0.530416	0.405552	0.530416	0.357880	0.118187	0.320490	0.081158
15.000000	0.552816	0.381149	0.552816	0.359136	0.113433	0.324396	0.078742
10.000000	0.564321	0.371500	0.564321	0.347494	0.109825	0.325297	0.078319
5.000000	0.554440	0.391987	0.554440	0.349911	0.114911	0.322094	0.080344
0.000000	0.561670	0.383852	0.561670	0.356319	0.113142	0.320962	0.080075
