0.000000	0.680712
5.000000	0.683265
10.000000	0.686902
15.000000	0.690156
20.000000	0.693398
25.000000	0.697182
30.000000	0.699923
35.000000	0.705647
40.000000	0.709840
45.000000	0.715067
50.000000	0.718620
55.000000	0.725131
60.000000	0.731054
65.000000	0.736634
70.000000	0.743449
75.000000	0.750670
80.000000	0.758849
85.000000	0.768414
90.000000	0.776504
95.000000	0.784292
100.000000	0.795780
105.000000	0.805271
110.000000	0.817047
115.000000	0.828117
120.000000	0.839277
125.000000	0.851847
130.000000	0.865033
135.000000	0.878230
140.000000	0.891494
145.000000	0.905904
150.000000	0.919304
155.000000	0.932367
160.000000	0.947214
165.000000	0.959804
170.000000	0.972147
175.000000	0.978678
180.000000	0.990482
185.000000	0.996677
190.000000	1.000000
195.000000	0.999385
200.000000	0.998172
205.000000	0.993752
210.000000	0.982626
215.000000	0.970703
220.000000	0.950059
225.000000	0.932205
230.000000	0.908864
235.000000	0.881634
240.000000	0.853606
245.000000	0.825206
250.000000	0.796294
255.000000	0.769121
