255.000000	0.000000	0.000000	0.000000	0.395029	0.119030	0.325617	0.149643
250.000000	0.015602	0.005875	0.025328	0.383673	0.124725	0.324196	0.150365
245.000000	0.031585	0.017903	0.045267	0.383098	0.126871	0.324962	0.149299
240.000000	0.057743	0.029328	0.086158	0.379171	0.134039	0.332402	0.150014
235.000000	0.055367	0.029853	0.080880	0.374152	0.130089	0.334954	0.151232
230.000000	0.027954	0.016029	0.039878	0.376142	0.122710	0.322511	0.147737
225.000000	0.036592	0.019015	0.054169	0.374775	0.122354	0.342680	0.153892
220.000000	0.068342	0.038872	0.097813	0.361683	0.129938	0.337542	0.155743
215.000000	0.084085	0.045261	0.122910	0.361296	0.134471	0.338331	0.153044
210.000000	0.101688	0.055636	0.147740	0.361731	0.135194	0.334937	0.152306
205.000000	0.097019	0.051806	0.142232	0.361894	0.133380	0.328887	0.153372
200.000000	0.122049	0.067566	0.176533	0.356649	0.137464	0.324998	0.150353
195.000000	0.177649	0.108104	0.247194	0.360603	0.143553	0.317530	0.147064
190.000000	0.222613	0.139270	0.305955	0.366521	0.152468	0.330508	0.147603
185.000000	0.228131	0.143712	0.312550	0.361588	0.149334	0.321462	0.146866
180.000000	0.249824	0.160798	0.338850	0.364689	0.151188	0.318903	0.149232
175.000000	0.247013	0.159002	0.335024	0.368635	0.149374	0.314082	0.145911
170.000000	0.266384	0.175413	0.357354	0.361050	0.149463	0.316331	0.148010
165.000000	0.267774	0.177300	0.358249	0.356214	0.144717	0.307681	0.145478
160.000000	0.305326	0.208993	0.401658	0.361177	0.150525	0.318733	0.148248
155.000000	0.338724	0.233992	0.443456	0.364034	0.152891	0.322497	0.149043
150.000000	0.399897	0.287842	0.511952	0.363339	0.158936	0.313153	0.156189
145.000000	0.416655	0.300289	0.533022	0.371346	0.163770	0.305434	0.151155
140.000000	0.426780	0.308048	0.545512	0.373475	0.162725	0.297991	0.150633
135.000000	0.436705	0.320081	0.553329	0.367067	0.161659	0.299129	0.147520
130.000000	0.450060	0.329335	0.570785	0.375295	0.162247	0.295684	0.148233
125.000000	0.524148	0.397286	0.651009	0.375126	0.166802	0.300840	0.148441
120.000000	0.533739	0.403762	0.663717	0.374459	0.167892	0.283493	0.144006
115.000000	0.531819	0.403992	0.659647	0.379999	0.167125	0.300352	0.144587
110.000000	0.574186	0.443950	0.704421	0.381760	0.166459	0.302570	0.141054
105.000000	0.595698	0.460743	0.730654	0.376904	0.167472	0.301557	0.144909
100.000000	0.573316	0.444830	0.701802	0.368408	0.163622	0.284271	0.138929
95.000000	0.583460	0.458863	0.708056	0.367011	0.159583	0.299600	0.139146
90.000000	0.618932	0.488752	0.749111	0.370384	0.163584	0.284885	0.135153
85.000000	0.651365	0.518417	0.784313	0.377006	0.168397	0.282595	0.138125
80.000000	0.667647	0.530029	0.805265	0.377771	0.168009	0.288044	0.137706
75.000000	1.546421	2.397432	0.695409	0.370182	0.149398	0.217515	0.078819
70.000000	0.712380	0.575526	0.849233	0.379260	0.169489	0.293909	0.136096
65.000000	0.732147	0.593701	0.870593	0.377483	0.170751	0.286387	0.136188
60.000000	0.753330	0.614266	0.892394	0.378871	0.171196	0.291257	0.140114
55.000000	0.765611	0.624917	0.906305	0.378012	0.168487	0.296534	0.131769
50.000000	0.777266	0.638710	0.915821	0.378806	0.172506	0.288484	0.132705
45.000000	0.786167	0.647162	0.925173	0.379384	0.168799	0.308540	0.135228
40.000000	0.814980	0.674788	0.955171	0.373812	0.170313	0.306308	0.134286
35.000000	0.831622	0.689186	0.974057	0.382913	0.171717	0.316800	0.133348
30.000000	0.843139	0.703709	0.982570	0.378296	0.169838	0.311601	0.126621
25.000000	0.847016	0.713347	0.980685	0.369769	0.163641	0.314779	0.128169
20.000000	0.866770	0.732581	1.000959	0.375574	0.163428	0.330790	0.129922
15.000000	0.882868	0.748166	1.017571	0.380422	0.166011	0.345339	0.128465
10.000000	0.899635	0.761796	1.037475	0.379719	0.168641	0.339271	0.137330
5.000000	1.263850	0.495364	2.032337	0.356296	0.328440	0.323668	0.197289
0.000000	0.919512	0.783630	1.055395	0.379975	0.163973	0.361523	0.139732
