0.000000	0.201064
5.000000	0.202820
10.000000	0.205079
15.000000	0.207791
20.000000	0.210572
25.000000	0.212424
30.000000	0.210994
35.000000	0.219062
40.000000	0.223501
45.000000	0.226484
50.000000	0.231664
55.000000	0.237397
60.000000	0.236982
65.000000	0.246242
70.000000	0.252006
75.000000	0.259923
80.000000	0.265947
85.000000	0.275303
90.000000	0.284599
95.000000	0.291225
100.000000	0.302068
105.000000	0.312652
110.000000	0.325683
115.000000	0.336877
120.000000	0.349838
125.000000	0.364658
130.000000	0.382323
135.000000	0.398403
140.000000	0.418187
145.000000	0.438080
150.000000	0.462056
155.000000	0.481446
160.000000	0.507474
165.000000	0.533963
170.000000	0.563483
175.000000	0.589262
180.000000	0.620553
185.000000	0.651796
190.000000	0.681653
195.000000	0.714184
200.000000	0.747602
205.000000	0.779844
210.000000	0.812408
215.000000	0.839597
220.000000	0.872561
225.000000	0.898357
230.000000	0.920733
235.000000	0.943910
240.000000	0.962200
245.000000	0.977320
250.000000	0.990651
255.000000	1.000000
