0.000000	1.000000
5.000000	0.985128
10.000000	0.972398
15.000000	0.949355
20.000000	0.917379
25.000000	0.886849
30.000000	0.838792
35.000000	0.798268
40.000000	0.742044
45.000000	0.686667
50.000000	0.633708
55.000000	0.577282
60.000000	0.533232
65.000000	0.491345
70.000000	0.474205
75.000000	0.459466
80.000000	0.450129
85.000000	0.445048
90.000000	0.438157
95.000000	0.430543
100.000000	0.427902
105.000000	0.424365
110.000000	0.421563
115.000000	0.421229
120.000000	0.420710
125.000000	0.420839
130.000000	0.421456
135.000000	0.420982
140.000000	0.422323
145.000000	0.422090
150.000000	0.422504
155.000000	0.422423
160.000000	0.422708
165.000000	0.422902
170.000000	0.422312
175.000000	0.423172
180.000000	0.423373
185.000000	0.423036
190.000000	0.423879
195.000000	0.423555
200.000000	0.424213
205.000000	0.425254
210.000000	0.425719
215.000000	0.426308
220.000000	0.426420
225.000000	0.426665
230.000000	0.427127
235.000000	0.426353
240.000000	0.427073
245.000000	0.426653
250.000000	0.426282
255.000000	0.426738
