0.000000	0.982178
5.000000	0.981754
10.000000	0.983160
15.000000	0.983620
20.000000	0.983188
25.000000	0.983041
30.000000	0.981267
35.000000	0.984058
40.000000	0.987285
45.000000	0.989863
50.000000	0.988329
55.000000	0.988790
60.000000	0.994300
65.000000	0.994771
70.000000	0.996260
75.000000	0.998347
80.000000	0.997679
85.000000	0.997988
90.000000	1.000000
95.000000	0.999099
100.000000	0.996699
105.000000	0.994518
110.000000	0.996345
115.000000	0.992527
120.000000	0.991836
125.000000	0.991624
130.000000	0.985606
135.000000	0.983974
140.000000	0.979817
145.000000	0.972440
150.000000	0.962454
155.000000	0.953882
160.000000	0.945660
165.000000	0.931994
170.000000	0.916771
175.000000	0.903300
180.000000	0.882752
185.000000	0.863423
190.000000	0.845315
195.000000	0.824161
200.000000	0.800158
205.000000	0.777247
210.000000	0.754204
215.000000	0.732970
220.000000	0.712265
225.000000	0.696870
230.000000	0.684080
235.000000	0.675447
240.000000	0.668414
245.000000	0.668223
250.000000	0.672542
255.000000	0.678904
