255.000000	0.000000	0.000000	0.000000	0.375829	0.049245	0.385260	0.200685
250.000000	0.021688	0.082267	-0.038892	0.376264	0.048871	0.399074	0.201547
245.000000	0.067126	0.119373	0.014879	0.365905	0.044689	0.373232	0.202334
240.000000	0.094719	0.180218	0.009220	0.370065	0.041118	0.379381	0.210800
235.000000	0.121962	0.280581	-0.036656	0.355608	0.039222	0.367575	0.213780
230.000000	0.151954	0.312686	-0.008779	0.362348	0.030875	0.383319	0.240912
225.000000	0.217615	-0.015906	0.451136	0.356255	0.016924	0.391381	0.297062
220.000000	0.268051	-0.258951	0.795054	0.364292	0.043805	0.400639	0.344245
215.000000	0.303153	-0.296298	0.902604	0.373676	0.072046	0.407246	0.380688
210.000000	0.317191	-0.310163	0.944545	0.370001	0.076104	0.418936	0.396625
205.000000	0.327089	-0.337472	0.991650	0.364986	0.076505	0.427103	0.410931
200.000000	0.334982	-0.338971	1.008935	0.369919	0.078441	0.440844	0.415531
195.000000	0.339059	-0.368241	1.046358	0.357037	0.076665	0.437791	0.423514
190.000000	0.342766	-0.369637	1.055169	0.373165	0.074129	0.449014	0.425746
185.000000	0.341882	-0.422207	1.105971	0.362840	0.068066	0.453210	0.428288
180.000000	0.352964	-0.397189	1.103117	0.363134	0.071527	0.456556	0.429706
175.000000	0.376575	-0.382450	1.135600	0.351145	0.092960	0.444292	0.439973
170.000000	0.381260	-0.360615	1.123135	0.366408	0.099285	0.448470	0.441632
165.000000	0.365772	-0.421584	1.153128	0.355377	0.084712	0.450901	0.439436
160.000000	0.357261	-0.439607	1.154129	0.369876	0.075064	0.460010	0.434789
155.000000	0.346112	-0.524472	1.216695	0.365408	0.066212	0.458678	0.433851
150.000000	0.340180	-0.587791	1.268152	0.370747	0.058799	0.465089	0.430008
145.000000	0.337208	-0.631527	1.305942	0.368039	0.054543	0.468897	0.426422
140.000000	0.341784	-0.640725	1.324294	0.370157	0.060096	0.465213	0.430541
135.000000	0.351006	-0.597235	1.299247	0.373683	0.065519	0.462146	0.433899
130.000000	0.352569	-0.605776	1.310915	0.367918	0.068448	0.460719	0.433683
125.000000	0.352400	-0.618501	1.323302	0.366738	0.062183	0.460449	0.435507
120.000000	0.368028	-0.556134	1.292189	0.363453	0.075813	0.453377	0.440519
115.000000	0.383057	-0.495092	1.261205	0.367763	0.082497	0.451097	0.442940
110.000000	0.395911	-0.461990	1.253812	0.356274	0.093991	0.443449	0.444761
105.000000	0.400784	-0.436705	1.238274	0.370373	0.097169	0.445660	0.443246
100.000000	0.391722	-0.481657	1.265102	0.359945	0.091236	0.444938	0.444092
95.000000	0.378907	-0.523994	1.281807	0.373019	0.081866	0.451600	0.441884
90.000000	0.376242	-0.554701	1.307184	0.364061	0.081889	0.452723	0.439818
85.000000	0.376820	-0.547317	1.300958	0.372587	0.081219	0.454063	0.439896
80.000000	0.361025	-0.624628	1.346678	0.374125	0.073515	0.458335	0.436036
75.000000	0.360078	-0.654836	1.374993	0.370261	0.075543	0.457594	0.435431
70.000000	0.377810	-0.556835	1.312454	0.377312	0.079819	0.452584	0.440763
65.000000	0.385526	-0.534942	1.305994	0.362550	0.086550	0.445381	0.444282
60.000000	0.382728	-0.536985	1.302440	0.374525	0.082880	0.451889	0.440954
55.000000	0.391481	-0.510214	1.293176	0.364236	0.091535	0.445817	0.442857
50.000000	0.405573	-0.459664	1.270810	0.364740	0.100844	0.439193	0.445395
45.000000	0.407098	-0.438939	1.253135	0.370631	0.101673	0.445137	0.440717
40.000000	0.398586	-0.480785	1.277957	0.358760	0.096427	0.441764	0.443648
35.000000	0.397360	-0.469698	1.264419	0.370061	0.094383	0.449094	0.439921
30.000000	0.386653	-0.520832	1.294138	0.362671	0.088679	0.445641	0.443616
25.000000	0.377058	-0.571451	1.325568	0.367789	0.080973	0.450725	0.441396
20.000000	0.364481	-0.637804	1.366765	0.374156	0.075324	0.455792	0.437181
15.000000	0.347658	-0.732351	1.427667	0.369994	0.072845	0.459952	0.431569
10.000000	0.332431	-0.845119	1.509982	0.366410	0.066820	0.468262	0.422909
5.000000	0.311601	-0.938773	1.561975	0.366897	0.080011	0.472882	0.411559
0.000000	0.316363	-0.936034	1.568760	0.366306	0.074039	0.472551	0.414353
