255.000000	0.000000	0.000000	0.000000	0.363121	0.101363	0.467385	0.071938
250.000000	0.035572	-0.034697	0.035572	0.367477	0.104381	0.467621	0.061004
245.000000	0.070660	-0.075437	0.070660	0.369417	0.107107	0.469053	0.049816
240.000000	0.099325	-0.106982	0.099325	0.369786	0.111259	0.468946	0.040151
235.000000	0.118128	-0.144215	0.118128	0.372598	0.115809	0.470415	0.030251
230.000000	0.115328	-0.163546	0.115328	0.371782	0.116258	0.468554	0.025669
225.000000	0.104273	-0.207576	0.104273	0.368014	0.116947	0.469182	0.019229
220.000000	0.043171	-0.305429	0.043171	0.371024	0.118321	0.468248	0.012085
215.000000	0.101487	-0.480969	-0.101487	0.365198	0.118618	0.468703	0.007860
210.000000	0.369473	-0.785607	-0.369473	0.362144	0.121030	0.468738	0.007497
205.000000	0.402166	-0.832086	-0.402166	0.361765	0.121784	0.468721	0.008024
200.000000	0.192503	-0.602451	-0.192503	0.364594	0.119517	0.468474	0.007254
195.000000	0.008230	-0.372184	0.008230	0.367251	0.117089	0.468866	0.011421
190.000000	0.071253	-0.300386	0.071253	0.368711	0.117204	0.470226	0.015365
185.000000	0.101443	-0.277543	0.101443	0.367269	0.118701	0.469585	0.017033
180.000000	0.124146	-0.223853	0.124146	0.371551	0.117117	0.468760	0.024819
175.000000	0.103686	-0.310876	0.103686	0.366764	0.123440	0.469339	0.014541
170.000000	0.117215	-0.269602	0.117215	0.368181	0.121423	0.470705	0.017521
165.000000	0.104916	-0.285973	0.104916	0.365791	0.122475	0.470183	0.015159
160.000000	0.070289	-0.359192	0.070289	0.362277	0.129572	0.470886	0.008117
155.000000	0.167199	-0.244626	0.167199	0.361753	0.132568	0.471366	0.010952
150.000000	0.186336	-0.173694	0.186336	0.359863	0.129646	0.471587	0.020234
145.000000	0.145307	-0.096147	0.145307	0.369147	0.120923	0.470070	0.038058
140.000000	0.059244	-0.019206	0.059244	0.363592	0.109568	0.468672	0.060249
135.000000	0.029135	0.001632	0.029135	0.362133	0.106430	0.470732	0.068586
130.000000	0.032255	-0.005732	0.032255	0.366467	0.106169	0.472972	0.072205
125.000000	0.052196	-0.024100	0.052196	0.365051	0.106150	0.472905	0.071060
120.000000	0.106418	-0.069167	0.106418	0.367762	0.111861	0.473415	0.059194
115.000000	0.157424	-0.100045	0.157424	0.367408	0.119920	0.474505	0.047167
110.000000	0.191796	-0.111009	0.191796	0.362325	0.125302	0.473565	0.039290
105.000000	0.195492	-0.090805	0.195492	0.358235	0.125116	0.473968	0.042093
100.000000	0.187078	-0.073622	0.187078	0.357895	0.124642	0.473857	0.045046
95.000000	0.224313	-0.104161	0.224313	0.356123	0.127105	0.470475	0.032084
90.000000	0.229581	-0.116652	0.229581	0.357048	0.126355	0.470679	0.031930
85.000000	0.213111	-0.123087	0.213111	0.364074	0.121136	0.469965	0.040975
80.000000	0.214614	-0.137568	0.214614	0.374936	0.117563	0.471278	0.044798
75.000000	0.285158	-0.166731	0.285158	0.374030	0.125424	0.470209	0.032668
70.000000	0.391525	-0.130714	0.391525	0.370379	0.130823	0.470667	0.018830
65.000000	0.478482	-0.037788	0.478482	0.371290	0.129163	0.469127	0.020271
60.000000	0.575781	0.069053	0.575781	0.370381	0.126909	0.467913	0.022524
55.000000	0.593885	0.125221	0.593885	0.371224	0.120918	0.466607	0.029638
50.000000	0.575649	0.164961	0.575649	0.369151	0.112291	0.467233	0.037917
45.000000	0.628553	0.234906	0.628553	0.365044	0.110620	0.462898	0.041188
40.000000	0.669382	0.295312	0.669382	0.359722	0.109377	0.463821	0.046381
35.000000	0.668219	0.309780	0.668219	0.351339	0.107135	0.464083	0.051859
30.000000	0.520571	0.271591	0.520571	0.346721	0.097747	0.466631	0.062879
25.000000	0.348859	0.284214	0.348859	0.345960	0.088136	0.465145	0.078402
20.000000	0.230316	0.318466	0.230316	0.345533	0.082193	0.473580	0.090529
15.000000	0.260119	0.314130	0.260119	0.348863	0.079088	0.457678	0.083868
10.000000	0.360551	0.305597	0.360551	0.356573	0.078478	0.449670	0.073448
5.000000	0.459183	0.316733	0.459183	0.356957	0.079594	0.452099	0.066645
0.000000	0.538135	0.344803	0.538135	0.358047	0.079923	0.442102	0.060783
