0.000000	0.820262
5.000000	0.818434
10.000000	0.813403
15.000000	0.804755
20.000000	0.797063
25.000000	0.780382
30.000000	0.757937
35.000000	0.729229
40.000000	0.699229
45.000000	0.659491
50.000000	0.620395
55.000000	0.576505
60.000000	0.533291
65.000000	0.510668
70.000000	0.509774
75.000000	0.543016
80.000000	0.612320
85.000000	0.680673
90.000000	0.750769
95.000000	0.863778
100.000000	0.892058
105.000000	0.927643
110.000000	0.950507
115.000000	0.967791
120.000000	0.978613
125.000000	0.988103
130.000000	0.990532
135.000000	0.989731
140.000000	0.991662
145.000000	0.993336
150.000000	0.995858
155.000000	0.996441
160.000000	0.996295
165.000000	0.993994
170.000000	0.993429
175.000000	1.000000
180.000000	0.995961
185.000000	0.996969
190.000000	0.993857
195.000000	0.998650
200.000000	0.998455
205.000000	0.995138
210.000000	0.997924
215.000000	0.993195
220.000000	0.996412
225.000000	0.995764
230.000000	0.995187
235.000000	0.997952
240.000000	0.998472
245.000000	0.996593
250.000000	0.996845
255.000000	0.996055
