0.000000	0.998924
5.000000	0.998881
10.000000	0.997489
15.000000	0.997920
20.000000	1.000000
25.000000	0.998746
30.000000	0.998470
35.000000	0.999323
40.000000	0.998049
45.000000	0.998285
50.000000	0.999916
55.000000	0.998915
60.000000	0.998043
65.000000	0.997911
70.000000	0.997620
75.000000	0.994334
80.000000	0.993170
85.000000	0.989363
90.000000	0.984769
95.000000	0.982129
100.000000	0.977610
105.000000	0.975461
110.000000	0.968357
115.000000	0.962903
120.000000	0.958624
125.000000	0.951419
130.000000	0.944809
135.000000	0.934694
140.000000	0.928809
145.000000	0.916391
150.000000	0.905482
155.000000	0.894683
160.000000	0.877455
165.000000	0.867497
170.000000	0.850473
175.000000	0.833081
180.000000	0.807191
185.000000	0.787396
190.000000	0.767251
195.000000	0.734787
200.000000	0.709158
205.000000	0.674671
210.000000	0.637613
215.000000	0.606311
220.000000	0.565768
225.000000	0.533950
230.000000	0.485427
235.000000	0.458227
240.000000	0.420830
245.000000	0.393966
250.000000	0.369298
255.000000	0.346480
