0.000000	0.667856
5.000000	0.660657
10.000000	0.649125
15.000000	0.637280
20.000000	0.624154
25.000000	0.607695
30.000000	0.589660
35.000000	0.586527
40.000000	0.587142
45.000000	0.595057
50.000000	0.623138
55.000000	0.663435
60.000000	0.720972
65.000000	0.791002
70.000000	0.880602
75.000000	0.936853
80.000000	0.977189
85.000000	1.000000
90.000000	0.998668
95.000000	0.983457
100.000000	0.965910
105.000000	0.953811
110.000000	0.946056
115.000000	0.938723
120.000000	0.936480
125.000000	0.933978
130.000000	0.933382
135.000000	0.932969
140.000000	0.932440
145.000000	0.932479
150.000000	0.931143
155.000000	0.932298
160.000000	0.930732
165.000000	0.931858
170.000000	0.930503
175.000000	0.931749
180.000000	0.930771
185.000000	0.931527
190.000000	0.930857
195.000000	0.931484
200.000000	0.931465
205.000000	0.931732
210.000000	0.930947
215.000000	0.930517
220.000000	0.930633
225.000000	0.928889
230.000000	0.930237
235.000000	0.929619
240.000000	0.930503
245.000000	0.930854
250.000000	0.930299
255.000000	0.930458
