255.000000	0.000000	0.000000	0.000000	0.403555	0.232051	0.390054	0.317164
250.000000	0.058354	0.058354	-0.009528	0.405186	0.231925	0.385130	0.316555
245.000000	0.120478	0.120478	-0.001668	0.405241	0.233786	0.387652	0.324935
240.000000	0.176713	0.176713	-0.002317	0.397665	0.233004	0.379509	0.325161
235.000000	0.237677	0.237677	0.019618	0.406516	0.242032	0.366015	0.320272
230.000000	0.289961	0.289961	-0.009063	0.390704	0.240223	0.349088	0.313854
225.000000	0.357218	0.357218	0.061186	0.397251	0.249105	0.338922	0.315170
220.000000	0.424234	0.424234	0.140114	0.401318	0.246995	0.337018	0.303209
215.000000	0.498789	0.498789	0.278031	0.402380	0.249150	0.334283	0.280320
210.000000	0.590662	0.590662	0.411280	0.405314	0.250471	0.338111	0.263843
205.000000	0.732637	0.732637	0.630277	0.396862	0.246043	0.365834	0.246025
200.000000	0.871819	0.871819	0.793213	0.407668	0.249672	0.365410	0.234249
195.000000	0.987484	0.987484	0.950390	0.400298	0.246992	0.348912	0.247906
190.000000	1.077489	1.077489	1.094145	0.397905	0.249123	0.345089	0.250320
185.000000	1.141855	1.141855	1.168165	0.404907	0.250139	0.345900	0.268563
180.000000	1.192877	1.192877	1.210581	0.397424	0.252785	0.329586	0.274685
175.000000	1.234284	1.234284	1.235325	0.402992	0.253479	0.329550	0.283316
170.000000	1.260164	1.260164	1.251559	0.398247	0.254941	0.330404	0.284800
165.000000	1.280299	1.280299	1.276597	0.390338	0.256189	0.334361	0.287657
160.000000	1.305989	1.305989	1.333268	0.400998	0.257015	0.341352	0.295887
155.000000	1.320705	1.320705	1.361810	0.394315	0.254337	0.339770	0.294613
150.000000	1.337854	1.337854	1.420674	0.386745	0.252166	0.339937	0.294071
145.000000	1.352543	1.352543	1.476600	0.398512	0.257555	0.341693	0.303121
140.000000	1.359421	1.359421	1.478218	0.385741	0.255011	0.343190	0.296439
135.000000	1.366011	1.366011	1.463098	0.388994	0.254987	0.345735	0.299774
130.000000	1.381179	1.381179	1.462262	0.398590	0.260961	0.352191	0.299540
125.000000	1.387062	1.387062	1.504837	0.385675	0.258531	0.344530	0.298045
120.000000	1.394960	1.394960	1.572159	0.397153	0.262950	0.349681	0.301895
115.000000	1.404495	1.404495	1.606905	0.384112	0.257719	0.351689	0.304396
110.000000	1.411356	1.411356	1.604448	0.392970	0.260426	0.358828	0.308762
105.000000	1.421521	1.421521	1.591698	0.401260	0.261352	0.350660	0.300955
100.000000	1.423991	1.423991	1.595726	0.391648	0.260953	0.353923	0.301464
95.000000	1.428844	1.428844	1.650094	0.394482	0.257527	0.354666	0.302417
90.000000	1.430285	1.430285	1.742761	0.388171	0.261222	0.358088	0.310182
85.000000	1.433683	1.433683	1.816468	0.388008	0.262064	0.354454	0.307197
80.000000	1.436294	1.436294	1.850570	0.391172	0.261693	0.358068	0.310406
75.000000	1.439989	1.439989	1.853962	0.381508	0.260524	0.353006	0.305717
70.000000	1.438902	1.438902	1.817449	0.387435	0.260436	0.361189	0.313161
65.000000	1.440164	1.440164	1.790787	0.384745	0.260197	0.359701	0.309700
60.000000	1.441162	1.441162	1.783498	0.392206	0.260970	0.359931	0.309182
55.000000	1.442467	1.442467	1.790523	0.391987	0.261972	0.359827	0.308864
50.000000	1.445748	1.445748	1.813984	0.385212	0.260436	0.353764	0.305025
45.000000	1.443181	1.443181	1.827990	0.390653	0.260624	0.359198	0.311091
40.000000	1.442201	1.442201	1.818457	0.388626	0.263179	0.357533	0.307965
35.000000	1.440761	1.440761	1.807960	0.383476	0.259798	0.356114	0.307682
30.000000	1.439784	1.439784	1.797902	0.387473	0.259774	0.354360	0.305623
25.000000	1.439103	1.439103	1.782223	0.388248	0.263286	0.356653	0.305280
20.000000	1.436726	1.436726	1.751520	0.385286	0.258917	0.360086	0.307511
15.000000	1.439522	1.439522	1.700149	0.394279	0.262166	0.347693	0.294870
10.000000	1.438533	1.438533	1.669806	0.384094	0.258812	0.360809	0.303637
5.000000	1.434623	1.434623	1.606885	0.397359	0.263008	0.356308	0.298903
0.000000	1.431226	1.431226	1.511107	0.399540	0.266485	0.360492	0.294253
