0.000000	0.569971
5.000000	0.567864
10.000000	0.563059
15.000000	0.557363
20.000000	0.546794
25.000000	0.530513
30.000000	0.514726
35.000000	0.490940
40.000000	0.458539
45.000000	0.414993
50.000000	0.367002
55.000000	0.271834
60.000000	0.235407
65.000000	0.182121
70.000000	0.165743
75.000000	0.183935
80.000000	0.228766
85.000000	0.339893
90.000000	0.514733
95.000000	0.600771
100.000000	0.720679
105.000000	0.834456
110.000000	0.889913
115.000000	0.913874
120.000000	0.928057
125.000000	0.951819
130.000000	0.966015
135.000000	0.975895
140.000000	0.981281
145.000000	0.986405
150.000000	0.989849
155.000000	0.993024
160.000000	0.994627
165.000000	0.995708
170.000000	0.996455
175.000000	0.997141
180.000000	0.998174
185.000000	0.999818
190.000000	1.000000
195.000000	0.999505
200.000000	0.998637
205.000000	0.997722
210.000000	0.997456
215.000000	0.997260
220.000000	0.996640
225.000000	0.996864
230.000000	0.997371
235.000000	0.998130
240.000000	0.997344
245.000000	0.999320
250.000000	0.999498
255.000000	0.999060
