255.000000	0.000000	0.000000	0.000000	0.353246	0.160236	0.477833	0.127381
250.000000	0.017517	0.109758	0.017517	0.357188	0.154020	0.469059	0.125016
245.000000	0.025184	0.091155	0.025184	0.356252	0.155891	0.466162	0.123637
240.000000	0.019461	0.008952	0.019461	0.351650	0.160391	0.475606	0.125145
235.000000	0.005933	-0.099321	0.005933	0.351647	0.163255	0.487972	0.129487
230.000000	0.000258	-0.172335	-0.000258	0.355690	0.164163	0.483865	0.129952
225.000000	0.002598	-0.195516	-0.002598	0.356340	0.163541	0.478294	0.129683
220.000000	0.007421	-0.199027	-0.007421	0.356946	0.163730	0.482862	0.130976
215.000000	0.013428	-0.231938	-0.013428	0.356981	0.162897	0.473981	0.129597
210.000000	0.007036	-0.250382	-0.007036	0.358125	0.162347	0.477661	0.130452
205.000000	0.008845	-0.311074	-0.008845	0.360613	0.162113	0.473538	0.131865
200.000000	0.017446	-0.364353	-0.017446	0.364674	0.160942	0.471655	0.133182
195.000000	0.024576	-0.380564	-0.024576	0.366835	0.160960	0.468044	0.134081
190.000000	0.022558	-0.389454	-0.022558	0.365558	0.160944	0.467829	0.133920
185.000000	0.019427	-0.441185	-0.019427	0.367457	0.159089	0.462392	0.136300
180.000000	0.013829	-0.482461	-0.013829	0.368231	0.158353	0.463238	0.137396
175.000000	0.002128	-0.404830	-0.002128	0.364439	0.160159	0.466694	0.133821
170.000000	0.024975	-0.143752	0.024975	0.353470	0.162540	0.472311	0.127624
165.000000	0.004266	-0.121313	0.004266	0.356405	0.162212	0.469518	0.126316
160.000000	0.000381	-0.015394	-0.000381	0.350568	0.160373	0.475670	0.126412
155.000000	0.011790	-0.041246	-0.011790	0.353401	0.161603	0.472714	0.126763
150.000000	0.019182	-0.042973	-0.019182	0.351031	0.159491	0.474933	0.127637
145.000000	0.027124	-0.059077	-0.027124	0.351957	0.159946	0.480503	0.128726
140.000000	0.029660	-0.135126	-0.029660	0.351690	0.162772	0.479154	0.129693
135.000000	0.040128	-0.243838	-0.040128	0.357766	0.162479	0.476725	0.131004
130.000000	0.049359	-0.333290	-0.049359	0.364011	0.162694	0.472534	0.132834
125.000000	0.072477	-0.593120	-0.072477	0.369297	0.153928	0.456372	0.143037
120.000000	0.071453	-0.738332	-0.071453	0.361994	0.146634	0.452107	0.150923
115.000000	0.056854	-0.876038	-0.056854	0.354446	0.135412	0.460092	0.154499
110.000000	0.042606	-0.988976	-0.042606	0.347332	0.126665	0.475721	0.152819
105.000000	0.027224	-1.101902	-0.027224	0.344859	0.120535	0.477509	0.148367
100.000000	0.033407	-1.041796	-0.033407	0.340725	0.120638	0.479555	0.149900
95.000000	0.008734	-1.167838	-0.008734	0.341355	0.115426	0.476189	0.144723
90.000000	0.005610	-1.140569	-0.005610	0.338826	0.115502	0.475750	0.144641
85.000000	0.007354	-1.089268	0.007354	0.338010	0.116759	0.467869	0.147562
80.000000	0.012294	-1.008018	0.012294	0.335831	0.119372	0.469934	0.152286
75.000000	0.021843	-0.972144	0.021843	0.333425	0.120356	0.469395	0.156637
70.000000	0.018666	-0.850244	0.018666	0.333839	0.125726	0.457290	0.158142
65.000000	0.028676	-0.755235	0.028676	0.336580	0.131497	0.451805	0.160713
60.000000	0.032368	-0.613453	0.032368	0.351505	0.139227	0.461859	0.154463
55.000000	0.030252	-0.484395	0.030252	0.369331	0.148768	0.474001	0.147605
50.000000	0.031597	-0.434173	0.031597	0.365857	0.148266	0.484001	0.146045
45.000000	0.042555	-0.430532	0.042555	0.360303	0.143095	0.477297	0.143728
40.000000	0.046582	-0.507345	0.046582	0.367955	0.148003	0.479155	0.148088
35.000000	0.059462	-0.597322	0.059462	0.353599	0.138422	0.470215	0.150259
30.000000	0.081185	-0.719841	0.081185	0.341652	0.131668	0.462844	0.155790
25.000000	0.110507	-0.862570	0.110507	0.336804	0.121675	0.472112	0.162222
20.000000	0.142070	-1.028265	0.142070	0.343174	0.117153	0.473397	0.159109
15.000000	0.160722	-1.122669	0.160722	0.347961	0.115587	0.470818	0.155581
10.000000	0.163285	-1.166483	0.163285	0.346914	0.115308	0.472156	0.153822
5.000000	0.158257	-1.135644	0.158257	0.345799	0.114421	0.473801	0.154569
0.000000	0.160760	-1.121451	0.160760	0.344909	0.113426	0.476548	0.154469
