255.000000	0.000000	0.000000	0.000000	0.346648	0.297987	0.366385	0.284125
250.000000	0.000201	-0.000201	-0.016226	0.345181	0.298362	0.364089	0.289103
245.000000	0.009529	0.009529	-0.033110	0.349401	0.303505	0.366171	0.299878
240.000000	0.014201	0.014201	-0.018930	0.352173	0.307103	0.360194	0.298490
235.000000	0.031652	0.031652	-0.016518	0.349003	0.295295	0.359603	0.309136
230.000000	0.048015	0.048015	-0.008239	0.356207	0.304643	0.356767	0.311568
225.000000	0.063308	0.063308	0.076796	0.355284	0.306436	0.359193	0.307576
220.000000	0.073859	0.073859	0.164773	0.353515	0.299360	0.375051	0.308740
215.000000	0.086001	0.086001	0.245469	0.363898	0.297888	0.368478	0.292045
210.000000	0.092168	0.092168	0.333094	0.366139	0.289792	0.365253	0.274957
205.000000	0.096177	0.096177	0.391469	0.362076	0.277232	0.360024	0.261082
200.000000	0.096634	0.096634	0.423171	0.361049	0.272967	0.356874	0.254427
195.000000	0.096348	0.096348	0.469032	0.352471	0.260527	0.355964	0.245506
190.000000	0.090582	0.090582	0.492315	0.353561	0.259343	0.353799	0.238243
185.000000	0.087045	0.087045	0.452442	0.349146	0.260029	0.355038	0.243246
180.000000	0.087698	0.087698	0.470227	0.348135	0.258074	0.354013	0.236599
175.000000	0.079775	0.079775	0.482166	0.346482	0.256420	0.352360	0.236117
170.000000	0.074855	0.074855	0.456834	0.345632	0.258634	0.357080	0.237221
165.000000	0.066980	0.066980	0.428857	0.351554	0.264634	0.358669	0.239335
160.000000	0.062706	0.062706	0.425847	0.349431	0.263403	0.359666	0.240108
155.000000	0.064320	0.064320	0.466820	0.346472	0.258223	0.356951	0.233424
150.000000	0.061564	0.061564	0.475736	0.344415	0.255630	0.358869	0.231247
145.000000	0.051949	0.051949	0.443240	0.349019	0.261957	0.361018	0.237794
140.000000	0.044346	0.044346	0.363854	0.358882	0.276900	0.367609	0.250877
135.000000	0.043457	0.043457	0.284499	0.362530	0.284310	0.373391	0.258853
130.000000	0.042565	0.042565	0.294754	0.365810	0.287469	0.372600	0.257303
125.000000	0.038936	0.038936	0.314888	0.364094	0.284824	0.372248	0.256435
120.000000	0.035824	0.035824	0.286364	0.359924	0.283131	0.374348	0.252834
115.000000	0.029722	0.029722	0.293819	0.363407	0.285069	0.371954	0.254851
110.000000	0.025027	0.025027	0.313638	0.359419	0.280810	0.372593	0.252040
105.000000	0.022097	0.022097	0.329666	0.356979	0.277909	0.370485	0.246542
100.000000	0.019788	0.019788	0.329237	0.361590	0.280580	0.372366	0.251843
95.000000	0.017967	0.017967	0.312290	0.355458	0.277827	0.368841	0.244644
90.000000	0.019831	0.019831	0.379706	0.350378	0.266420	0.371076	0.237484
85.000000	0.016734	0.016734	0.493093	0.341505	0.249259	0.366522	0.226230
80.000000	0.009042	0.009042	0.552044	0.342970	0.241712	0.364296	0.224193
75.000000	0.007270	0.007270	0.613867	0.343086	0.237324	0.362923	0.219185
70.000000	0.004846	0.004846	0.651778	0.340811	0.235284	0.361697	0.217527
65.000000	0.000416	0.000416	0.632432	0.347018	0.237475	0.361857	0.218786
60.000000	0.002183	0.002183	0.579844	0.343963	0.239613	0.363359	0.220857
55.000000	0.004599	0.004599	0.522938	0.345087	0.244159	0.365371	0.223848
50.000000	0.003957	0.003957	0.522715	0.344239	0.245219	0.365025	0.221039
45.000000	0.005314	0.005314	0.545745	0.342994	0.242011	0.363275	0.218570
40.000000	0.007103	0.007103	0.569088	0.344806	0.239910	0.365138	0.220711
35.000000	0.009199	0.009199	0.630125	0.341422	0.235419	0.362947	0.213914
30.000000	0.003155	0.003155	0.705922	0.345965	0.231439	0.359828	0.208430
25.000000	0.004443	0.004443	0.727991	0.347595	0.226832	0.358502	0.206014
20.000000	0.006650	0.006650	0.715187	0.357736	0.230992	0.359540	0.205980
15.000000	0.007450	0.007450	0.732912	0.347857	0.227583	0.358311	0.206362
10.000000	0.001035	-0.001035	0.630325	0.352792	0.233988	0.359959	0.208857
5.000000	0.001800	0.001800	0.564131	0.353839	0.241073	0.360675	0.213420
0.000000	0.001415	0.001415	0.651336	0.355370	0.234369	0.361792	0.210456
