0.000000	0.966582
5.000000	0.968048
10.000000	0.968145
15.000000	0.966962
20.000000	0.966805
25.000000	0.967572
30.000000	0.968437
35.000000	0.966337
40.000000	0.966951
45.000000	0.967205
50.000000	0.968531
55.000000	0.966531
60.000000	0.966630
65.000000	0.967480
70.000000	0.967912
75.000000	0.967616
80.000000	0.967402
85.000000	0.968699
90.000000	0.971198
95.000000	0.969816
100.000000	0.972871
105.000000	0.972145
110.000000	0.975792
115.000000	0.975787
120.000000	0.975919
125.000000	0.980078
130.000000	0.979492
135.000000	0.980834
140.000000	0.984288
145.000000	0.984039
150.000000	0.990617
155.000000	0.989900
160.000000	0.994738
165.000000	0.991721
170.000000	1.000000
175.000000	0.997175
180.000000	0.998338
185.000000	0.989490
190.000000	0.991672
195.000000	0.987507
200.000000	0.976299
205.000000	0.956855
210.000000	0.927846
215.000000	0.904850
220.000000	0.873867
225.000000	0.813363
230.000000	0.761342
235.000000	0.686497
240.000000	0.593490
245.000000	0.507235
250.000000	0.404579
255.000000	0.304225
