255.000000	0.000000	0.000000	0.000000	0.363932	0.158980	0.340228	0.170877
250.000000	0.006131	0.006131	0.318986	0.402412	0.177202	0.311148	0.157488
245.000000	0.056217	0.056217	0.273902	0.402569	0.169595	0.311914	0.155513
240.000000	0.088089	0.088089	0.395949	0.413611	0.179036	0.336363	0.159314
235.000000	0.134450	0.134450	0.540749	0.419453	0.177848	0.323580	0.157881
230.000000	0.177486	0.177486	0.499419	0.420203	0.171804	0.336074	0.165616
225.000000	0.237708	0.237708	0.326803	0.389692	0.155343	0.326848	0.165642
220.000000	0.283469	0.283469	0.267803	0.379350	0.148724	0.343560	0.176150
215.000000	0.317576	0.317576	0.294662	0.381142	0.144880	0.345637	0.182424
210.000000	0.299908	0.299908	0.580123	0.406637	0.157687	0.360826	0.187583
205.000000	0.314764	0.314764	0.551164	0.400780	0.148756	0.401048	0.209188
200.000000	0.297383	0.297383	0.771183	0.417987	0.160241	0.396442	0.206739
195.000000	0.319377	0.319377	0.828172	0.410476	0.159066	0.378297	0.200346
190.000000	0.378813	0.378813	0.690246	0.404253	0.142547	0.399705	0.215414
185.000000	0.445201	0.445201	0.653972	0.407359	0.141160	0.363264	0.210567
180.000000	0.468326	0.468326	0.705161	0.394748	0.130077	0.385383	0.222827
175.000000	0.496989	0.496989	0.720250	0.403210	0.132727	0.358796	0.219765
170.000000	0.503865	0.503865	0.807227	0.395180	0.126464	0.366062	0.228079
165.000000	0.498863	0.498863	0.957179	0.396830	0.130558	0.361324	0.224819
160.000000	0.489753	0.489753	1.052997	0.386351	0.136345	0.356412	0.220777
155.000000	0.494002	0.494002	1.042604	0.388191	0.132001	0.358626	0.227792
150.000000	0.548110	0.548110	0.869762	0.389793	0.123428	0.355250	0.221734
145.000000	0.611035	0.611035	0.686324	0.389971	0.115708	0.357424	0.229350
140.000000	0.503178	0.503178	1.115987	0.395633	0.136025	0.360288	0.233508
135.000000	0.467656	0.467656	1.507484	0.407110	0.170450	0.376445	0.234831
130.000000	0.561849	0.561849	1.148890	0.384179	0.126595	0.363262	0.233756
125.000000	0.692686	0.692686	0.815273	0.395705	0.114074	0.343849	0.232374
120.000000	0.737032	0.737032	0.713482	0.388074	0.111356	0.354935	0.237284
115.000000	0.786646	0.786646	0.585669	0.382251	0.116484	0.345840	0.231552
110.000000	0.791720	0.791720	0.639022	0.387317	0.114507	0.355698	0.239192
105.000000	0.802677	0.802677	0.612564	0.393393	0.116974	0.349984	0.235272
100.000000	0.818473	0.818473	0.589964	0.393601	0.118179	0.347752	0.233528
95.000000	0.835808	0.835808	0.512614	0.385546	0.123049	0.340592	0.228019
90.000000	0.860294	0.860294	0.464172	0.381562	0.126189	0.340923	0.233690
85.000000	0.856048	0.856048	0.549453	0.390982	0.121631	0.346193	0.236437
80.000000	0.843838	0.843838	0.623246	0.391305	0.115823	0.348218	0.235907
75.000000	0.830999	0.830999	0.721308	0.373872	0.103932	0.356876	0.245514
70.000000	0.840530	0.840530	0.683750	0.393296	0.111600	0.344365	0.235569
65.000000	0.852859	0.852859	0.647027	0.380700	0.109587	0.344640	0.241263
60.000000	0.868242	0.868242	0.598271	0.396909	0.117177	0.346235	0.237768
55.000000	0.866797	0.866797	0.582602	0.391330	0.117071	0.347952	0.242825
50.000000	0.880463	0.880463	0.529663	0.393850	0.120716	0.346721	0.242373
45.000000	0.876017	0.876017	0.531445	0.395502	0.122683	0.345895	0.235908
40.000000	0.882510	0.882510	0.517173	0.387887	0.120125	0.342575	0.238971
35.000000	0.884556	0.884556	0.528777	0.394788	0.120889	0.346182	0.238004
30.000000	0.875150	0.875150	0.569745	0.400183	0.120727	0.346313	0.236654
25.000000	0.880991	0.880991	0.558431	0.381438	0.115160	0.350948	0.243686
20.000000	0.886928	0.886928	0.513526	0.400903	0.123480	0.345218	0.237736
15.000000	0.884942	0.884942	0.524258	0.395738	0.121471	0.346440	0.237365
10.000000	0.873582	0.873582	0.558826	0.374407	0.111785	0.347257	0.244342
5.000000	0.872594	0.872594	0.556194	0.394481	0.116647	0.336143	0.232307
0.000000	0.882186	0.882186	0.546568	0.383329	0.112979	0.329279	0.232718
