255.000000	0.000000	0.000000	0.000000	0.449490	0.062120	0.441161	0.175227
250.000000	0.009127	0.001317	0.016938	0.453845	0.057554	0.473849	0.187678
245.000000	0.024057	-0.035378	0.083491	0.454761	0.060625	0.499564	0.198968
240.000000	0.045370	-0.092223	0.182962	0.468249	0.050203	0.515889	0.236057
235.000000	0.060096	-0.124748	0.244939	0.465379	0.053594	0.543269	0.227851
230.000000	0.081417	-0.182722	0.345556	0.457464	0.062926	0.533373	0.246392
225.000000	0.094134	-0.163605	0.351872	0.448815	0.058561	0.540366	0.209702
220.000000	0.119296	-0.182263	0.420855	0.455023	0.053343	0.568237	0.176527
215.000000	0.134974	-0.218282	0.488229	0.452951	0.051966	0.564752	0.175274
210.000000	0.158739	-0.262905	0.580383	0.454613	0.043563	0.569169	0.157078
205.000000	0.156407	-0.241678	0.554491	0.452582	0.056598	0.527721	0.202450
200.000000	0.146941	-0.229621	0.523502	0.469766	0.060751	0.515790	0.221401
195.000000	0.161931	-0.253652	0.577514	0.464123	0.063847	0.505929	0.220645
190.000000	0.167778	-0.265574	0.601130	0.467377	0.061456	0.491004	0.209277
185.000000	0.195188	-0.257907	0.648283	0.460320	0.059040	0.492573	0.184544
180.000000	0.202940	-0.249091	0.654970	0.462113	0.058150	0.484153	0.173374
175.000000	0.210140	-0.241411	0.661691	0.463370	0.056720	0.476661	0.164142
170.000000	0.207194	-0.257017	0.671404	0.467494	0.058933	0.465797	0.171376
165.000000	0.218442	-0.284199	0.721083	0.463524	0.060041	0.463004	0.167916
160.000000	0.262844	-0.286109	0.811797	0.455152	0.051986	0.481806	0.131000
155.000000	0.308982	-0.313721	0.931684	0.450654	0.040931	0.493928	0.097285
150.000000	0.318799	-0.368756	1.006353	0.451679	0.041163	0.494952	0.100254
145.000000	0.291898	-0.372911	0.956707	0.453610	0.049174	0.486149	0.124208
140.000000	0.276535	-0.368252	0.921322	0.455973	0.054972	0.477563	0.133861
135.000000	0.309643	-0.389753	1.009039	0.457018	0.049415	0.484845	0.117128
130.000000	0.320787	-0.380240	1.021813	0.453752	0.050258	0.491772	0.113014
125.000000	0.307983	-0.543939	1.159904	0.460010	0.049446	0.502580	0.114783
120.000000	0.324505	-0.479821	1.128831	0.454669	0.049983	0.503337	0.114677
115.000000	0.335203	-0.467570	1.137975	0.458452	0.050900	0.503932	0.106096
110.000000	0.382475	-0.608369	1.373318	0.467067	0.040244	0.511218	0.078518
105.000000	0.404229	-0.414621	1.223079	0.456263	0.044787	0.513456	0.085007
100.000000	0.396194	-0.672894	1.465283	0.472849	0.037223	0.505186	0.067464
95.000000	0.406503	-0.524306	1.337311	0.462525	0.042967	0.509208	0.081920
90.000000	0.420966	-0.495122	1.337054	0.464109	0.045714	0.509783	0.078738
85.000000	0.479512	-0.485845	1.444870	0.464436	0.042000	0.510123	0.068200
80.000000	0.509327	-0.461963	1.480617	0.463021	0.041971	0.513807	0.067089
75.000000	0.522002	-0.492377	1.536380	0.465597	0.043391	0.513250	0.061093
70.000000	0.535499	-0.441022	1.512021	0.462600	0.042056	0.512996	0.063860
65.000000	0.491786	-0.491279	1.474851	0.466640	0.044538	0.512518	0.068021
60.000000	0.422159	-0.483039	1.327357	0.464323	0.049134	0.507754	0.081865
55.000000	0.388278	-0.499564	1.276121	0.462930	0.049688	0.504056	0.093182
50.000000	0.371468	-0.515224	1.258161	0.465623	0.052906	0.505322	0.097408
45.000000	0.361192	-0.512069	1.234452	0.465029	0.054642	0.505719	0.100869
40.000000	0.359690	-0.521264	1.240645	0.462329	0.052902	0.503342	0.103948
35.000000	0.341766	-0.515000	1.198531	0.464239	0.057447	0.496738	0.110983
30.000000	0.333323	-0.503751	1.170397	0.463140	0.058746	0.495783	0.117047
25.000000	0.340845	-0.500341	1.182031	0.461981	0.057267	0.499063	0.115792
20.000000	0.339535	-0.494748	1.173819	0.464998	0.059486	0.495432	0.113572
15.000000	0.358898	-0.459876	1.177673	0.462333	0.056617	0.498427	0.107857
10.000000	0.360453	-0.446384	1.167291	0.462193	0.057153	0.494343	0.107610
5.000000	0.351476	-0.433930	1.136882	0.460668	0.058018	0.494423	0.108933
0.000000	0.349756	-0.385082	1.084594	0.459319	0.058526	0.489287	0.111984
