255.000000	0.000000	0.000000	0.000000	0.320081	0.265751	0.385255	0.250238
250.000000	0.005550	0.005550	-0.022691	0.321664	0.270257	0.389448	0.252381
245.000000	0.007202	0.007202	-0.031252	0.321993	0.270055	0.392050	0.250255
240.000000	0.008764	0.008764	-0.039856	0.320850	0.271456	0.389672	0.250368
235.000000	0.010156	0.010156	-0.031726	0.320900	0.269231	0.386203	0.248316
230.000000	0.008576	0.008576	-0.017417	0.320723	0.269939	0.389530	0.253932
225.000000	0.003893	0.003893	-0.021822	0.319259	0.267477	0.395035	0.251574
220.000000	0.000380	0.000380	-0.010766	0.322707	0.267415	0.391657	0.254388
215.000000	0.004577	-0.004577	-0.028886	0.320676	0.265687	0.390386	0.251303
210.000000	0.002514	-0.002514	-0.031110	0.325555	0.268784	0.391115	0.251476
205.000000	0.003630	0.003630	-0.005896	0.318328	0.262344	0.389414	0.248379
200.000000	0.011359	0.011359	0.022007	0.324058	0.262536	0.389801	0.250516
195.000000	0.013187	0.013187	0.047840	0.321306	0.259426	0.387411	0.250598
190.000000	0.013872	0.013872	0.081893	0.320396	0.254252	0.390175	0.253459
185.000000	0.012917	0.012917	0.145036	0.317698	0.242826	0.385152	0.249817
180.000000	0.011177	0.011177	0.179348	0.317462	0.238894	0.392433	0.251472
175.000000	0.010915	0.010915	0.179490	0.317888	0.240212	0.387362	0.250958
170.000000	0.008678	0.008678	0.179190	0.315642	0.240414	0.389169	0.250444
165.000000	0.000311	0.000311	0.189969	0.318255	0.237823	0.388929	0.251744
160.000000	0.004570	-0.004570	0.160081	0.318824	0.241509	0.389516	0.254077
155.000000	0.003466	-0.003466	0.167875	0.318624	0.238649	0.384757	0.249102
150.000000	0.000575	-0.000575	0.227325	0.316050	0.233373	0.390332	0.249761
145.000000	0.003843	-0.003843	0.270340	0.315607	0.227627	0.394427	0.248595
140.000000	0.002242	-0.002242	0.220065	0.319497	0.234323	0.390755	0.247900
135.000000	0.001745	-0.001745	0.173622	0.318428	0.240650	0.387714	0.248963
130.000000	0.001764	-0.001764	0.144227	0.318219	0.244276	0.390773	0.248175
125.000000	0.002511	-0.002511	0.117597	0.316931	0.246461	0.390918	0.247608
120.000000	0.002880	-0.002880	0.078098	0.323230	0.254825	0.390039	0.246239
115.000000	0.001660	-0.001660	0.082410	0.321801	0.254503	0.392630	0.243638
110.000000	0.001043	0.001043	0.107401	0.321424	0.248707	0.389570	0.238905
105.000000	0.005948	0.005948	0.128433	0.320656	0.248022	0.388159	0.231523
100.000000	0.014102	0.014102	0.144483	0.324377	0.243884	0.391979	0.224860
95.000000	0.026396	0.026396	0.175923	0.327061	0.240326	0.392471	0.209384
90.000000	0.041308	0.041308	0.205996	0.332532	0.233871	0.404159	0.200499
85.000000	0.060321	0.060321	0.236610	0.339906	0.231349	0.405010	0.187095
80.000000	0.080477	0.080477	0.289368	0.344898	0.226151	0.418420	0.177293
75.000000	0.104095	0.104095	0.360183	0.345008	0.215137	0.417534	0.163855
70.000000	0.126989	0.126989	0.436211	0.340026	0.203146	0.404979	0.150286
65.000000	0.148230	0.148230	0.523562	0.327159	0.189009	0.397022	0.141981
60.000000	0.171200	0.171200	0.562914	0.330062	0.187991	0.392953	0.137256
55.000000	0.185570	0.185570	0.587989	0.329632	0.184426	0.394930	0.138587
50.000000	0.188340	0.188340	0.636931	0.323610	0.179938	0.390829	0.139299
45.000000	0.196690	0.196690	0.673268	0.323811	0.178840	0.391207	0.141540
40.000000	0.212464	0.212464	0.587232	0.328070	0.188676	0.390661	0.146115
35.000000	0.223886	0.223886	0.521819	0.336764	0.199781	0.391520	0.150191
30.000000	0.234913	0.234913	0.443320	0.350080	0.216871	0.401074	0.157062
25.000000	0.243653	0.243653	0.403154	0.350480	0.223421	0.401622	0.162279
20.000000	0.241786	0.241786	0.331226	0.350004	0.235984	0.405139	0.167326
15.000000	0.233953	0.233953	0.315846	0.346856	0.235520	0.403798	0.170665
10.000000	0.223465	0.223465	0.266456	0.349913	0.244163	0.404655	0.173387
5.000000	0.219451	0.219451	0.293153	0.347017	0.237084	0.401910	0.174171
0.000000	0.216324	0.216324	0.358048	0.347868	0.229468	0.405512	0.173865
