0.000000	0.998634
5.000000	0.998517
10.000000	0.998739
15.000000	0.998791
20.000000	0.998646
25.000000	0.998987
30.000000	0.999176
35.000000	0.999065
40.000000	0.999367
45.000000	0.999035
50.000000	0.999531
55.000000	0.999714
60.000000	0.999684
65.000000	1.000000
70.000000	0.999805
75.000000	0.999235
80.000000	0.999262
85.000000	0.998933
90.000000	0.998571
95.000000	0.998292
100.000000	0.997854
105.000000	0.997128
110.000000	0.996367
115.000000	0.996254
120.000000	0.994836
125.000000	0.993525
130.000000	0.992437
135.000000	0.990446
140.000000	0.988750
145.000000	0.987322
150.000000	0.984507
155.000000	0.982366
160.000000	0.978043
165.000000	0.974458
170.000000	0.969511
175.000000	0.962954
180.000000	0.956506
185.000000	0.946948
190.000000	0.938326
195.000000	0.927133
200.000000	0.916133
205.000000	0.902226
210.000000	0.883673
215.000000	0.866678
220.000000	0.848150
225.000000	0.830119
230.000000	0.811603
235.000000	0.794510
240.000000	0.780830
245.000000	0.777766
250.000000	0.776581
255.000000	0.788785
