255.000000	0.000000	0.000000	0.000000	0.412036	0.073825	0.462991	0.088896
250.000000	0.048535	-0.048535	0.079420	0.412340	0.081985	0.440164	0.091351
245.000000	0.087871	-0.087871	-0.147224	0.416646	0.076257	0.429115	0.076973
240.000000	0.125865	-0.125865	-0.351401	0.418767	0.073155	0.424970	0.074484
235.000000	0.143608	-0.143608	-0.592421	0.419916	0.076224	0.433834	0.087636
230.000000	0.122500	-0.122500	-0.596841	0.417010	0.080947	0.429800	0.092338
225.000000	0.148862	-0.148862	-0.512654	0.421336	0.079694	0.428520	0.097579
220.000000	0.132975	-0.132975	-0.767422	0.421509	0.085978	0.425089	0.115751
215.000000	0.114241	-0.114241	-1.094755	0.415653	0.118132	0.433849	0.152859
210.000000	0.112963	-0.112963	-1.082070	0.412712	0.118485	0.435151	0.154717
205.000000	0.117350	-0.117350	-0.950246	0.407855	0.109560	0.428653	0.145414
200.000000	0.107138	-0.107138	-0.821134	0.411640	0.101414	0.429847	0.139600
195.000000	0.108935	-0.108935	-0.655589	0.411366	0.097996	0.440864	0.129219
190.000000	0.134526	-0.134526	-0.484759	0.420363	0.094126	0.433579	0.126226
185.000000	0.132534	-0.132534	-0.407401	0.416337	0.096247	0.433103	0.123579
180.000000	0.137266	-0.137266	-0.343037	0.416682	0.096929	0.431443	0.125178
175.000000	0.142654	-0.142654	-0.307368	0.413982	0.098996	0.425563	0.126207
170.000000	0.144913	-0.144913	-0.325693	0.413372	0.094686	0.433667	0.125732
165.000000	0.142602	-0.142602	-0.384947	0.415270	0.095193	0.433132	0.129783
160.000000	0.136437	-0.136437	-0.351380	0.414915	0.092816	0.431713	0.126854
155.000000	0.134319	-0.134319	-0.485290	0.421895	0.091400	0.437578	0.133713
150.000000	0.137059	-0.137059	-0.485883	0.417381	0.089249	0.440784	0.133621
145.000000	0.143088	-0.143088	-0.486325	0.421576	0.087644	0.439832	0.134025
140.000000	0.129990	-0.129990	-0.561407	0.418508	0.088429	0.438467	0.136864
135.000000	0.094275	-0.094275	-0.785911	0.415459	0.096013	0.448756	0.154432
130.000000	0.094626	-0.094626	-0.785295	0.411210	0.096856	0.441688	0.153751
125.000000	0.087169	-0.087169	-0.837389	0.414676	0.099297	0.440836	0.158733
120.000000	0.084913	-0.084913	-0.824901	0.417603	0.097622	0.436852	0.156168
115.000000	0.096255	-0.096255	-0.737661	0.416530	0.093828	0.444257	0.149287
110.000000	0.115072	-0.115072	-0.626004	0.419991	0.087795	0.440150	0.141600
105.000000	0.123731	-0.123731	-0.662006	0.412721	0.094375	0.449264	0.146558
100.000000	0.124595	-0.124595	-0.644843	0.419574	0.093637	0.443264	0.146704
95.000000	0.123387	-0.123387	-0.703937	0.409070	0.103267	0.446578	0.152423
90.000000	0.122535	-0.122535	-0.713202	0.413109	0.103268	0.442652	0.153901
85.000000	0.123026	-0.123026	-0.686406	0.410894	0.102923	0.445938	0.150457
80.000000	0.129835	-0.129835	-0.612645	0.416504	0.105151	0.442499	0.146993
75.000000	0.133683	-0.133683	-0.512986	0.413412	0.105789	0.433771	0.139153
70.000000	0.135468	-0.135468	-0.520200	0.414661	0.106171	0.435650	0.140865
65.000000	0.130416	-0.130416	-0.561500	0.415358	0.106625	0.437076	0.142244
60.000000	0.134321	-0.134321	-0.508116	0.413329	0.103589	0.440337	0.137825
55.000000	0.137224	-0.137224	-0.516795	0.415921	0.102565	0.434666	0.139578
50.000000	0.134535	-0.134535	-0.598649	0.414309	0.103354	0.439233	0.144292
45.000000	0.133825	-0.133825	-0.658375	0.410719	0.103834	0.447236	0.149313
40.000000	0.131906	-0.131906	-0.653599	0.412539	0.102286	0.440702	0.148595
35.000000	0.136828	-0.136828	-0.599565	0.411510	0.100474	0.443221	0.144214
30.000000	0.124487	-0.124487	-0.628041	0.416939	0.103993	0.437865	0.145618
25.000000	0.121896	-0.121896	-0.617543	0.414014	0.101783	0.442356	0.142960
20.000000	0.126130	-0.126130	-0.611700	0.416639	0.105879	0.441212	0.145014
15.000000	0.127871	-0.127871	-0.652674	0.409809	0.105596	0.440726	0.147042
10.000000	0.136304	-0.136304	-0.618921	0.416908	0.105230	0.435856	0.146951
5.000000	0.135450	-0.135450	-0.562425	0.416098	0.103798	0.439792	0.141182
0.000000	0.141199	-0.141199	-0.488899	0.415213	0.104093	0.437762	0.137442
