255.000000	0.000000	0.000000	0.000000	0.400786	0.082414	0.414018	0.199800
250.000000	0.002082	-0.039986	0.035822	0.395967	0.084214	0.417230	0.195274
245.000000	0.009044	-0.068301	0.050212	0.401257	0.084649	0.414521	0.193628
240.000000	0.078863	0.032327	-0.190054	0.399512	0.097381	0.407281	0.190306
235.000000	0.058821	0.055898	-0.173540	0.397192	0.099902	0.409174	0.186913
230.000000	0.053290	0.082112	-0.188692	0.402651	0.099154	0.403119	0.187805
225.000000	0.046545	0.103959	-0.197049	0.397635	0.099894	0.402961	0.189513
220.000000	0.015312	0.063761	-0.033138	0.392255	0.084851	0.410628	0.193365
215.000000	0.195317	-0.138967	0.529602	0.402516	0.100998	0.404150	0.179091
210.000000	0.106592	-0.012478	0.225661	0.391965	0.074658	0.416883	0.187591
205.000000	0.077426	0.092651	0.062201	0.402561	0.071389	0.404729	0.181825
200.000000	0.118500	0.049211	0.187790	0.404918	0.063428	0.414132	0.184032
195.000000	0.085484	0.156668	0.014299	0.406393	0.064796	0.419596	0.186858
190.000000	0.083230	0.201633	-0.035173	0.421477	0.067388	0.406960	0.180155
185.000000	0.118922	0.163445	0.074399	0.422271	0.055854	0.415466	0.181863
180.000000	0.130862	0.174110	0.087614	0.427395	0.050847	0.415037	0.182249
175.000000	0.148318	0.162272	0.134363	0.433181	0.047446	0.408777	0.178006
170.000000	0.202362	-0.006858	0.411581	0.427500	0.043538	0.419556	0.180571
165.000000	0.238844	-0.099301	0.576988	0.420323	0.045585	0.419604	0.176642
160.000000	0.207312	0.062800	0.351825	0.433413	0.035782	0.415468	0.175296
155.000000	0.237392	0.002029	0.472755	0.432564	0.037925	0.416804	0.178161
150.000000	0.287895	-0.115130	0.690920	0.416560	0.046812	0.417865	0.174559
145.000000	0.301511	-0.116890	0.719913	0.415517	0.060653	0.421479	0.176890
140.000000	0.298057	-0.136785	0.732898	0.421822	0.060799	0.422566	0.179567
135.000000	0.264418	-0.066370	0.595206	0.424238	0.038138	0.418283	0.174837
130.000000	0.253589	-0.029086	0.536265	0.422183	0.024943	0.417797	0.174082
125.000000	0.249101	0.006206	0.491996	0.424996	0.018896	0.417648	0.173459
120.000000	0.241563	0.112355	0.370771	0.425398	0.014838	0.413482	0.171305
115.000000	0.226817	0.298411	0.155222	0.428853	0.020965	0.413737	0.173536
110.000000	0.213768	0.458388	-0.030851	0.428399	0.028001	0.413429	0.171234
105.000000	0.243385	0.300603	0.186167	0.426269	0.019780	0.411378	0.172293
100.000000	0.222917	0.481373	-0.035538	0.427589	0.022457	0.411896	0.170701
95.000000	0.271776	0.045058	0.498495	0.416625	0.013106	0.414152	0.170625
90.000000	0.280877	0.005139	0.556615	0.421883	0.010299	0.413136	0.169232
85.000000	0.329876	-0.215252	0.875003	0.416462	0.028624	0.412658	0.168381
80.000000	0.289507	-0.179801	0.758815	0.415424	0.017428	0.411636	0.168398
75.000000	0.224990	0.645131	-0.195151	0.425300	0.034199	0.409958	0.165949
70.000000	0.272985	0.584504	-0.038535	0.419215	0.004479	0.410673	0.165714
65.000000	0.297300	1.513181	-0.918580	0.419836	0.008934	0.414170	0.167301
60.000000	0.300695	1.596324	-0.994934	0.417475	0.010524	0.412774	0.165022
55.000000	0.306622	1.568972	-0.955728	0.416330	0.014751	0.414225	0.166068
50.000000	0.326257	1.638741	-0.986227	0.414066	0.025124	0.413059	0.166442
45.000000	0.326751	1.586583	-0.933081	0.413700	0.023676	0.415555	0.166815
40.000000	0.303573	1.683000	-1.075853	0.418467	0.013423	0.412434	0.166993
35.000000	0.296156	1.286132	-0.693820	0.417598	0.011971	0.411977	0.163897
30.000000	0.287407	1.125844	-0.551029	0.418599	0.013934	0.412045	0.164079
25.000000	0.304996	1.399713	-0.789722	0.417121	0.015743	0.414972	0.165578
20.000000	0.320035	1.525714	-0.885644	0.412620	0.017551	0.412136	0.165447
15.000000	0.296491	1.334339	-0.741356	0.416765	0.013267	0.412106	0.164373
10.000000	0.246302	0.830852	-0.338249	0.419628	0.028473	0.409671	0.163112
5.000000	0.254803	0.881327	-0.371720	0.419274	0.027613	0.411177	0.161248
0.000000	0.219433	0.766496	-0.327629	0.412700	0.046010	0.408552	0.161356
