0.000000	0.995588
5.000000	0.995556
10.000000	0.996148
15.000000	0.995861
20.000000	0.998662
25.000000	0.997147
30.000000	1.000000
35.000000	0.997085
40.000000	0.999209
45.000000	0.999784
50.000000	0.997745
55.000000	0.999743
60.000000	0.998634
65.000000	0.997348
70.000000	0.997315
75.000000	0.994024
80.000000	0.988517
85.000000	0.983172
90.000000	0.975808
95.000000	0.973277
100.000000	0.963375
105.000000	0.955501
110.000000	0.944814
115.000000	0.937539
120.000000	0.923840
125.000000	0.914162
130.000000	0.901331
135.000000	0.884185
140.000000	0.869815
145.000000	0.851773
150.000000	0.830824
155.000000	0.808980
160.000000	0.789313
165.000000	0.759163
170.000000	0.734064
175.000000	0.704690
180.000000	0.670607
185.000000	0.636260
190.000000	0.603174
195.000000	0.566328
200.000000	0.529409
205.000000	0.493099
210.000000	0.449853
215.000000	0.420909
220.000000	0.393398
225.000000	0.375912
230.000000	0.369441
235.000000	0.371676
240.000000	0.400397
245.000000	0.431449
250.000000	0.494019
255.000000	0.570173
