255.000000	0.000000	0.000000	0.000000	0.362736	0.083191	0.390746	0.290251
250.000000	0.112092	-0.125328	0.349511	0.344027	0.071303	0.376667	0.294527
245.000000	0.074059	-0.064825	0.212943	0.340628	0.076477	0.376766	0.296871
240.000000	0.052019	-0.042368	0.146407	0.344020	0.081502	0.379772	0.295484
235.000000	0.033031	-0.021239	0.087302	0.344697	0.087308	0.381340	0.295910
230.000000	0.067230	-0.077694	0.212154	0.344486	0.075574	0.379647	0.295841
225.000000	0.133332	-0.226057	0.492722	0.347243	0.075402	0.378111	0.297884
220.000000	0.179479	-0.306709	0.665667	0.366268	0.094778	0.384056	0.297115
215.000000	0.182982	-0.311920	0.677884	0.361634	0.095614	0.381702	0.297908
210.000000	0.205090	-0.324205	0.734385	0.369083	0.107059	0.382090	0.294703
205.000000	0.230462	-0.329906	0.790831	0.367806	0.117742	0.384200	0.294111
200.000000	0.249701	-0.328997	0.828398	0.376630	0.127174	0.380569	0.294021
195.000000	0.264690	-0.326006	0.855385	0.376002	0.134002	0.381809	0.296245
190.000000	0.268218	-0.321980	0.858415	0.378228	0.134114	0.381876	0.297223
185.000000	0.262455	-0.318802	0.843712	0.374111	0.127302	0.385366	0.299874
180.000000	0.247393	-0.318986	0.813772	0.368313	0.116861	0.384574	0.297114
175.000000	0.240239	-0.319297	0.799775	0.368681	0.113280	0.385879	0.298409
170.000000	0.244880	-0.327486	0.817245	0.368856	0.117362	0.383248	0.297268
165.000000	0.230018	-0.323821	0.783857	0.365958	0.109423	0.388732	0.296385
160.000000	0.135887	-0.205050	0.476825	0.347126	0.069754	0.377541	0.293683
155.000000	0.212939	-0.310824	0.736703	0.360279	0.099526	0.387181	0.295707
150.000000	0.252206	-0.330376	0.834787	0.369013	0.120973	0.382171	0.294504
145.000000	0.243393	-0.329306	0.816093	0.365684	0.114512	0.388834	0.297719
140.000000	0.219135	-0.319572	0.757842	0.362888	0.101338	0.383111	0.293427
135.000000	0.251889	-0.321105	0.824884	0.368089	0.112766	0.381722	0.297492
130.000000	0.237905	-0.314205	0.790015	0.358951	0.099244	0.385725	0.297166
125.000000	0.221549	-0.289572	0.732670	0.356333	0.088608	0.384803	0.299000
120.000000	0.185775	-0.224762	0.596312	0.356816	0.075031	0.384842	0.301732
115.000000	0.204924	-0.265979	0.675826	0.364141	0.085965	0.382384	0.299811
110.000000	0.182228	-0.196408	0.560864	0.353113	0.067460	0.385480	0.306909
105.000000	0.185346	-0.074860	0.445552	0.353253	0.060045	0.386940	0.311630
100.000000	0.204647	0.046763	0.362530	0.353541	0.055447	0.373165	0.302778
95.000000	0.346572	-0.123671	0.816814	0.372448	0.053634	0.370777	0.304376
90.000000	0.428815	-0.005130	0.862760	0.374984	0.036806	0.370486	0.304950
85.000000	0.558654	-0.103480	1.220788	0.375561	0.041750	0.370990	0.302453
80.000000	0.672581	-0.119727	1.464889	0.371412	0.048537	0.373881	0.304173
75.000000	0.756306	-0.146802	1.659413	0.362381	0.045387	0.375892	0.307768
70.000000	0.852189	-0.083694	1.788073	0.355446	0.060837	0.364438	0.298258
65.000000	0.945041	0.023176	1.866905	0.354971	0.079435	0.376827	0.307773
60.000000	0.987969	0.024907	1.951030	0.354533	0.069374	0.356524	0.296945
55.000000	1.062747	0.137861	1.987632	0.362325	0.085080	0.353698	0.299400
50.000000	1.133504	0.241231	2.025778	0.353306	0.103435	0.341735	0.292592
45.000000	1.168947	0.292128	2.045766	0.360774	0.105488	0.343616	0.297719
40.000000	1.163911	0.291856	2.035967	0.364307	0.086173	0.340278	0.296336
35.000000	1.158177	0.292063	2.024290	0.369818	0.073744	0.350126	0.291536
30.000000	1.161578	0.315266	2.007891	0.364928	0.076443	0.339414	0.263325
25.000000	1.132892	0.298719	1.967064	0.371350	0.070020	0.344318	0.246795
20.000000	1.097964	0.283217	1.912712	0.375721	0.076037	0.361472	0.227733
15.000000	1.034428	0.232316	1.836540	0.372348	0.082849	0.381033	0.208104
10.000000	0.956935	0.161605	1.752264	0.371607	0.091017	0.402302	0.201222
5.000000	0.899444	0.111296	1.687592	0.378084	0.110342	0.409293	0.200575
0.000000	0.809514	0.033332	1.585695	0.375988	0.076151	0.383218	0.186013
