0.000000	0.624189
5.000000	0.637964
10.000000	0.666273
15.000000	0.693500
20.000000	0.716579
25.000000	0.796721
30.000000	0.852124
35.000000	0.893165
40.000000	0.953232
45.000000	0.989097
50.000000	0.998831
55.000000	0.955033
60.000000	0.873457
65.000000	0.706510
70.000000	0.497066
75.000000	0.254019
80.000000	0.138834
85.000000	0.082710
90.000000	0.129826
95.000000	0.285766
100.000000	0.466912
105.000000	0.621172
110.000000	0.700287
115.000000	0.797681
120.000000	0.842967
125.000000	0.888077
130.000000	0.927378
135.000000	0.943269
140.000000	0.960574
145.000000	0.975125
150.000000	0.984387
155.000000	0.987038
160.000000	0.989615
165.000000	0.963045
170.000000	0.994348
175.000000	0.995427
180.000000	0.995588
185.000000	0.968120
190.000000	0.997777
195.000000	0.997933
200.000000	0.997031
205.000000	0.997884
210.000000	0.997589
215.000000	0.997369
220.000000	0.999895
225.000000	0.998659
230.000000	0.999640
235.000000	1.000000
240.000000	0.998776
245.000000	0.998495
250.000000	0.998341
255.000000	0.999216
