255.000000	0.000000	0.000000	0.000000	0.327418	0.153176	0.503160	0.167199
250.000000	0.003920	0.180103	0.003920	0.332925	0.153184	0.498564	0.155875
245.000000	0.020349	0.428445	0.020349	0.340877	0.157992	0.491878	0.141858
240.000000	0.078602	0.845383	0.078602	0.338361	0.160930	0.496527	0.142626
235.000000	0.059408	0.724549	0.059408	0.343366	0.163457	0.493118	0.142076
230.000000	0.037481	0.509410	0.037481	0.349360	0.165530	0.487341	0.141114
225.000000	0.059263	0.437299	0.059263	0.348494	0.162212	0.488905	0.143821
220.000000	0.072930	0.393507	0.072930	0.342540	0.158309	0.487845	0.143868
215.000000	0.083958	0.332313	0.083958	0.341396	0.156293	0.489200	0.146782
210.000000	0.082285	0.406558	0.082285	0.347492	0.160339	0.488919	0.144886
205.000000	0.069259	0.406514	0.069259	0.348432	0.161474	0.489354	0.144719
200.000000	0.057968	0.307737	0.057968	0.341542	0.158475	0.488837	0.147511
195.000000	0.056527	0.266405	0.056527	0.341570	0.156401	0.492010	0.150592
190.000000	0.045906	0.240036	0.045906	0.339853	0.156474	0.491898	0.151490
185.000000	0.053021	0.173040	0.053021	0.333777	0.154046	0.495244	0.155212
180.000000	0.051364	0.079451	0.051364	0.328028	0.150985	0.496689	0.160214
175.000000	0.060186	0.002770	0.060186	0.321262	0.149782	0.498532	0.165048
170.000000	0.068886	-0.089325	0.068886	0.317754	0.150007	0.505899	0.171762
165.000000	0.063211	-0.041399	0.063211	0.324061	0.151505	0.502253	0.168076
160.000000	0.049277	-0.032287	0.049277	0.324168	0.151388	0.499897	0.167198
155.000000	0.065754	-0.082142	0.065754	0.316058	0.150368	0.500869	0.169705
150.000000	0.078465	-0.002080	0.078465	0.322166	0.150090	0.496899	0.163461
145.000000	0.065672	0.059221	0.065672	0.326704	0.151123	0.494715	0.160671
140.000000	0.072448	0.030192	0.072448	0.328997	0.151558	0.497901	0.163381
135.000000	0.080888	0.038238	0.080888	0.326928	0.151190	0.495071	0.162065
130.000000	0.075006	0.101282	0.075006	0.329987	0.152548	0.495746	0.159289
125.000000	0.070763	0.030342	0.070763	0.327037	0.152195	0.496313	0.163629
120.000000	0.074915	-0.124695	0.074915	0.316474	0.150832	0.507202	0.174515
115.000000	0.085215	-0.263992	0.085215	0.316856	0.150781	0.507137	0.183410
110.000000	0.091869	-0.386105	0.091869	0.323418	0.149610	0.500428	0.187819
105.000000	0.096341	-0.477167	0.096341	0.331154	0.149800	0.478471	0.184859
100.000000	0.100620	-0.441768	0.100620	0.328615	0.149532	0.487262	0.188382
95.000000	0.105499	-0.329988	0.105499	0.324847	0.149422	0.493010	0.188852
90.000000	0.111450	-0.176298	0.111450	0.318552	0.152141	0.491757	0.187266
85.000000	0.120796	-0.119556	0.120796	0.319129	0.154142	0.479973	0.189168
80.000000	0.114655	-0.087164	0.114655	0.323407	0.153762	0.465543	0.191464
75.000000	0.113913	-0.097903	0.113913	0.320513	0.153185	0.459926	0.199920
70.000000	0.095807	-0.069867	0.095807	0.323330	0.153171	0.452837	0.204155
65.000000	0.071488	-0.010334	0.071488	0.326851	0.153550	0.456943	0.206647
60.000000	0.063778	0.022313	0.063778	0.330406	0.152745	0.459454	0.205141
55.000000	0.061965	0.059346	0.061965	0.333420	0.153271	0.459967	0.199176
50.000000	0.069466	0.142966	0.069466	0.335414	0.153856	0.462687	0.189602
45.000000	0.075611	0.153754	0.075611	0.335193	0.153770	0.461563	0.183461
40.000000	0.085824	0.097105	0.085824	0.331572	0.153473	0.457977	0.179886
35.000000	0.091275	0.054538	0.091275	0.327789	0.152930	0.462275	0.179471
30.000000	0.093893	-0.022851	0.093893	0.321852	0.153481	0.456388	0.177769
25.000000	0.097554	-0.117836	0.097554	0.317501	0.153699	0.457972	0.179230
20.000000	0.113129	-0.184529	0.113129	0.317168	0.152236	0.459744	0.181502
15.000000	0.127707	-0.176727	0.127707	0.320419	0.153044	0.461068	0.177559
10.000000	0.129871	-0.173292	0.129871	0.320498	0.153604	0.457243	0.176257
5.000000	0.132395	-0.201120	0.132395	0.316987	0.151987	0.460388	0.177341
0.000000	0.134473	-0.136694	0.134473	0.319617	0.153704	0.458848	0.172763
