0.000000	1.000000
5.000000	0.999837
10.000000	0.999716
15.000000	0.999523
20.000000	0.999331
25.000000	0.999304
30.000000	0.999331
35.000000	0.999336
40.000000	0.999165
45.000000	0.998943
50.000000	0.998833
55.000000	0.998531
60.000000	0.998559
65.000000	0.998702
70.000000	0.998890
75.000000	0.998549
80.000000	0.998461
85.000000	0.997967
90.000000	0.998261
95.000000	0.998062
100.000000	0.997949
105.000000	0.997278
110.000000	0.997192
115.000000	0.996573
120.000000	0.996304
125.000000	0.996298
130.000000	0.995444
135.000000	0.994525
140.000000	0.993499
145.000000	0.992954
150.000000	0.991564
155.000000	0.990149
160.000000	0.988159
165.000000	0.985528
170.000000	0.981708
175.000000	0.979170
180.000000	0.974316
185.000000	0.969355
190.000000	0.962785
195.000000	0.953801
200.000000	0.944651
205.000000	0.934667
210.000000	0.918352
215.000000	0.904048
220.000000	0.887547
225.000000	0.869610
230.000000	0.853341
235.000000	0.838397
240.000000	0.827823
245.000000	0.825955
250.000000	0.829606
255.000000	0.843084
