255.000000	0.000000	0.000000	0.000000	0.687517	0.107497	0.844370	0.170510
250.000000	0.041852	0.037188	0.046515	0.683310	0.113129	0.850368	0.187255
245.000000	0.088708	0.088392	0.089024	0.684274	0.113808	0.859896	0.216907
240.000000	0.093494	0.077219	0.109770	0.682800	0.117037	0.855995	0.245061
235.000000	0.130719	0.116239	0.145199	0.682843	0.117804	0.865237	0.289558
230.000000	0.149074	0.121166	0.176983	0.678611	0.120352	0.867189	0.322906
225.000000	0.164708	0.133741	0.195675	0.683280	0.116117	0.865025	0.355563
220.000000	0.186385	0.153934	0.218835	0.680395	0.118447	0.858980	0.374636
215.000000	0.194801	0.141499	0.248104	0.680006	0.116861	0.842694	0.386858
210.000000	0.195040	0.134710	0.255371	0.681572	0.113367	0.830669	0.388292
205.000000	0.201843	0.115235	0.288452	0.678009	0.109420	0.839372	0.402927
200.000000	0.211005	0.114963	0.307046	0.679550	0.106225	0.836270	0.406968
195.000000	0.212949	0.093579	0.332319	0.680813	0.101932	0.853538	0.421966
190.000000	0.221060	0.079208	0.362913	0.683208	0.096522	0.866589	0.433839
185.000000	0.214720	0.052469	0.376971	0.682911	0.093783	0.862930	0.433474
180.000000	0.212643	0.013586	0.411700	0.683077	0.088437	0.877195	0.442476
175.000000	0.215011	-0.005455	0.435478	0.685683	0.084989	0.874781	0.443416
170.000000	0.208823	-0.033871	0.451517	0.686883	0.082778	0.880444	0.446262
165.000000	0.237688	-0.063477	0.538854	0.685833	0.074768	0.909832	0.470716
160.000000	0.232650	-0.064043	0.529343	0.685742	0.076609	0.913537	0.472438
155.000000	0.227541	-0.051288	0.506370	0.685934	0.077894	0.900870	0.461788
150.000000	0.230781	-0.081357	0.542918	0.684833	0.076140	0.908517	0.470421
145.000000	0.245224	-0.069789	0.560237	0.683974	0.073679	0.926860	0.486489
140.000000	0.253153	-0.048876	0.555182	0.687699	0.073580	0.935047	0.494898
135.000000	0.269855	-0.055323	0.595033	0.686211	0.069220	0.966866	0.523411
130.000000	0.275827	-0.028353	0.580008	0.684206	0.070020	0.960233	0.523766
125.000000	0.286640	0.002877	0.570404	0.685772	0.069826	0.974152	0.537401
120.000000	0.309242	0.034925	0.583559	0.684929	0.065466	0.992698	0.566767
115.000000	0.310191	0.042341	0.578042	0.684674	0.065511	0.991089	0.569321
110.000000	0.317676	0.085574	0.549778	0.681402	0.067492	0.981962	0.568511
105.000000	0.318325	0.074644	0.562006	0.681497	0.066792	0.999773	0.582480
100.000000	0.312280	0.032752	0.591808	0.685462	0.064337	0.982372	0.565623
95.000000	0.321350	0.028673	0.614027	0.685159	0.060541	0.998768	0.586244
90.000000	0.328137	0.042895	0.613379	0.684071	0.059210	1.003792	0.596707
85.000000	0.340916	0.087558	0.594274	0.685184	0.056797	1.001283	0.610215
80.000000	0.348763	0.111526	0.586000	0.683924	0.055956	1.008536	0.622533
75.000000	0.343171	0.078344	0.607997	0.683607	0.055108	1.015255	0.623746
70.000000	0.338006	0.035969	0.640042	0.686522	0.053016	0.995443	0.602111
65.000000	0.340591	0.032971	0.648212	0.686742	0.050909	1.004075	0.612233
60.000000	0.347821	0.034266	0.661377	0.684729	0.045363	1.016702	0.629388
55.000000	0.343073	0.054807	0.631339	0.684055	0.051571	0.997690	0.610663
50.000000	0.349948	0.028580	0.671315	0.685863	0.044524	1.021626	0.635945
45.000000	0.349127	0.027689	0.670565	0.687187	0.046314	0.998347	0.620116
40.000000	0.354082	0.037322	0.670843	0.687432	0.044583	1.007364	0.630179
35.000000	0.365930	0.126352	0.605507	0.687406	0.037858	1.002409	0.643062
30.000000	0.356798	0.060396	0.653200	0.687957	0.038802	0.997531	0.625929
25.000000	0.352025	0.017229	0.686821	0.687805	0.035126	1.009318	0.627828
20.000000	0.342256	-0.063103	0.747614	0.688228	0.040538	0.982980	0.596978
15.000000	0.350921	-0.002826	0.704667	0.687857	0.034906	0.999318	0.618473
10.000000	0.348250	-0.028869	0.725368	0.690962	0.035639	0.988886	0.609050
5.000000	0.351461	-0.004400	0.707321	0.690556	0.034140	0.986076	0.609438
0.000000	0.349727	-0.006815	0.706268	0.689757	0.032416	0.992389	0.609465
