255.000000	0.000000	0.000000	0.000000	0.698924	0.022469	0.731650	0.173741
250.000000	0.056206	-0.056206	0.083258	0.698809	0.031442	0.706971	0.171529
245.000000	0.019855	-0.019855	0.000719	0.693079	0.028160	0.711027	0.180989
240.000000	0.084886	-0.084886	0.094317	0.691948	0.034198	0.704554	0.178542
235.000000	0.040190	-0.040190	0.052992	0.693799	0.031380	0.716118	0.176799
230.000000	0.157258	-0.157258	0.226168	0.691805	0.045775	0.714371	0.172034
225.000000	0.137045	-0.137045	0.240748	0.695035	0.046363	0.727936	0.172512
220.000000	0.093586	-0.093586	0.218943	0.695770	0.043532	0.745105	0.170970
215.000000	0.047541	-0.047541	0.172451	0.693758	0.036905	0.760771	0.171772
210.000000	0.104792	-0.104792	0.265174	0.691500	0.043645	0.769589	0.171985
205.000000	0.123243	-0.123243	0.332399	0.688273	0.047820	0.775740	0.168518
200.000000	0.114893	-0.114893	0.340920	0.686197	0.046431	0.783638	0.168345
195.000000	0.084184	-0.084184	0.324508	0.686953	0.043480	0.796710	0.163749
190.000000	0.145633	-0.145633	0.439674	0.687745	0.054357	0.791022	0.161797
185.000000	0.168227	-0.168227	0.501724	0.686698	0.062379	0.788919	0.157902
180.000000	0.161940	-0.161940	0.611401	0.685671	0.078446	0.781309	0.146420
175.000000	0.115820	-0.115820	0.604496	0.687181	0.079974	0.778223	0.152356
170.000000	0.074151	-0.074151	0.694508	0.690632	0.096908	0.768312	0.148811
165.000000	0.058164	-0.058164	0.754102	0.690507	0.106415	0.758952	0.149538
160.000000	0.059858	-0.059858	0.780968	0.690363	0.108287	0.758319	0.148305
155.000000	0.065273	-0.065273	0.787679	0.686621	0.108446	0.764602	0.145218
150.000000	0.062751	-0.062751	0.819954	0.683716	0.109748	0.759209	0.145965
145.000000	0.075174	-0.075174	0.782393	0.684903	0.104563	0.771205	0.143716
140.000000	0.079520	-0.079520	0.794198	0.686332	0.102054	0.767330	0.144941
135.000000	0.063069	-0.063069	0.840286	0.687006	0.109783	0.762152	0.144381
130.000000	0.036200	-0.036200	0.860916	0.684185	0.117946	0.760182	0.147077
125.000000	0.022309	-0.022309	0.864899	0.685286	0.118393	0.753016	0.153402
120.000000	0.016889	0.016889	0.960048	0.686281	0.131177	0.741035	0.157330
115.000000	0.005859	0.005859	0.896550	0.686435	0.126743	0.748269	0.158211
110.000000	0.033947	0.033947	0.967689	0.685692	0.135600	0.735629	0.164330
105.000000	0.041196	0.041196	0.980326	0.687865	0.137740	0.735328	0.166099
100.000000	0.059399	0.059399	1.029604	0.689028	0.141632	0.730467	0.169783
95.000000	0.068353	0.068353	1.092757	0.688957	0.142366	0.731349	0.168154
90.000000	0.022301	0.022301	0.943116	0.689288	0.129325	0.743400	0.161847
85.000000	0.089622	0.089622	1.130291	0.688004	0.145394	0.722987	0.179823
80.000000	0.064272	0.064272	1.037841	0.689382	0.141087	0.729307	0.173008
75.000000	0.065157	0.065157	1.052908	0.688661	0.141444	0.729359	0.172702
70.000000	0.093159	0.093159	1.158582	0.689159	0.145349	0.723929	0.180473
65.000000	0.018692	0.018692	0.996367	0.691190	0.128617	0.743403	0.158272
60.000000	0.010862	0.010862	1.030259	0.691068	0.125515	0.742508	0.153894
55.000000	0.035794	0.035794	1.120923	0.689033	0.130211	0.744235	0.151875
50.000000	0.011789	0.011789	1.069783	0.692340	0.122941	0.750176	0.145485
45.000000	0.080511	0.080511	1.239121	0.687411	0.134610	0.741988	0.162854
40.000000	0.067140	0.067140	1.170246	0.687698	0.138330	0.741550	0.160846
35.000000	0.085315	0.085315	1.259214	0.684942	0.137404	0.740644	0.167622
30.000000	0.065140	0.065140	1.243092	0.683985	0.134478	0.746959	0.155753
25.000000	0.049961	0.049961	1.236243	0.685505	0.130280	0.751134	0.148438
20.000000	0.067216	0.067216	1.261911	0.684314	0.132997	0.744992	0.158681
15.000000	0.083720	0.083720	1.282856	0.684671	0.136178	0.748359	0.163991
10.000000	0.084490	0.084490	1.308890	0.682619	0.133785	0.747595	0.165961
5.000000	0.083538	0.083538	1.331958	0.681887	0.131394	0.751576	0.164363
0.000000	0.079205	0.079205	1.288367	0.684200	0.135337	0.748528	0.163277
