0.000000	0.070342
5.000000	0.072112
10.000000	0.071945
15.000000	0.074896
20.000000	0.080112
25.000000	0.096720
30.000000	0.129002
35.000000	0.162565
40.000000	0.223514
45.000000	0.292669
50.000000	0.384651
55.000000	0.492139
60.000000	0.602298
65.000000	0.685916
70.000000	0.724627
75.000000	0.745965
80.000000	0.736938
85.000000	0.734108
90.000000	0.747245
95.000000	0.788726
100.000000	0.842635
105.000000	0.878104
110.000000	0.924442
115.000000	0.943065
120.000000	0.965904
125.000000	0.974889
130.000000	0.984858
135.000000	0.989345
140.000000	0.994223
145.000000	0.995540
150.000000	0.997950
155.000000	0.997685
160.000000	0.999173
165.000000	0.998820
170.000000	0.999491
175.000000	0.999124
180.000000	0.998711
185.000000	0.999042
190.000000	0.998842
195.000000	0.999163
200.000000	0.998435
205.000000	1.000000
210.000000	0.999224
215.000000	0.999258
220.000000	0.998972
225.000000	0.999207
230.000000	0.998487
235.000000	0.998255
240.000000	0.997266
245.000000	0.997551
250.000000	0.997963
255.000000	0.998442
