255.000000	0.000000	0.000000	0.000000	0.418498	0.117544	0.378732	0.149872
250.000000	0.022209	-0.015019	-0.029398	0.419091	0.117563	0.365738	0.151989
245.000000	0.034402	-0.017887	-0.050917	0.417721	0.117941	0.362591	0.154655
240.000000	0.002681	-0.019496	0.014134	0.422076	0.117163	0.370445	0.150830
235.000000	0.022575	-0.015413	-0.029736	0.422797	0.116808	0.371992	0.156059
230.000000	0.089266	-0.006453	-0.172079	0.422249	0.117160	0.364415	0.171900
225.000000	0.204587	0.017258	-0.426431	0.407831	0.122481	0.363383	0.212541
220.000000	0.192147	0.011737	-0.396031	0.408498	0.122753	0.383914	0.210442
215.000000	0.162512	-0.023978	-0.301046	0.414117	0.119252	0.386247	0.211737
210.000000	0.165127	-0.025182	-0.305071	0.418063	0.117401	0.398054	0.219592
205.000000	0.154555	-0.036367	-0.272743	0.417929	0.118890	0.400009	0.231547
200.000000	0.091512	-0.054380	-0.128645	0.422844	0.118149	0.434147	0.208972
195.000000	0.134245	-0.078789	-0.189702	0.416946	0.120253	0.424782	0.235045
190.000000	0.184587	-0.049284	-0.319889	0.417351	0.119727	0.412766	0.264188
185.000000	0.203664	-0.047500	-0.359828	0.417768	0.122992	0.411636	0.282372
180.000000	0.283644	0.024166	-0.591455	0.405542	0.121646	0.428461	0.309606
175.000000	0.341608	0.123042	-0.806258	0.413694	0.122020	0.460350	0.317149
170.000000	0.253750	-0.001353	-0.506147	0.406657	0.126907	0.437741	0.305744
165.000000	0.210297	-0.054979	-0.365614	0.424484	0.126395	0.421914	0.303727
160.000000	0.199961	-0.063205	-0.336717	0.417840	0.125249	0.425853	0.299500
155.000000	0.215034	-0.068633	-0.361436	0.420887	0.125722	0.421772	0.310928
150.000000	0.258433	-0.031902	-0.484965	0.423021	0.127775	0.424063	0.336964
145.000000	0.275366	-0.015610	-0.535122	0.413783	0.128426	0.425805	0.347925
140.000000	0.293303	0.017133	-0.603739	0.407796	0.128375	0.429657	0.356498
135.000000	0.356439	0.129914	-0.842793	0.412615	0.123286	0.454250	0.363586
130.000000	0.350787	0.157932	-0.859506	0.414836	0.119021	0.460160	0.357067
125.000000	0.299192	0.034484	-0.632868	0.419918	0.128023	0.429636	0.366413
120.000000	0.300146	0.018046	-0.618337	0.416946	0.127683	0.428969	0.369309
115.000000	0.299964	0.019716	-0.619643	0.416787	0.126246	0.434259	0.365259
110.000000	0.269547	-0.032805	-0.506288	0.432829	0.122697	0.426259	0.356100
105.000000	0.227157	-0.085385	-0.368928	0.446336	0.120114	0.442894	0.325284
100.000000	0.191819	-0.125749	-0.257890	0.450883	0.116432	0.460314	0.298031
95.000000	0.207043	-0.107114	-0.306972	0.445692	0.118328	0.452181	0.310346
90.000000	0.200051	-0.114406	-0.285695	0.430944	0.118682	0.451792	0.306184
85.000000	0.120167	-0.194563	-0.045770	0.440054	0.117705	0.498112	0.250764
80.000000	0.058196	-0.262557	0.146164	0.438587	0.117438	0.533864	0.212826
75.000000	0.055110	-0.266290	0.156070	0.443868	0.121004	0.534203	0.210147
70.000000	0.105634	-0.221793	0.010524	0.427518	0.115517	0.499128	0.239202
65.000000	0.100726	-0.225638	0.024186	0.428398	0.117388	0.505905	0.236960
60.000000	0.105682	-0.218783	0.007420	0.430818	0.117590	0.504712	0.240107
55.000000	0.137631	-0.180597	-0.094666	0.435153	0.115696	0.484107	0.261176
50.000000	0.202466	-0.125843	-0.279088	0.429611	0.117157	0.444595	0.308543
45.000000	0.273409	-0.055047	-0.491772	0.422391	0.119789	0.418924	0.365144
40.000000	0.272730	-0.069940	-0.475521	0.434038	0.118641	0.424673	0.363289
35.000000	0.301950	-0.018481	-0.585419	0.413879	0.120947	0.429187	0.373259
30.000000	0.293564	-0.019666	-0.567461	0.416084	0.119439	0.426122	0.371493
25.000000	0.227625	-0.105026	-0.350224	0.424754	0.118660	0.429267	0.329001
20.000000	0.148414	-0.183933	-0.112894	0.424875	0.115352	0.479948	0.269465
15.000000	0.134554	-0.185635	-0.083472	0.425714	0.117392	0.488815	0.256187
10.000000	0.119589	-0.203170	-0.036008	0.426231	0.117521	0.494723	0.248898
5.000000	0.118740	-0.197788	-0.039692	0.424348	0.116711	0.494226	0.247132
0.000000	0.104993	-0.204161	-0.005825	0.420010	0.115280	0.503458	0.237479
