255.000000	0.000000	0.000000	0.000000	0.376047	0.087904	0.488105	0.096051
250.000000	0.005354	0.012157	0.005354	0.377575	0.088344	0.487250	0.095702
245.000000	0.009128	0.066780	0.009128	0.376573	0.086778	0.483960	0.093845
240.000000	0.010492	0.115407	0.010492	0.373092	0.085419	0.484718	0.092698
235.000000	0.011229	0.166241	0.011229	0.374963	0.084615	0.484219	0.091196
230.000000	0.012112	0.200051	0.012112	0.373353	0.083692	0.481373	0.089614
225.000000	0.012845	0.230823	0.012845	0.374047	0.083162	0.482718	0.088675
220.000000	0.011824	0.310507	0.011824	0.373153	0.079835	0.482724	0.086706
215.000000	0.005290	0.418091	0.005290	0.378285	0.077890	0.476013	0.083005
210.000000	0.006379	0.559547	-0.006379	0.381098	0.074382	0.468645	0.079210
205.000000	0.024403	0.656700	-0.024403	0.379393	0.074078	0.468282	0.078198
200.000000	0.033246	0.695793	-0.033246	0.381103	0.074019	0.466206	0.077581
195.000000	0.039872	0.707784	-0.039872	0.379479	0.074124	0.464216	0.077797
190.000000	0.039015	0.646454	-0.039015	0.380670	0.073689	0.467352	0.078855
185.000000	0.041711	0.620651	-0.041711	0.381946	0.073877	0.467708	0.079588
180.000000	0.038322	0.579758	-0.038322	0.382832	0.074687	0.471092	0.079785
175.000000	0.034163	0.551214	-0.034163	0.382153	0.074303	0.470801	0.080143
170.000000	0.033076	0.494840	-0.033076	0.385843	0.075697	0.472668	0.081150
165.000000	0.034382	0.532421	-0.034382	0.383116	0.074782	0.473696	0.080797
160.000000	0.038459	0.523559	-0.038459	0.383585	0.075564	0.470927	0.080766
155.000000	0.043202	0.567007	-0.043202	0.382842	0.074330	0.470338	0.080060
150.000000	0.042687	0.588484	-0.042687	0.385123	0.074782	0.466884	0.079462
145.000000	0.037807	0.596702	-0.037807	0.384377	0.074577	0.467403	0.079284
140.000000	0.024831	0.552482	-0.024831	0.388047	0.074909	0.467551	0.079525
135.000000	0.007847	0.471232	-0.007847	0.384557	0.076783	0.470726	0.081586
130.000000	0.007344	0.399094	0.007344	0.381765	0.078555	0.475360	0.083476
125.000000	0.018317	0.331807	0.018317	0.378114	0.080408	0.478888	0.084980
120.000000	0.023776	0.296416	0.023776	0.377263	0.081568	0.479881	0.085915
115.000000	0.027950	0.280656	0.027950	0.373419	0.081869	0.484371	0.087147
110.000000	0.032791	0.272411	0.032791	0.373320	0.081898	0.484313	0.087768
105.000000	0.034822	0.269957	0.034822	0.373139	0.081490	0.485003	0.087594
100.000000	0.042038	0.250856	0.042038	0.374540	0.082386	0.484237	0.088822
95.000000	0.051234	0.227328	0.051234	0.378973	0.083429	0.479447	0.089601
90.000000	0.060311	0.188152	0.060311	0.378953	0.084141	0.477032	0.089791
85.000000	0.064969	0.131311	0.064969	0.381240	0.086031	0.469464	0.091318
80.000000	0.068739	0.063345	0.068739	0.380961	0.088120	0.468256	0.093623
75.000000	0.075609	0.016230	0.075609	0.385345	0.090595	0.452963	0.093927
70.000000	0.071452	-0.034197	0.071452	0.386235	0.091663	0.455469	0.096919
65.000000	0.077003	-0.105542	0.077003	0.386157	0.094473	0.451610	0.100275
60.000000	0.080907	-0.094789	0.080907	0.390309	0.094994	0.444076	0.097936
55.000000	0.075189	-0.059677	0.075189	0.388857	0.093432	0.447388	0.095507
50.000000	0.069417	-0.002345	0.069417	0.389442	0.091037	0.444460	0.091291
45.000000	0.066998	0.001225	0.066998	0.388171	0.090475	0.443442	0.089091
40.000000	0.068359	-0.040122	0.068359	0.385129	0.091557	0.449566	0.090162
35.000000	0.076508	-0.138095	0.076508	0.385574	0.094994	0.448521	0.093330
30.000000	0.085559	-0.243300	0.085559	0.386922	0.099105	0.448813	0.097278
25.000000	0.094693	-0.348226	0.094693	0.384087	0.102529	0.451028	0.101317
20.000000	0.094225	-0.390219	0.094225	0.385631	0.103693	0.456916	0.103249
15.000000	0.093868	-0.432677	0.093868	0.387504	0.103859	0.458060	0.104398
10.000000	0.095107	-0.467895	0.095107	0.392472	0.104784	0.464379	0.106147
5.000000	0.102580	-0.546757	0.102580	0.394513	0.104932	0.470642	0.109214
0.000000	0.104217	-0.586468	0.104217	0.389266	0.103877	0.466628	0.109632
