0.000000	0.452326
5.000000	0.452376
10.000000	0.452791
15.000000	0.452059
20.000000	0.452777
25.000000	0.452457
30.000000	0.453116
35.000000	0.452847
40.000000	0.452912
45.000000	0.453094
50.000000	0.452556
55.000000	0.453223
60.000000	0.453212
65.000000	0.453108
70.000000	0.453131
75.000000	0.452408
80.000000	0.452554
85.000000	0.452651
90.000000	0.452298
95.000000	0.452275
100.000000	0.452749
105.000000	0.452777
110.000000	0.452622
115.000000	0.453691
120.000000	0.453637
125.000000	0.455059
130.000000	0.456451
135.000000	0.457148
140.000000	0.458416
145.000000	0.460434
150.000000	0.463066
155.000000	0.467338
160.000000	0.469896
165.000000	0.474350
170.000000	0.481156
175.000000	0.490009
180.000000	0.498204
185.000000	0.509587
190.000000	0.525062
195.000000	0.539794
200.000000	0.560344
205.000000	0.585524
210.000000	0.618642
215.000000	0.654773
220.000000	0.692734
225.000000	0.735146
230.000000	0.785744
235.000000	0.834703
240.000000	0.890052
245.000000	0.934452
250.000000	0.970123
255.000000	1.000000
