0.000000	0.999279
5.000000	0.998074
10.000000	0.998052
15.000000	0.998153
20.000000	0.997973
25.000000	0.998255
30.000000	1.000000
35.000000	0.998816
40.000000	0.998009
45.000000	0.998093
50.000000	0.998680
55.000000	0.998320
60.000000	0.999062
65.000000	0.997808
70.000000	0.996677
75.000000	0.995719
80.000000	0.990075
85.000000	0.986491
90.000000	0.979172
95.000000	0.975659
100.000000	0.970009
105.000000	0.961596
110.000000	0.953148
115.000000	0.944494
120.000000	0.936092
125.000000	0.925276
130.000000	0.914792
135.000000	0.899550
140.000000	0.886829
145.000000	0.869517
150.000000	0.855243
155.000000	0.828922
160.000000	0.811110
165.000000	0.782622
170.000000	0.760986
175.000000	0.732353
180.000000	0.697225
185.000000	0.663027
190.000000	0.630792
195.000000	0.595185
200.000000	0.553533
205.000000	0.518714
210.000000	0.474710
215.000000	0.440451
220.000000	0.405814
225.000000	0.388198
230.000000	0.371642
235.000000	0.366524
240.000000	0.393134
245.000000	0.419161
250.000000	0.477445
255.000000	0.560840
