0.000000	0.900013
5.000000	0.894925
10.000000	0.888257
15.000000	0.879915
20.000000	0.869287
25.000000	0.857138
30.000000	0.842909
35.000000	0.826155
40.000000	0.810442
45.000000	0.793234
50.000000	0.779749
55.000000	0.769647
60.000000	0.768207
65.000000	0.781536
70.000000	0.813470
75.000000	0.861751
80.000000	0.893377
85.000000	0.935651
90.000000	0.972489
95.000000	0.987146
100.000000	0.996137
105.000000	0.998918
110.000000	0.999745
115.000000	0.997872
120.000000	0.997230
125.000000	0.996951
130.000000	0.996525
135.000000	0.996154
140.000000	0.996143
145.000000	0.996308
150.000000	0.996339
155.000000	0.996561
160.000000	0.996626
165.000000	0.997694
170.000000	0.998326
175.000000	0.998740
180.000000	0.998306
185.000000	0.998716
190.000000	0.999666
195.000000	1.000000
200.000000	0.999696
205.000000	0.999514
210.000000	0.999593
215.000000	0.998972
220.000000	0.997218
225.000000	0.996596
230.000000	0.996840
235.000000	0.996095
240.000000	0.995772
245.000000	0.994464
250.000000	0.993508
255.000000	0.994779
