255.000000	0.000000	0.000000	0.000000	0.325000	0.109333	0.445914	0.104407
250.000000	0.014015	0.014015	0.002412	0.323150	0.108972	0.448302	0.101887
245.000000	0.023937	0.023937	-0.060031	0.326304	0.113086	0.447208	0.108179
240.000000	0.020681	0.020681	-0.066499	0.323124	0.114077	0.443769	0.109004
235.000000	0.027599	0.027599	-0.138962	0.329327	0.119050	0.456987	0.117775
230.000000	0.021534	0.021534	-0.047527	0.329141	0.113490	0.448461	0.106673
225.000000	0.019914	0.019914	0.167892	0.320783	0.101197	0.446588	0.084434
220.000000	0.025590	0.025590	0.307776	0.316329	0.095066	0.443650	0.075709
215.000000	0.016490	0.016490	0.387170	0.315527	0.092516	0.445527	0.073765
210.000000	0.020387	0.020387	0.334564	0.312588	0.093921	0.445814	0.075258
205.000000	0.012751	0.012751	0.312707	0.313236	0.094262	0.446210	0.076779
200.000000	0.001258	0.001258	0.276543	0.315082	0.094454	0.447665	0.079866
195.000000	0.006171	0.006171	0.368165	0.311910	0.091217	0.449976	0.075132
190.000000	0.000155	-0.000155	0.244725	0.316138	0.095410	0.447499	0.081161
185.000000	0.000053	-0.000053	0.107794	0.317712	0.101301	0.453498	0.091645
180.000000	0.000019	0.000019	-0.017187	0.324956	0.108945	0.452678	0.105823
175.000000	0.002979	-0.002979	0.050661	0.321830	0.104735	0.451211	0.097725
170.000000	0.001629	0.001629	0.126545	0.318194	0.101230	0.452292	0.090043
165.000000	0.021107	-0.021107	0.146364	0.320041	0.099426	0.448810	0.089988
160.000000	0.038990	-0.038990	0.210120	0.318483	0.096805	0.449371	0.086903
155.000000	0.006586	-0.006586	0.400579	0.319151	0.090459	0.451849	0.075182
150.000000	0.013049	-0.013049	0.485530	0.322209	0.087734	0.453000	0.072972
145.000000	0.026759	-0.026759	0.457491	0.325200	0.088617	0.450843	0.073852
140.000000	0.030238	-0.030238	0.372684	0.319089	0.089944	0.456629	0.076236
135.000000	0.041355	-0.041355	0.143496	0.316514	0.097302	0.461404	0.091949
130.000000	0.024467	-0.024467	0.140900	0.320242	0.098315	0.459569	0.090646
125.000000	0.007527	0.007527	-0.150001	0.326341	0.115549	0.464361	0.123192
120.000000	0.007123	0.007123	0.144549	0.326003	0.103126	0.455009	0.087187
115.000000	0.018135	0.018135	0.394600	0.325293	0.093239	0.447747	0.071714
110.000000	0.018630	-0.018630	0.403795	0.323874	0.090597	0.454366	0.073953
105.000000	0.017389	0.017389	0.422458	0.319043	0.090422	0.462938	0.071586
100.000000	0.039192	0.039192	0.451428	0.319758	0.089181	0.462191	0.068718
95.000000	0.015570	0.015570	0.309498	0.319034	0.093739	0.472123	0.072425
90.000000	0.035839	0.035839	0.327537	0.322401	0.093779	0.471483	0.067089
85.000000	0.079321	0.079321	0.312170	0.324717	0.096483	0.468498	0.060940
80.000000	0.086405	0.086405	0.213580	0.324447	0.101417	0.469706	0.058509
75.000000	0.071427	0.071427	0.089772	0.323780	0.107053	0.455483	0.057895
70.000000	0.058951	0.058951	0.011456	0.327270	0.110322	0.458392	0.057280
65.000000	0.050269	0.050269	-0.104756	0.328471	0.118824	0.451052	0.062169
60.000000	0.041967	0.041967	-0.240980	0.330626	0.126530	0.451573	0.074000
55.000000	0.059330	0.059330	-0.380336	0.331651	0.132864	0.447764	0.088964
50.000000	0.075920	0.075920	-0.447962	0.337967	0.134181	0.448039	0.096301
45.000000	0.052941	0.052941	-0.366738	0.332849	0.132873	0.451287	0.083389
40.000000	0.033220	0.033220	-0.183989	0.341048	0.126315	0.438189	0.061436
35.000000	0.053832	0.053832	-0.184135	0.342992	0.130763	0.437355	0.056910
30.000000	0.069790	0.069790	-0.186760	0.336301	0.129495	0.446498	0.052281
25.000000	0.110323	0.110323	-0.082772	0.331674	0.122884	0.442553	0.040763
20.000000	0.176692	0.176692	0.066008	0.330085	0.116783	0.445057	0.032938
15.000000	0.422211	0.422211	0.492751	0.324478	0.106086	0.458402	0.035121
10.000000	0.273098	0.273098	0.287489	0.330899	0.111739	0.447518	0.030086
5.000000	0.314489	0.314489	0.345214	0.329364	0.110695	0.449611	0.029949
0.000000	0.449404	0.449404	0.569027	0.330066	0.105642	0.460296	0.037961
