0.000000	0.186585
5.000000	0.186748
10.000000	0.186567
15.000000	0.186481
20.000000	0.186866
25.000000	0.186812
30.000000	0.187047
35.000000	0.186656
40.000000	0.186654
45.000000	0.186937
50.000000	0.186579
55.000000	0.186892
60.000000	0.186529
65.000000	0.186411
70.000000	0.187133
75.000000	0.188913
80.000000	0.190940
85.000000	0.193476
90.000000	0.196096
95.000000	0.198846
100.000000	0.202966
105.000000	0.202533
110.000000	0.212783
115.000000	0.217490
120.000000	0.224478
125.000000	0.231160
130.000000	0.239098
135.000000	0.250937
140.000000	0.260562
145.000000	0.273104
150.000000	0.288220
155.000000	0.307602
160.000000	0.325205
165.000000	0.335724
170.000000	0.376446
175.000000	0.406657
180.000000	0.445885
185.000000	0.484049
190.000000	0.530614
195.000000	0.576524
200.000000	0.628105
205.000000	0.690604
210.000000	0.760572
215.000000	0.816886
220.000000	0.884560
225.000000	0.929862
230.000000	0.971267
235.000000	0.992019
240.000000	1.000000
245.000000	0.965204
250.000000	0.920151
255.000000	0.819418
