255.000000	0.000000	0.000000	0.000000	0.403053	0.099822	0.373944	0.118070
250.000000	0.023380	0.071737	-0.024976	0.407722	0.104807	0.364466	0.119566
245.000000	0.074068	0.172505	-0.024369	0.399664	0.110252	0.340661	0.117739
240.000000	0.114856	0.237652	-0.007939	0.409494	0.108547	0.348214	0.111887
235.000000	0.167020	0.336554	-0.002514	0.385668	0.112462	0.330532	0.113286
230.000000	0.188600	0.405203	-0.028002	0.398509	0.111153	0.352391	0.112191
225.000000	0.244135	0.489013	-0.000744	0.379408	0.113036	0.334240	0.117939
220.000000	0.267323	0.540515	-0.005869	0.380600	0.104529	0.353723	0.114065
215.000000	0.347308	0.579529	0.115087	0.364750	0.094545	0.343751	0.121196
210.000000	0.425895	0.575636	0.276154	0.376751	0.077752	0.354435	0.127581
205.000000	0.471824	0.598276	0.345373	0.370595	0.068291	0.351899	0.137644
200.000000	0.484701	0.641726	0.327676	0.375330	0.060155	0.351341	0.141793
195.000000	0.511700	0.654833	0.368566	0.383660	0.057633	0.367222	0.140279
190.000000	0.537239	0.672492	0.401986	0.363763	0.048031	0.340923	0.148633
185.000000	0.568109	0.647188	0.489030	0.379736	0.040669	0.346347	0.151897
180.000000	0.602689	0.575409	0.629970	0.392161	0.044868	0.348405	0.155440
175.000000	0.620978	0.534876	0.707079	0.365651	0.034783	0.329959	0.165164
170.000000	0.623610	0.579021	0.668198	0.370075	0.029978	0.326108	0.163932
165.000000	0.634509	0.602545	0.666473	0.377876	0.025792	0.335557	0.162037
160.000000	0.644593	0.593307	0.695878	0.370600	0.021922	0.326482	0.165778
155.000000	0.620490	0.932207	0.308773	0.382855	0.020133	0.337992	0.154413
150.000000	0.623180	1.050677	0.195684	0.380052	0.025260	0.346916	0.143671
145.000000	0.609370	1.125462	0.093279	0.375640	0.034137	0.336595	0.146896
140.000000	0.607860	1.149291	0.066430	0.384982	0.042195	0.350396	0.137960
135.000000	0.590005	1.169582	0.010428	0.378697	0.056083	0.343084	0.137561
130.000000	0.575440	1.185145	-0.034265	0.381762	0.071323	0.351977	0.134756
125.000000	0.605955	1.197343	0.014566	0.382766	0.060037	0.352115	0.134016
120.000000	0.640502	1.278263	0.002742	0.382716	0.044757	0.335195	0.143159
115.000000	0.676057	1.335986	0.016128	0.382634	0.027569	0.333553	0.151936
110.000000	0.686001	1.395268	-0.023267	0.383262	0.024411	0.328964	0.155582
105.000000	0.691496	1.410661	-0.027669	0.389684	0.023600	0.324237	0.158226
100.000000	0.703726	1.433824	-0.026371	0.375704	0.016290	0.331034	0.157483
95.000000	0.718739	1.694518	-0.257041	0.383172	0.011257	0.321013	0.164428
90.000000	0.724066	1.923740	-0.475609	0.379512	0.008850	0.324442	0.166350
85.000000	0.730245	2.049118	-0.588629	0.378904	0.014267	0.327791	0.174358
80.000000	0.736383	2.004919	-0.532152	0.378217	0.012882	0.324363	0.170096
75.000000	0.715651	1.530765	-0.099463	0.379825	0.018970	0.323926	0.160807
70.000000	0.700575	1.465436	-0.064286	0.386756	0.027220	0.325682	0.157393
65.000000	0.711140	1.474123	-0.051842	0.373024	0.022493	0.332672	0.154163
60.000000	0.712977	1.523482	-0.097528	0.385481	0.025266	0.325358	0.157379
55.000000	0.720475	1.530368	-0.089419	0.379764	0.021271	0.327847	0.159568
50.000000	0.720038	1.520146	-0.080069	0.380573	0.025125	0.326434	0.157260
45.000000	0.711211	1.475517	-0.053096	0.382570	0.031150	0.331535	0.155693
40.000000	0.700469	1.418984	-0.018045	0.371519	0.036168	0.335664	0.146157
35.000000	0.693772	1.431243	-0.043699	0.389934	0.042569	0.330047	0.146317
30.000000	0.673485	1.371747	-0.024776	0.381175	0.055005	0.341786	0.136962
25.000000	0.670341	1.376402	-0.035720	0.384877	0.055273	0.335136	0.138915
20.000000	0.676631	1.365963	-0.012700	0.382508	0.049810	0.341614	0.136596
15.000000	0.663040	1.358914	-0.032833	0.386168	0.060122	0.339932	0.134674
10.000000	0.658811	1.342279	-0.024658	0.375434	0.061718	0.346425	0.129739
5.000000	0.638456	1.321696	-0.044785	0.382581	0.073441	0.340625	0.131391
0.000000	0.669167	1.358934	-0.020601	0.377915	0.057045	0.339986	0.135404
