255.000000	0.000000	0.000000	0.000000	0.329687	0.216754	0.439133	0.244539
250.000000	0.013247	-0.013247	-0.026279	0.318983	0.210112	0.451007	0.246516
245.000000	0.015794	-0.015794	0.239869	0.346444	0.231599	0.434457	0.238619
240.000000	0.000287	-0.000287	0.137796	0.344565	0.226454	0.416564	0.239710
235.000000	0.022645	-0.022645	0.297550	0.346465	0.232159	0.413688	0.240976
230.000000	0.048510	-0.048510	0.285678	0.343077	0.228552	0.419602	0.239006
225.000000	0.042073	-0.042073	0.345052	0.347348	0.230639	0.415102	0.236119
220.000000	0.043316	-0.043316	0.583976	0.333393	0.202665	0.395328	0.217222
215.000000	0.042898	-0.042898	0.526252	0.334693	0.205192	0.406500	0.226137
210.000000	0.054180	-0.054180	0.591768	0.325313	0.200472	0.392092	0.216144
205.000000	0.052334	-0.052334	0.607445	0.321068	0.197239	0.385083	0.214886
200.000000	0.037441	-0.037441	0.509419	0.331097	0.208691	0.405331	0.226705
195.000000	0.043593	-0.043593	0.492328	0.336160	0.212163	0.404020	0.227968
190.000000	0.029099	-0.029099	0.456435	0.347850	0.218929	0.408792	0.231514
185.000000	0.034217	-0.034217	0.355553	0.345671	0.226551	0.419553	0.238652
180.000000	0.038860	-0.038860	0.290616	0.358080	0.235807	0.417206	0.240507
175.000000	0.057973	-0.057973	0.403251	0.349835	0.223829	0.410587	0.232837
170.000000	0.054272	-0.054272	0.616124	0.338506	0.201698	0.397629	0.216746
165.000000	0.048412	-0.048412	0.713817	0.317606	0.190198	0.388160	0.204842
160.000000	0.050570	-0.050570	0.687093	0.328539	0.194594	0.377845	0.205704
155.000000	0.057885	-0.057885	0.658707	0.327053	0.193722	0.377706	0.206656
150.000000	0.064406	-0.064406	0.588489	0.323065	0.196321	0.390609	0.215685
145.000000	0.057309	-0.057309	0.498810	0.329196	0.206528	0.388012	0.223736
140.000000	0.039850	-0.039850	0.604997	0.329230	0.204360	0.388703	0.214515
135.000000	0.034383	-0.034383	0.559358	0.333022	0.204028	0.392397	0.220187
130.000000	0.025370	-0.025370	0.518461	0.331598	0.208339	0.398529	0.227359
125.000000	0.016617	-0.016617	0.482614	0.342541	0.215352	0.404357	0.231659
120.000000	0.001343	-0.001343	0.506940	0.344272	0.213900	0.398542	0.229579
115.000000	0.013889	0.013889	0.404379	0.353407	0.231558	0.406236	0.239938
110.000000	0.011909	0.011909	0.509735	0.346578	0.214172	0.394099	0.232256
105.000000	0.044918	0.044918	0.699332	0.318909	0.191889	0.342459	0.208892
100.000000	0.059874	0.059874	0.746482	0.333148	0.192428	0.326506	0.198392
95.000000	0.092619	0.092619	0.556982	0.336630	0.211310	0.336458	0.205311
90.000000	0.224600	0.224600	0.713269	0.342227	0.207021	0.366191	0.160412
85.000000	0.644142	0.644142	1.434180	0.320876	0.179418	0.438734	0.106340
80.000000	1.026257	1.026257	2.226779	0.322978	0.172404	0.367760	0.171973
75.000000	1.185061	1.185061	2.135214	0.308844	0.165204	0.352282	0.204646
70.000000	1.287188	1.287188	2.202191	0.312648	0.164195	0.363113	0.220217
65.000000	1.266144	1.266144	2.677319	0.314735	0.167383	0.343347	0.215483
60.000000	1.369547	1.369547	2.196141	0.300203	0.162942	0.375723	0.222965
55.000000	1.419015	1.419015	2.196447	0.298353	0.163039	0.372512	0.218934
50.000000	1.508223	1.508223	2.047680	0.295419	0.172710	0.367242	0.207871
45.000000	1.448366	1.448366	2.165666	0.308876	0.171288	0.370634	0.214874
40.000000	1.486505	1.486505	2.360200	0.292448	0.167167	0.363662	0.217364
35.000000	1.520497	1.520497	2.323519	0.302474	0.170473	0.360773	0.214743
30.000000	1.583087	1.583087	2.013886	0.316430	0.192313	0.369990	0.217680
25.000000	1.635793	1.635793	2.164403	0.310923	0.187147	0.365731	0.216343
20.000000	1.569452	1.569452	2.445897	0.302173	0.172862	0.361686	0.219761
15.000000	1.626597	1.626597	2.321498	0.304017	0.178550	0.370191	0.221572
10.000000	1.661529	1.661529	2.596207	0.296708	0.171175	0.348234	0.205565
5.000000	1.694548	1.694548	2.514224	0.318093	0.177667	0.366404	0.219396
0.000000	1.608268	1.608268	2.790998	0.312670	0.172111	0.360971	0.204322
