255.000000	0.000000	0.000000	0.000000	0.383737	0.107841	0.282898	0.162217
250.000000	0.039433	-0.067191	-0.011675	0.376110	0.103363	0.289419	0.161923
245.000000	0.072133	-0.126766	-0.017499	0.374649	0.096669	0.295223	0.163358
240.000000	0.083142	-0.172268	0.005985	0.364727	0.090941	0.301031	0.168018
235.000000	0.057187	-0.131554	0.017181	0.364822	0.093041	0.290010	0.168632
230.000000	0.031899	-0.113618	0.049821	0.354820	0.089655	0.282948	0.171013
225.000000	0.006084	-0.053584	0.065753	0.350151	0.090994	0.282888	0.180696
220.000000	0.021872	-0.041140	0.084883	0.345465	0.085816	0.298474	0.196599
215.000000	0.048858	-0.018376	0.116093	0.341623	0.081776	0.309827	0.215674
210.000000	0.083679	0.054635	0.112723	0.341441	0.084384	0.310989	0.237771
205.000000	0.115193	0.097234	0.133152	0.341841	0.081387	0.317051	0.262912
200.000000	0.153313	0.178906	0.127720	0.338987	0.089483	0.311351	0.289010
195.000000	0.151602	0.167846	0.135358	0.337283	0.080755	0.318662	0.299774
190.000000	0.151630	0.138014	0.165246	0.339639	0.067212	0.329362	0.310013
185.000000	0.101707	-0.072848	0.276261	0.343431	0.046116	0.356244	0.297281
180.000000	0.109067	-0.130925	0.349059	0.345482	0.039960	0.362166	0.304399
175.000000	0.103601	-0.201572	0.408775	0.340866	0.037458	0.365813	0.308987
170.000000	0.096850	-0.317501	0.511200	0.348317	0.037440	0.376249	0.309296
165.000000	0.094140	-0.368216	0.556495	0.346906	0.037813	0.380620	0.311317
160.000000	0.110323	-0.345699	0.566346	0.347000	0.034973	0.375868	0.319786
155.000000	0.127579	-0.320512	0.575669	0.346260	0.032812	0.368120	0.329704
150.000000	0.169104	-0.046234	0.384442	0.342659	0.028702	0.344315	0.355752
145.000000	0.196066	0.142813	0.249319	0.338507	0.034976	0.332153	0.372075
140.000000	0.187941	0.060991	0.314891	0.340960	0.026671	0.341549	0.366012
135.000000	0.198779	0.131734	0.265824	0.340655	0.028725	0.332412	0.378402
130.000000	0.193434	0.067908	0.318960	0.340773	0.024919	0.337990	0.374146
125.000000	0.198534	0.072812	0.324257	0.341375	0.022616	0.334504	0.377962
120.000000	0.205724	0.139318	0.272130	0.341252	0.024098	0.331578	0.383954
115.000000	0.231313	0.306226	0.156400	0.341904	0.035728	0.320584	0.403066
110.000000	0.248649	0.373621	0.123676	0.341598	0.047255	0.308966	0.419299
105.000000	0.262414	0.405636	0.119191	0.338789	0.054831	0.296077	0.436092
100.000000	0.269607	0.434145	0.105068	0.342111	0.053134	0.304967	0.435545
95.000000	0.276339	0.456440	0.096239	0.345104	0.058509	0.308551	0.436528
90.000000	0.276203	0.464375	0.088031	0.348197	0.055924	0.311958	0.433736
85.000000	0.290059	0.491544	0.088575	0.346176	0.068477	0.305065	0.447980
80.000000	0.297089	0.506263	0.087915	0.350612	0.073287	0.307886	0.450393
75.000000	0.303702	0.518895	0.088510	0.349804	0.076362	0.300039	0.463146
70.000000	0.324231	0.548150	0.100313	0.344236	0.102466	0.285585	0.493067
65.000000	0.327537	0.554354	0.100720	0.347282	0.106096	0.289639	0.492868
60.000000	0.313783	0.538759	0.088808	0.351434	0.086444	0.302924	0.469245
55.000000	0.317560	0.540616	0.094504	0.351016	0.092070	0.298856	0.475386
50.000000	0.319954	0.545953	0.093956	0.350515	0.094445	0.295520	0.481446
45.000000	0.321587	0.546148	0.097027	0.347831	0.097066	0.288127	0.487616
40.000000	0.319209	0.542699	0.095720	0.352583	0.096858	0.296862	0.478164
35.000000	0.313930	0.539501	0.088359	0.351665	0.087260	0.303340	0.468302
30.000000	0.305225	0.525914	0.084536	0.359069	0.078599	0.312395	0.452444
25.000000	0.291870	0.507293	0.076447	0.365248	0.060285	0.327738	0.429702
20.000000	0.278860	0.487079	0.070641	0.364850	0.046770	0.326446	0.421147
15.000000	0.271957	0.467723	0.076190	0.368270	0.041756	0.337007	0.407401
10.000000	0.258337	0.456249	0.060425	0.369022	0.028102	0.340314	0.399297
5.000000	0.250439	0.416102	0.084776	0.366468	0.019680	0.347053	0.389485
0.000000	0.253797	0.421600	0.085995	0.370638	0.022649	0.342424	0.394097
