255.000000	0.000000	0.000000	0.000000	0.353743	0.096042	0.490215	0.103106
250.000000	0.035929	0.035929	0.024595	0.352233	0.096680	0.488991	0.105933
245.000000	0.013106	0.013106	0.147211	0.358833	0.099283	0.481414	0.106787
240.000000	0.008374	0.008374	0.096075	0.357610	0.098398	0.485292	0.106236
235.000000	0.011816	-0.011816	-0.030928	0.352737	0.096564	0.494124	0.102158
230.000000	0.017672	-0.017672	-0.088053	0.349511	0.095771	0.502323	0.101007
225.000000	0.017336	0.017336	-0.236018	0.346728	0.091587	0.504942	0.095585
220.000000	0.033182	0.033182	-0.179506	0.345921	0.092145	0.503690	0.099433
215.000000	0.041602	0.041602	-0.108258	0.349552	0.093160	0.501589	0.102322
210.000000	0.022647	0.022647	-0.025163	0.350380	0.094605	0.496307	0.103838
205.000000	0.001331	-0.001331	0.129154	0.357719	0.098458	0.492341	0.106772
200.000000	0.031822	-0.031822	0.111840	0.357820	0.099349	0.489795	0.105088
195.000000	0.023994	0.023994	0.144993	0.356768	0.098644	0.486958	0.107916
190.000000	0.002075	0.002075	0.314267	0.356787	0.102194	0.477760	0.109464
185.000000	0.004954	0.004954	-0.031279	0.352659	0.095961	0.497331	0.103310
180.000000	0.001434	-0.001434	0.056089	0.356208	0.098638	0.485407	0.104117
175.000000	0.011662	-0.011662	0.019980	0.354501	0.096522	0.495731	0.104253
170.000000	0.007194	0.007194	0.041226	0.357116	0.096185	0.496948	0.105729
165.000000	0.034506	-0.034506	0.687316	0.361830	0.103122	0.470582	0.112386
160.000000	0.005233	0.005233	-0.008953	0.353091	0.095917	0.496887	0.104131
155.000000	0.055920	0.055920	-1.048502	0.362460	0.085959	0.489635	0.062572
150.000000	0.001975	0.001975	-0.811117	0.353812	0.085509	0.489584	0.065811
145.000000	0.020781	0.020781	-0.468847	0.343986	0.083279	0.497483	0.080586
140.000000	0.004447	0.004447	-0.744682	0.353219	0.086727	0.491315	0.069201
135.000000	0.111213	-0.111213	-1.445692	0.363910	0.082319	0.492756	0.061793
130.000000	0.113074	0.113074	-0.741275	0.348503	0.085314	0.494738	0.072898
125.000000	0.088401	-0.088401	-1.103137	0.357844	0.080840	0.498608	0.059698
120.000000	0.077930	-0.077930	-1.190415	0.366240	0.084161	0.494149	0.059932
115.000000	0.048564	-0.048564	-1.079468	0.363252	0.085478	0.491452	0.059267
110.000000	0.011919	-0.011919	-1.140289	0.360324	0.085629	0.493718	0.061076
105.000000	0.048494	-0.048494	-1.168840	0.364481	0.086850	0.488764	0.060706
100.000000	0.029031	0.029031	-1.010260	0.358433	0.087035	0.484278	0.062265
95.000000	0.069677	-0.069677	-1.110341	0.361151	0.087458	0.486931	0.061546
90.000000	0.008400	-0.008400	-0.719764	0.362080	0.090450	0.480932	0.071891
85.000000	0.063677	-0.063677	-0.845023	0.356759	0.087880	0.474721	0.065399
80.000000	0.035652	-0.035652	-0.881272	0.359106	0.089846	0.466354	0.067967
75.000000	0.056273	-0.056273	-1.132218	0.349893	0.084398	0.462061	0.065049
70.000000	0.042095	-0.042095	-0.901134	0.360947	0.091288	0.460436	0.070468
65.000000	0.058022	-0.058022	-0.594111	0.364922	0.093631	0.463687	0.081725
60.000000	0.068123	-0.068123	-0.433377	0.364494	0.096491	0.470143	0.090441
55.000000	0.062109	-0.062109	-0.539026	0.364126	0.094882	0.468152	0.085763
50.000000	0.060547	-0.060547	-0.617461	0.366491	0.093781	0.466871	0.082048
45.000000	0.072826	-0.072826	-0.770243	0.368191	0.093094	0.463742	0.075238
40.000000	0.072801	-0.072801	-0.677585	0.369302	0.093764	0.463362	0.077394
35.000000	0.088780	-0.088780	-0.799175	0.365141	0.092535	0.466463	0.072732
30.000000	0.085409	-0.085409	-0.844442	0.366967	0.093551	0.461180	0.070879
25.000000	0.088354	-0.088354	-0.623440	0.365790	0.094863	0.472056	0.078295
20.000000	0.099534	-0.099534	-0.365000	0.364312	0.099085	0.478854	0.089431
15.000000	0.101597	-0.101597	-0.257883	0.365294	0.100809	0.466867	0.091604
10.000000	0.098553	-0.098553	-0.264299	0.367060	0.100865	0.476940	0.092359
5.000000	0.105789	-0.105789	-0.183176	0.370423	0.101771	0.466183	0.093143
0.000000	0.114865	-0.114865	-0.021864	0.371206	0.104275	0.458417	0.096132
