255.000000	0.000000	0.000000	0.000000	0.352839	0.118670	0.427787	0.100434
250.000000	0.069228	-0.091395	0.229850	0.343126	0.115506	0.443582	0.084045
245.000000	0.147235	-0.085520	0.379991	0.347614	0.112968	0.449476	0.067046
240.000000	0.191536	-0.051139	0.434211	0.343163	0.110864	0.445535	0.060655
235.000000	0.342969	0.008233	0.677705	0.346493	0.106298	0.441859	0.046969
230.000000	0.292183	-0.033066	0.617431	0.349998	0.107721	0.442725	0.050325
225.000000	0.166235	-0.039101	0.371570	0.336952	0.111005	0.448280	0.063093
220.000000	0.134491	-0.047697	0.316678	0.332317	0.111411	0.451377	0.068006
215.000000	0.196136	-0.028643	0.420914	0.345286	0.111592	0.449220	0.058401
210.000000	0.327524	0.034532	0.620515	0.344569	0.107450	0.442503	0.047241
205.000000	0.310719	0.000262	0.621175	0.338145	0.105230	0.438880	0.048106
200.000000	0.281033	-0.055210	0.617276	0.345484	0.105724	0.440211	0.050769
195.000000	0.316620	-0.009711	0.642952	0.349109	0.105745	0.438490	0.048336
190.000000	0.459457	0.086327	0.832588	0.342572	0.103251	0.438653	0.044486
185.000000	0.423345	0.063259	0.783432	0.342722	0.104209	0.438903	0.044434
180.000000	0.372811	0.024365	0.721256	0.343333	0.103579	0.436824	0.045957
175.000000	0.274105	-0.007840	0.556050	0.340629	0.106626	0.442402	0.050422
170.000000	0.206958	-0.000664	0.414580	0.346099	0.113570	0.450030	0.056354
165.000000	0.427104	0.091225	0.762982	0.341632	0.104961	0.441356	0.044343
160.000000	0.257573	-0.017193	0.532339	0.343556	0.107800	0.440993	0.050809
155.000000	0.228705	-0.035334	0.492745	0.343126	0.108416	0.442297	0.053646
150.000000	0.090315	-0.019098	0.199728	0.338260	0.114110	0.447864	0.073977
145.000000	0.249497	0.015424	0.483570	0.330558	0.108160	0.445395	0.049369
140.000000	0.188878	-0.109274	0.487030	0.346409	0.107756	0.442381	0.058174
135.000000	0.633509	-0.000772	1.267790	0.362077	0.101174	0.429525	0.051756
130.000000	0.408909	0.030672	0.787145	0.347120	0.103663	0.435799	0.044380
125.000000	0.427253	-0.004584	0.859090	0.348535	0.102030	0.434401	0.043932
120.000000	0.212243	-0.010499	0.434985	0.345801	0.112961	0.445940	0.052496
115.000000	0.141111	-0.050933	0.333154	0.352814	0.116809	0.450505	0.061295
110.000000	0.310383	0.006459	0.614307	0.346158	0.107542	0.443300	0.043824
105.000000	0.108444	-0.073982	0.290870	0.338978	0.113340	0.457133	0.062726
100.000000	0.001781	-0.033019	0.036581	0.344232	0.115306	0.456039	0.085410
95.000000	0.004906	-0.020918	0.030730	0.338367	0.113435	0.461274	0.078263
90.000000	0.062877	-0.027966	-0.097788	0.360860	0.123309	0.436683	0.088603
85.000000	0.196946	-0.052275	0.446166	0.361904	0.116213	0.443478	0.023211
80.000000	0.090352	-0.123012	0.303716	0.347754	0.114894	0.441599	0.020584
75.000000	0.105870	-0.134856	-0.076885	0.347853	0.124819	0.452140	0.050018
70.000000	0.380356	-0.570975	-0.189738	0.344432	0.114884	0.430193	0.004849
65.000000	0.758535	-0.979664	-0.537406	0.352139	0.115997	0.437973	0.010096
60.000000	0.484721	-0.822629	-0.146813	0.357270	0.108130	0.421294	0.005050
55.000000	0.370623	-0.598931	-0.142316	0.348276	0.114947	0.432131	0.010850
50.000000	0.378367	-0.553457	-0.203278	0.354415	0.118179	0.441386	0.015585
45.000000	0.264999	-0.377577	-0.152421	0.344697	0.120325	0.446244	0.028068
40.000000	0.302173	-0.421810	-0.182536	0.342609	0.119381	0.446720	0.024679
35.000000	0.347094	-0.524403	-0.169785	0.349128	0.116077	0.445771	0.018303
30.000000	0.209648	-0.266768	-0.152529	0.349654	0.124583	0.452801	0.048828
25.000000	0.755265	-0.985107	-0.525424	0.356393	0.116318	0.446743	0.016332
20.000000	0.833215	-1.106573	-0.559857	0.359915	0.114316	0.443632	0.018389
15.000000	0.343767	-0.494343	-0.193190	0.357142	0.123656	0.450320	0.019225
10.000000	0.340476	-0.497557	-0.183395	0.357955	0.122386	0.450845	0.020051
5.000000	0.300744	-0.358388	-0.243101	0.345990	0.125583	0.465329	0.030203
0.000000	0.263144	-0.329242	-0.197047	0.346572	0.122738	0.461687	0.037883
