0.000000	0.994016
5.000000	0.993890
10.000000	0.994328
15.000000	0.994860
20.000000	0.994063
25.000000	0.994473
30.000000	0.993776
35.000000	0.993119
40.000000	0.993571
45.000000	0.993119
50.000000	0.992803
55.000000	0.993041
60.000000	0.993785
65.000000	0.994555
70.000000	0.993368
75.000000	0.993201
80.000000	0.993615
85.000000	0.995078
90.000000	0.994683
95.000000	0.994609
100.000000	0.995374
105.000000	0.995358
110.000000	0.995527
115.000000	0.995651
120.000000	0.999227
125.000000	0.998119
130.000000	0.998315
135.000000	1.000000
140.000000	0.998678
145.000000	0.996665
150.000000	0.996347
155.000000	0.992938
160.000000	0.992379
165.000000	0.986750
170.000000	0.984646
175.000000	0.980626
180.000000	0.967965
185.000000	0.961963
190.000000	0.953549
195.000000	0.938455
200.000000	0.917565
205.000000	0.899721
210.000000	0.864071
215.000000	0.827283
220.000000	0.792328
225.000000	0.745389
230.000000	0.694155
235.000000	0.636874
240.000000	0.574261
245.000000	0.521969
250.000000	0.469540
255.000000	0.425815
