255.000000	0.000000	0.000000	0.000000	0.353076	0.198909	0.396325	0.204659
250.000000	0.026438	0.026438	-0.060017	0.345338	0.200533	0.394224	0.202600
245.000000	0.024873	0.024873	0.061628	0.357381	0.198456	0.395644	0.204367
240.000000	0.021825	-0.021825	-0.228685	0.339357	0.206854	0.422543	0.199006
235.000000	0.024162	-0.024162	-0.429076	0.357011	0.214352	0.448488	0.201317
230.000000	0.013708	0.013708	-0.641857	0.362517	0.221667	0.448167	0.199669
225.000000	0.041317	0.041317	-0.786596	0.370108	0.231122	0.444857	0.196987
220.000000	0.045693	0.045693	-0.632771	0.359143	0.221895	0.447196	0.199842
215.000000	0.035288	0.035288	-0.560828	0.356835	0.217467	0.446248	0.199182
210.000000	0.013649	0.013649	-0.400032	0.352541	0.212210	0.439799	0.200751
205.000000	0.020781	-0.020781	-0.165931	0.341709	0.205530	0.413769	0.198535
200.000000	0.030236	-0.030236	-0.052137	0.352804	0.201251	0.401861	0.202177
195.000000	0.016029	-0.016029	-0.178330	0.340655	0.204881	0.414734	0.200977
190.000000	0.000835	-0.000835	-0.262488	0.338013	0.205030	0.421176	0.199595
185.000000	0.007319	0.007319	-0.281931	0.341566	0.207167	0.423780	0.200334
180.000000	0.016129	-0.016129	-0.214001	0.336960	0.205281	0.419094	0.199729
175.000000	0.019492	-0.019492	-0.103961	0.343760	0.199206	0.410694	0.202381
170.000000	0.014273	-0.014273	-0.276950	0.338459	0.205124	0.428058	0.200827
165.000000	0.017164	-0.017164	-0.545705	0.351888	0.210323	0.443326	0.196005
160.000000	0.020376	-0.020376	-1.004427	0.380896	0.245254	0.436912	0.200834
155.000000	0.020151	-0.020151	-1.026211	0.373248	0.245827	0.433509	0.202782
150.000000	0.019775	-0.019775	-1.016658	0.377128	0.246247	0.433118	0.203490
145.000000	0.015817	-0.015817	-0.963098	0.381274	0.247165	0.436154	0.200696
140.000000	0.007601	0.007601	-0.810352	0.376701	0.236421	0.444077	0.199156
135.000000	0.022990	0.022990	-0.744524	0.374420	0.233136	0.447277	0.199838
130.000000	0.023297	0.023297	-0.713077	0.373787	0.232950	0.446798	0.199144
125.000000	0.019195	0.019195	-0.844435	0.388710	0.245522	0.440456	0.199459
120.000000	0.027801	0.027801	-0.959852	0.376132	0.244242	0.429203	0.199667
115.000000	0.032924	0.032924	-1.206848	0.347563	0.235066	0.426663	0.206279
110.000000	0.034995	0.034995	-1.276295	0.349546	0.233104	0.423419	0.207996
105.000000	0.044202	0.044202	-1.240958	0.352602	0.235967	0.418941	0.202236
100.000000	0.064264	0.064264	-1.230729	0.352633	0.234766	0.413638	0.203178
95.000000	0.091088	0.091088	-1.262227	0.348374	0.231959	0.402035	0.197939
90.000000	0.114865	0.114865	-1.364110	0.344960	0.228433	0.390412	0.202729
85.000000	0.149959	0.149959	-1.322717	0.343927	0.228712	0.392038	0.201650
80.000000	0.190917	0.190917	-1.258111	0.344221	0.226158	0.381115	0.200231
75.000000	0.239717	0.239717	-1.150648	0.346122	0.228386	0.365254	0.198348
70.000000	0.277464	0.277464	-0.953851	0.348085	0.233667	0.364433	0.204445
65.000000	0.281813	0.281813	-0.871292	0.351867	0.232110	0.371577	0.217442
60.000000	0.282904	0.282904	-0.829832	0.354566	0.235211	0.375648	0.231675
55.000000	0.287478	0.287478	-0.864777	0.355502	0.233979	0.371399	0.237505
50.000000	0.309855	0.309855	-0.917901	0.349482	0.235292	0.373444	0.242813
45.000000	0.299744	0.299744	-0.806923	0.354672	0.233394	0.383587	0.250090
40.000000	0.242306	0.242306	-0.890332	0.353980	0.234329	0.383608	0.249543
35.000000	0.211092	0.211092	-0.916117	0.353272	0.234014	0.384205	0.243896
30.000000	0.189638	0.189638	-1.017459	0.347228	0.235017	0.391267	0.239297
25.000000	0.185329	0.185329	-1.057388	0.347628	0.235216	0.389489	0.234369
20.000000	0.208362	0.208362	-0.871371	0.355971	0.236759	0.388146	0.239317
15.000000	0.208915	0.208915	-0.420355	0.383564	0.229575	0.396918	0.252125
10.000000	0.182145	0.182145	-0.237592	0.364990	0.215609	0.384524	0.241865
5.000000	0.215436	0.215436	-0.238544	0.366355	0.216016	0.394556	0.243658
0.000000	0.252655	0.252655	-0.283554	0.372281	0.221189	0.395571	0.239619
