0.000000	0.706705
5.000000	0.705423
10.000000	0.697939
15.000000	0.688664
20.000000	0.673746
25.000000	0.657879
30.000000	0.637270
35.000000	0.581785
40.000000	0.580013
45.000000	0.540815
50.000000	0.498953
55.000000	0.456687
60.000000	0.431033
65.000000	0.408743
70.000000	0.421736
75.000000	0.454408
80.000000	0.522610
85.000000	0.616051
90.000000	0.715391
95.000000	0.782112
100.000000	0.874742
105.000000	0.899580
110.000000	0.931146
115.000000	0.949837
120.000000	0.962893
125.000000	0.970901
130.000000	0.978682
135.000000	0.985990
140.000000	0.990298
145.000000	0.985510
150.000000	0.984390
155.000000	0.986987
160.000000	0.990870
165.000000	0.993178
170.000000	0.995879
175.000000	0.997354
180.000000	0.996378
185.000000	0.998416
190.000000	0.997837
195.000000	0.994973
200.000000	0.995699
205.000000	0.996849
210.000000	0.996491
215.000000	0.995392
220.000000	0.998389
225.000000	1.000000
230.000000	0.998526
235.000000	0.999729
240.000000	0.998934
245.000000	0.996952
250.000000	0.994683
255.000000	0.994362
