0.000000	0.437438
5.000000	0.437918
10.000000	0.437353
15.000000	0.437706
20.000000	0.437900
25.000000	0.437725
30.000000	0.437723
35.000000	0.437635
40.000000	0.437268
45.000000	0.437530
50.000000	0.437339
55.000000	0.437841
60.000000	0.437734
65.000000	0.437611
70.000000	0.437657
75.000000	0.437842
80.000000	0.437418
85.000000	0.437599
90.000000	0.437158
95.000000	0.437665
100.000000	0.436893
105.000000	0.437821
110.000000	0.436798
115.000000	0.437501
120.000000	0.438144
125.000000	0.438040
130.000000	0.438648
135.000000	0.439134
140.000000	0.440828
145.000000	0.442662
150.000000	0.444269
155.000000	0.445556
160.000000	0.449659
165.000000	0.454825
170.000000	0.458500
175.000000	0.466075
180.000000	0.473064
185.000000	0.485878
190.000000	0.498027
195.000000	0.510039
200.000000	0.534436
205.000000	0.554793
210.000000	0.588989
215.000000	0.619822
220.000000	0.658417
225.000000	0.703932
230.000000	0.754762
235.000000	0.806384
240.000000	0.868770
245.000000	0.917261
250.000000	0.963421
255.000000	1.000000
