0.000000	0.692410
5.000000	0.695223
10.000000	0.691544
15.000000	0.694078
20.000000	0.691801
25.000000	0.692634
30.000000	0.689671
35.000000	0.691631
40.000000	0.691544
45.000000	0.691263
50.000000	0.696247
55.000000	0.691444
60.000000	0.696752
65.000000	0.692008
70.000000	0.693547
75.000000	0.683950
80.000000	0.671308
85.000000	0.660889
90.000000	0.651357
95.000000	0.636638
100.000000	0.585253
105.000000	0.602464
110.000000	0.582336
115.000000	0.560988
120.000000	0.540181
125.000000	0.516888
130.000000	0.490619
135.000000	0.460515
140.000000	0.430500
145.000000	0.405192
150.000000	0.365942
155.000000	0.328255
160.000000	0.294895
165.000000	0.260745
170.000000	0.217576
175.000000	0.184628
180.000000	0.146884
185.000000	0.105953
190.000000	0.088049
195.000000	0.063348
200.000000	0.049668
205.000000	0.051673
210.000000	0.067534
215.000000	0.102383
220.000000	0.158671
225.000000	0.226561
230.000000	0.325658
235.000000	0.445810
240.000000	0.585950
245.000000	0.719770
250.000000	0.865503
255.000000	1.000000
