255.000000	0.000000	0.000000	0.000000	0.394359	0.187156	0.394779	0.197065
250.000000	0.057862	0.088589	0.027135	0.403263	0.191527	0.392429	0.190287
245.000000	0.077413	0.092605	0.062221	0.383565	0.191160	0.397125	0.192967
240.000000	0.209391	0.291527	0.127255	0.387813	0.198489	0.409161	0.189579
235.000000	0.375526	0.600402	0.150649	0.367552	0.175887	0.428576	0.187801
230.000000	0.401450	0.605350	0.197550	0.378859	0.179437	0.441059	0.197850
225.000000	0.375041	0.520726	0.229356	0.380533	0.184143	0.428437	0.187320
220.000000	0.345531	0.437457	0.253604	0.394290	0.189628	0.434640	0.201472
215.000000	0.358380	0.428298	0.288462	0.398361	0.190260	0.430327	0.194436
210.000000	0.394291	0.469777	0.318805	0.387638	0.184169	0.425711	0.187687
205.000000	0.426945	0.512187	0.341702	0.385341	0.186223	0.433983	0.197986
200.000000	0.431209	0.498832	0.363585	0.386675	0.186491	0.412523	0.188034
195.000000	0.415624	0.447246	0.384001	0.387194	0.187745	0.417580	0.201647
190.000000	0.440170	0.470190	0.410151	0.389068	0.185434	0.399920	0.186866
185.000000	0.421522	0.417547	0.425497	0.384841	0.183968	0.417875	0.205486
180.000000	0.422683	0.384655	0.460711	0.393201	0.181414	0.395021	0.192337
175.000000	0.441600	0.405006	0.478194	0.385075	0.184385	0.408486	0.205350
170.000000	0.474722	0.443318	0.506126	0.392378	0.182833	0.394575	0.200123
165.000000	0.572866	0.618255	0.527476	0.375013	0.184586	0.400680	0.207832
160.000000	0.670603	0.785822	0.555385	0.381388	0.187924	0.400307	0.219118
155.000000	0.675153	0.780598	0.569708	0.380731	0.184060	0.386476	0.208788
150.000000	0.664642	0.749033	0.580252	0.365877	0.182326	0.405573	0.226155
145.000000	0.682708	0.782857	0.582560	0.382158	0.182212	0.373814	0.214011
140.000000	0.711037	0.825402	0.596672	0.369395	0.186512	0.392480	0.224524
135.000000	0.753452	0.903161	0.603742	0.371571	0.187266	0.386830	0.211493
130.000000	0.699281	0.784501	0.614060	0.370819	0.181450	0.383978	0.219103
125.000000	0.705336	0.770540	0.640132	0.378600	0.184242	0.373207	0.219186
120.000000	0.692612	0.740034	0.645189	0.374931	0.180111	0.371992	0.214652
115.000000	0.670742	0.683396	0.658087	0.375226	0.181242	0.372530	0.221085
110.000000	0.747199	0.821884	0.672514	0.383067	0.186460	0.372019	0.214507
105.000000	1.032456	2.034302	0.030611	0.359484	0.197541	0.392751	0.154444
100.000000	0.800018	0.911476	0.688559	0.381572	0.186732	0.374898	0.214734
95.000000	0.743801	0.792287	0.695314	0.377250	0.181203	0.371287	0.220202
90.000000	0.723205	0.742844	0.703566	0.396736	0.183914	0.354074	0.211842
85.000000	0.755674	0.803181	0.708166	0.386231	0.185753	0.368191	0.220039
80.000000	0.796186	0.877290	0.715082	0.376722	0.186312	0.380886	0.220979
75.000000	0.857139	0.994219	0.720060	0.368073	0.188278	0.382999	0.215205
70.000000	0.848628	0.984180	0.713077	0.358239	0.184516	0.397263	0.224857
65.000000	0.805686	0.894462	0.716909	0.381964	0.185111	0.366560	0.212639
60.000000	0.819253	0.912868	0.725638	0.373785	0.185163	0.378029	0.215908
55.000000	0.825836	0.932619	0.719053	0.370655	0.186752	0.384031	0.219874
50.000000	0.825462	0.930571	0.720354	0.373482	0.186135	0.369922	0.214513
45.000000	0.839389	0.962257	0.716520	0.365497	0.186653	0.399768	0.229265
40.000000	0.832024	0.955555	0.708492	0.372241	0.186559	0.381322	0.217198
35.000000	0.823880	0.935511	0.712249	0.366221	0.184841	0.378442	0.217225
30.000000	0.850083	0.992813	0.707352	0.356328	0.185316	0.398847	0.226596
25.000000	0.870267	1.035683	0.704852	0.371656	0.189496	0.379374	0.215320
20.000000	0.913593	1.118235	0.708951	0.375135	0.190782	0.403335	0.226515
15.000000	0.954661	1.200963	0.708360	0.371518	0.187217	0.401699	0.220902
10.000000	0.976572	1.240970	0.712173	0.381348	0.187905	0.393487	0.221511
5.000000	1.034759	1.352854	0.716663	0.378123	0.186308	0.398293	0.215507
0.000000	1.013102	1.311154	0.715049	0.383112	0.187570	0.395912	0.216629
