0.000000	0.712339
5.000000	0.708434
10.000000	0.701935
15.000000	0.693120
20.000000	0.679534
25.000000	0.663238
30.000000	0.638844
35.000000	0.610822
40.000000	0.577751
45.000000	0.538295
50.000000	0.503366
55.000000	0.463054
60.000000	0.433610
65.000000	0.413749
70.000000	0.420299
75.000000	0.459664
80.000000	0.534059
85.000000	0.632322
90.000000	0.709944
95.000000	0.817470
100.000000	0.878445
105.000000	0.897777
110.000000	0.926295
115.000000	0.947602
120.000000	0.961807
125.000000	0.972048
130.000000	0.979488
135.000000	0.985658
140.000000	0.991319
145.000000	0.993574
150.000000	0.991734
155.000000	0.991238
160.000000	0.991283
165.000000	0.990392
170.000000	0.991189
175.000000	0.991612
180.000000	0.995543
185.000000	0.996582
190.000000	0.997010
195.000000	0.994028
200.000000	0.992691
205.000000	0.993631
210.000000	0.993854
215.000000	0.992797
220.000000	0.993707
225.000000	0.993404
230.000000	0.993704
235.000000	0.995227
240.000000	0.995501
245.000000	0.994817
250.000000	0.996822
255.000000	1.000000
