255.000000	0.000000	0.000000	0.000000	0.357876	0.072462	0.375828	0.339479
250.000000	0.046148	0.037006	0.055290	0.361853	0.080402	0.376885	0.344320
245.000000	0.102570	0.065154	0.139986	0.360106	0.078696	0.362587	0.328984
240.000000	0.177215	0.075189	0.279242	0.367512	0.067337	0.370294	0.331851
235.000000	0.257418	0.069642	0.445195	0.363202	0.060887	0.363237	0.324153
230.000000	0.335688	0.052463	0.618912	0.366261	0.053005	0.352020	0.310634
225.000000	0.436609	-0.020754	0.893972	0.351641	0.055984	0.331776	0.285987
220.000000	0.520517	-0.019368	1.060402	0.358492	0.062433	0.339081	0.278858
215.000000	0.620317	0.016168	1.224465	0.358292	0.067053	0.341221	0.259732
210.000000	0.695786	0.097031	1.294541	0.349041	0.057590	0.362669	0.229503
205.000000	0.906630	0.215800	1.597461	0.357648	0.062618	0.362577	0.202618
200.000000	1.100535	0.393983	1.807087	0.344313	0.066738	0.341209	0.175269
195.000000	1.257617	0.506605	2.008630	0.353460	0.065965	0.342136	0.204168
190.000000	1.348141	0.572660	2.123622	0.351379	0.066107	0.329255	0.228579
185.000000	1.414469	0.638476	2.190461	0.347978	0.071682	0.332151	0.244565
180.000000	1.451850	0.615050	2.288649	0.353684	0.064983	0.311977	0.253005
175.000000	1.464671	0.626736	2.302607	0.349568	0.052200	0.324870	0.271652
170.000000	1.495942	0.601673	2.390210	0.356843	0.058001	0.316519	0.273785
165.000000	1.509534	0.605365	2.413702	0.353230	0.055149	0.324096	0.282729
160.000000	1.550025	0.649407	2.450643	0.358102	0.069420	0.331899	0.293136
155.000000	1.569468	0.671736	2.467200	0.357420	0.075831	0.333441	0.293924
150.000000	1.593996	0.713794	2.474199	0.356766	0.081488	0.343717	0.302842
145.000000	1.572233	0.625617	2.518848	0.359986	0.065603	0.346424	0.302008
140.000000	1.584162	0.630972	2.537352	0.363818	0.065922	0.350894	0.307236
135.000000	1.601972	0.667719	2.536225	0.361289	0.066931	0.344091	0.302176
130.000000	1.622238	0.673419	2.571057	0.369563	0.078803	0.353898	0.314214
125.000000	1.595963	0.595543	2.596383	0.363021	0.057412	0.356702	0.306346
120.000000	1.602106	0.595632	2.608580	0.359899	0.056473	0.356505	0.306457
115.000000	1.556263	0.376762	2.735764	0.361644	0.042745	0.359719	0.305439
110.000000	1.496429	0.005320	2.987539	0.352111	0.040379	0.354240	0.294007
105.000000	1.494504	-0.011202	3.000210	0.355852	0.054015	0.362324	0.298227
100.000000	1.466663	-0.119602	3.052927	0.353238	0.067199	0.359053	0.296165
95.000000	1.436065	-0.184561	3.056691	0.355410	0.085894	0.363678	0.297285
90.000000	1.422754	-0.219105	3.064613	0.353949	0.094934	0.364835	0.295154
85.000000	1.437477	-0.206960	3.081914	0.352358	0.091728	0.360285	0.291679
80.000000	1.466637	-0.138283	3.071556	0.352181	0.077381	0.360801	0.295302
75.000000	1.505659	-0.053091	3.064410	0.350800	0.057972	0.355966	0.292483
70.000000	1.549626	0.147031	2.952220	0.354272	0.043062	0.368609	0.303407
65.000000	1.587527	0.363158	2.811897	0.362935	0.043421	0.368624	0.305363
60.000000	1.583795	0.326154	2.841435	0.352473	0.036421	0.364177	0.303630
55.000000	1.580111	0.294396	2.865826	0.360159	0.043691	0.371460	0.309062
50.000000	1.537069	0.041912	3.032227	0.353543	0.048972	0.356094	0.292940
45.000000	1.515920	-0.013352	3.045192	0.361595	0.065624	0.368988	0.301304
40.000000	1.498006	-0.079573	3.075585	0.356382	0.070893	0.354509	0.291209
35.000000	1.510248	-0.042637	3.063132	0.358090	0.065278	0.362495	0.296979
30.000000	1.540557	0.064357	3.016758	0.371080	0.058782	0.364865	0.299539
25.000000	1.539852	0.039492	3.040213	0.367993	0.053213	0.357722	0.292942
20.000000	1.493706	-0.078544	3.065956	0.363797	0.078334	0.366519	0.297202
15.000000	1.439704	-0.223709	3.103116	0.373505	0.105442	0.356620	0.283915
10.000000	1.450296	-0.196273	3.096865	0.352924	0.094019	0.358699	0.292478
5.000000	1.483252	-0.143792	3.110296	0.356458	0.078800	0.362882	0.289766
0.000000	1.489346	-0.108387	3.087079	0.370062	0.080394	0.357571	0.291145
