255.000000	0.000000	0.000000	0.000000	0.539750	0.102886	0.572728	0.089667
250.000000	0.028554	-0.028554	-0.063596	0.541398	0.109565	0.581784	0.096347
245.000000	0.036945	-0.036945	-0.073455	0.541619	0.111348	0.593901	0.100163
240.000000	0.005578	-0.005578	-0.004555	0.540450	0.109495	0.601674	0.102558
235.000000	0.025212	0.025212	0.107437	0.541202	0.108090	0.604550	0.113405
230.000000	0.009736	0.009736	0.050500	0.539229	0.109252	0.615714	0.111241
225.000000	0.005947	0.005947	0.020639	0.542871	0.107188	0.622675	0.111078
220.000000	0.000079	-0.000079	-0.016566	0.544342	0.106400	0.626060	0.110563
215.000000	0.029920	0.029920	0.097618	0.543907	0.101642	0.627825	0.114950
210.000000	0.047687	0.047687	0.198168	0.542960	0.099427	0.623490	0.126732
205.000000	0.051857	0.051857	0.348515	0.539842	0.098739	0.618665	0.149571
200.000000	0.033509	0.033509	0.483458	0.541019	0.100910	0.610687	0.184315
195.000000	0.021417	0.021417	0.559944	0.545217	0.103518	0.602505	0.213149
190.000000	0.014149	0.014149	0.590403	0.541628	0.105037	0.602712	0.219681
185.000000	0.023066	0.023066	0.578625	0.541208	0.101677	0.603116	0.211500
180.000000	0.050002	0.050002	0.505512	0.544213	0.089263	0.610264	0.173003
175.000000	0.080322	0.080322	0.451232	0.548582	0.080026	0.610970	0.154187
170.000000	0.080540	0.080540	0.480886	0.549894	0.076411	0.611298	0.154947
165.000000	0.083745	0.083745	0.504112	0.550920	0.068273	0.613444	0.151076
160.000000	0.068923	0.068923	0.572978	0.552918	0.063633	0.610049	0.161784
155.000000	0.034728	0.034728	0.647365	0.550593	0.063728	0.607057	0.174562
150.000000	0.011789	-0.011789	0.742260	0.548333	0.066815	0.600616	0.199029
145.000000	0.061936	-0.061936	0.835622	0.544224	0.069835	0.599296	0.219992
140.000000	0.070763	-0.070763	0.847506	0.543647	0.067983	0.598352	0.215553
135.000000	0.043998	-0.043998	0.807276	0.550457	0.052918	0.600750	0.182893
130.000000	0.042519	-0.042519	0.802122	0.550935	0.053602	0.601685	0.175956
125.000000	0.063496	-0.063496	0.840777	0.551369	0.053117	0.599005	0.181147
120.000000	0.048308	-0.048308	0.814431	0.553417	0.049183	0.600117	0.165893
115.000000	0.058693	-0.058693	0.830496	0.553740	0.046110	0.601070	0.161547
110.000000	0.078343	-0.078343	0.869123	0.554204	0.044997	0.601767	0.161751
105.000000	0.095582	-0.095582	0.891784	0.552990	0.046492	0.600413	0.164215
100.000000	0.100244	-0.100244	0.906839	0.553408	0.046206	0.598361	0.167035
95.000000	0.108727	-0.108727	0.923610	0.553229	0.047133	0.598943	0.169834
90.000000	0.133757	-0.133757	0.965948	0.553205	0.048853	0.599800	0.178597
85.000000	0.132554	-0.132554	0.972590	0.550944	0.056514	0.599558	0.191809
80.000000	0.165608	-0.165608	1.023607	0.545614	0.067825	0.599284	0.215222
75.000000	0.165389	-0.165389	1.028179	0.545269	0.070844	0.598280	0.222491
70.000000	0.173606	-0.173606	1.040850	0.545273	0.066845	0.602892	0.212174
65.000000	0.174579	-0.174579	1.042392	0.547634	0.063188	0.604019	0.204913
60.000000	0.156018	-0.156018	1.015239	0.549564	0.062126	0.601528	0.199652
55.000000	0.179524	-0.179524	1.042998	0.547596	0.057394	0.606833	0.186126
50.000000	0.180469	-0.180469	1.042347	0.549135	0.051976	0.607420	0.175828
45.000000	0.145827	-0.145827	0.995599	0.549785	0.051838	0.604109	0.171913
40.000000	0.175381	-0.175381	1.030625	0.549414	0.045781	0.607501	0.162203
35.000000	0.150381	-0.150381	0.998327	0.550282	0.048141	0.605579	0.165298
30.000000	0.167214	-0.167214	1.024480	0.548708	0.052944	0.606805	0.174346
25.000000	0.163370	-0.163370	1.015692	0.549977	0.051442	0.604069	0.172934
20.000000	0.152298	-0.152298	1.002138	0.549603	0.048348	0.606419	0.168486
15.000000	0.113181	-0.113181	0.947085	0.550094	0.057264	0.599521	0.181373
10.000000	0.128875	-0.128875	0.973149	0.547428	0.063035	0.597206	0.195803
5.000000	0.106767	-0.106767	0.942751	0.547421	0.063130	0.598288	0.188284
0.000000	0.106017	-0.106017	0.941567	0.549517	0.056043	0.600451	0.174409
