0.000000	0.626998
5.000000	0.632284
10.000000	0.643160
15.000000	0.653883
20.000000	0.670593
25.000000	0.692204
30.000000	0.717625
35.000000	0.749415
40.000000	0.791271
45.000000	0.834610
50.000000	0.895826
55.000000	0.932844
60.000000	0.975213
65.000000	1.000000
70.000000	0.991116
75.000000	0.927372
80.000000	0.856322
85.000000	0.768507
90.000000	0.655749
95.000000	0.531950
100.000000	0.462334
105.000000	0.402805
110.000000	0.372286
115.000000	0.347362
120.000000	0.332191
125.000000	0.323708
130.000000	0.316229
135.000000	0.310383
140.000000	0.308047
145.000000	0.305945
150.000000	0.304073
155.000000	0.302675
160.000000	0.301285
165.000000	0.300665
170.000000	0.300388
175.000000	0.300464
180.000000	0.299431
185.000000	0.299584
190.000000	0.299574
195.000000	0.300572
200.000000	0.300904
205.000000	0.301226
210.000000	0.300174
215.000000	0.299374
220.000000	0.299618
225.000000	0.300351
230.000000	0.299925
235.000000	0.299969
240.000000	0.300545
245.000000	0.300720
250.000000	0.299748
255.000000	0.300398
