255.000000	0.000000	0.000000	0.000000	0.758038	0.147056	0.827946	0.108436
250.000000	0.028395	0.028395	-0.090412	0.763561	0.148489	0.802426	0.128907
245.000000	0.046801	0.046801	-0.110962	0.764736	0.146752	0.776745	0.142609
240.000000	0.057521	0.057521	-0.122627	0.766643	0.148679	0.756687	0.151866
235.000000	0.066599	0.066599	-0.077842	0.762269	0.147356	0.738008	0.153825
230.000000	0.075301	0.075301	-0.055685	0.764968	0.147051	0.722524	0.157472
225.000000	0.084405	0.084405	-0.060277	0.764729	0.144553	0.707783	0.162109
220.000000	0.086372	0.086372	-0.067491	0.766967	0.145977	0.701583	0.164643
215.000000	0.091043	0.091043	-0.092083	0.763869	0.146284	0.692088	0.170205
210.000000	0.092399	0.092399	-0.080032	0.763609	0.148833	0.694160	0.169961
205.000000	0.095820	0.095820	-0.061643	0.764297	0.144185	0.690910	0.170945
200.000000	0.101648	0.101648	-0.096747	0.763585	0.146072	0.689675	0.176022
195.000000	0.108266	0.108266	-0.124457	0.764466	0.146552	0.690097	0.178686
190.000000	0.116482	0.116482	-0.183095	0.766401	0.154234	0.692445	0.185399
185.000000	0.130433	0.130433	-0.209992	0.771669	0.152343	0.696525	0.187117
180.000000	0.135481	0.135481	-0.206829	0.772865	0.153490	0.699156	0.187175
175.000000	0.144061	0.144061	-0.194960	0.770326	0.151814	0.700825	0.188026
170.000000	0.140404	0.140404	-0.165147	0.769762	0.154401	0.704270	0.185623
165.000000	0.143685	0.143685	-0.143896	0.766716	0.152396	0.707452	0.184556
160.000000	0.143168	0.143168	-0.077613	0.763567	0.146414	0.707735	0.181312
155.000000	0.144149	0.144149	-0.037239	0.759675	0.149760	0.713356	0.179229
150.000000	0.154294	0.154294	-0.018159	0.761951	0.143381	0.714164	0.178146
145.000000	0.158341	0.158341	-0.030182	0.765009	0.147041	0.716197	0.179536
140.000000	0.164672	0.164672	-0.034931	0.763337	0.146288	0.716679	0.180957
135.000000	0.168258	0.168258	0.031835	0.767639	0.143408	0.720002	0.177802
130.000000	0.171428	0.171428	0.156655	0.769043	0.131978	0.721413	0.177601
125.000000	0.175830	0.175830	0.068639	0.763491	0.148654	0.725456	0.177600
120.000000	0.180310	0.180310	-0.008611	0.766518	0.153099	0.724098	0.181459
115.000000	0.182080	0.182080	-0.032034	0.765196	0.157368	0.726419	0.181415
110.000000	0.185059	0.185059	-0.027555	0.767521	0.155320	0.725078	0.183170
105.000000	0.189367	0.189367	0.000303	0.769718	0.152277	0.726527	0.182046
100.000000	0.192263	0.192263	0.027141	0.767460	0.150972	0.728070	0.180889
95.000000	0.194680	0.194680	0.096784	0.773402	0.142128	0.727469	0.181556
90.000000	0.196314	0.196314	0.137790	0.768595	0.148193	0.730594	0.180640
85.000000	0.195285	0.195285	0.177788	0.774588	0.137037	0.729206	0.182704
80.000000	0.187339	0.187339	0.243598	0.771838	0.138974	0.733044	0.182273
75.000000	0.183395	0.183395	0.291773	0.767382	0.144803	0.734618	0.184048
70.000000	0.182211	0.182211	0.298614	0.771727	0.139295	0.734971	0.184351
65.000000	0.181913	0.181913	0.312296	0.766323	0.145236	0.737249	0.183985
60.000000	0.175066	0.175066	0.335786	0.767055	0.143496	0.736117	0.185150
55.000000	0.164564	0.164564	0.381790	0.768103	0.140874	0.737703	0.185788
50.000000	0.151944	0.151944	0.468646	0.766989	0.144161	0.734434	0.192838
45.000000	0.139509	0.139509	0.499651	0.770801	0.140862	0.735298	0.194025
40.000000	0.130868	0.130868	0.497641	0.762486	0.143196	0.733609	0.192704
35.000000	0.130833	0.130833	0.493464	0.765746	0.141766	0.734790	0.192174
30.000000	0.130403	0.130403	0.516039	0.761844	0.145252	0.735424	0.193240
25.000000	0.126968	0.126968	0.525909	0.771445	0.137562	0.731332	0.196194
20.000000	0.114147	0.114147	0.576017	0.773461	0.136897	0.731423	0.199722
15.000000	0.110182	0.110182	0.605996	0.763277	0.146306	0.732365	0.201004
10.000000	0.115755	0.115755	0.577249	0.767729	0.139982	0.732085	0.199389
5.000000	0.129912	0.129912	0.545989	0.765381	0.142859	0.732076	0.198302
0.000000	0.136045	0.136045	0.517110	0.770649	0.136037	0.730645	0.197264
