0.000000	0.072994
5.000000	0.072340
10.000000	0.071581
15.000000	0.073343
20.000000	0.079781
25.000000	0.093650
30.000000	0.126117
35.000000	0.172176
40.000000	0.211106
45.000000	0.279043
50.000000	0.375421
55.000000	0.467190
60.000000	0.576712
65.000000	0.669574
70.000000	0.707140
75.000000	0.739811
80.000000	0.734230
85.000000	0.732502
90.000000	0.746489
95.000000	0.788304
100.000000	0.840964
105.000000	0.889344
110.000000	0.928353
115.000000	0.947747
120.000000	0.962580
125.000000	0.976084
130.000000	0.984110
135.000000	0.989388
140.000000	0.993752
145.000000	0.993646
150.000000	0.994389
155.000000	0.997692
160.000000	0.996085
165.000000	0.997824
170.000000	0.998301
175.000000	0.998501
180.000000	0.996974
185.000000	0.997794
190.000000	0.996664
195.000000	0.995819
200.000000	0.997733
205.000000	0.999459
210.000000	0.999678
215.000000	0.998768
220.000000	0.998453
225.000000	0.998180
230.000000	0.998924
235.000000	1.000000
240.000000	0.999107
245.000000	0.999189
250.000000	0.998452
255.000000	0.999370
