0.000000	0.998446
5.000000	0.998736
10.000000	0.997567
15.000000	0.998206
20.000000	0.998769
25.000000	0.997518
30.000000	0.997482
35.000000	0.998323
40.000000	0.999267
45.000000	0.997847
50.000000	0.998528
55.000000	0.999163
60.000000	1.000000
65.000000	0.998961
70.000000	0.999135
75.000000	0.999364
80.000000	0.999059
85.000000	0.997346
90.000000	0.995882
95.000000	0.995387
100.000000	0.994670
105.000000	0.994096
110.000000	0.992240
115.000000	0.992182
120.000000	0.990011
125.000000	0.987490
130.000000	0.986047
135.000000	0.984878
140.000000	0.980074
145.000000	0.976790
150.000000	0.975216
155.000000	0.967321
160.000000	0.963336
165.000000	0.955038
170.000000	0.948413
175.000000	0.938966
180.000000	0.928471
185.000000	0.910996
190.000000	0.896212
195.000000	0.878812
200.000000	0.852724
205.000000	0.829731
210.000000	0.789563
215.000000	0.753347
220.000000	0.712578
225.000000	0.666876
230.000000	0.614190
235.000000	0.561292
240.000000	0.505287
245.000000	0.460349
250.000000	0.419099
255.000000	0.389995
