255.000000	0.000000	0.000000	0.000000	0.428998	0.245280	0.391956	0.027262
250.000000	0.156214	0.156214	0.187830	0.424704	0.245057	0.399062	0.024095
245.000000	0.138180	0.138180	0.176585	0.421735	0.240678	0.399262	0.030828
240.000000	0.225602	0.225602	0.312941	0.417298	0.244410	0.414642	0.034019
235.000000	0.220294	0.220294	0.338815	0.421543	0.246915	0.419760	0.034782
230.000000	0.101022	0.101022	0.212390	0.422727	0.248255	0.418884	0.048563
225.000000	0.053047	0.053047	0.196905	0.423298	0.249727	0.423954	0.046921
220.000000	0.019872	-0.019872	0.122469	0.430952	0.254751	0.413161	0.051220
215.000000	0.013527	-0.013527	0.183956	0.420626	0.249682	0.414533	0.031582
210.000000	0.696919	0.696919	1.011340	0.425940	0.261924	0.400711	0.031500
205.000000	0.767936	0.767936	1.116091	0.429763	0.262784	0.388276	0.047443
200.000000	0.770292	0.770292	1.151800	0.424111	0.262582	0.385938	0.070613
195.000000	0.888445	0.888445	1.192562	0.433065	0.262412	0.398936	0.032700
190.000000	1.121094	1.121094	1.373643	0.428327	0.255087	0.398436	0.019171
185.000000	1.246456	1.246456	1.470764	0.428528	0.251898	0.400520	0.021165
180.000000	1.475393	1.475393	1.666912	0.435377	0.253963	0.409221	0.025885
175.000000	1.546293	1.546293	1.716692	0.429733	0.250548	0.403600	0.035532
170.000000	1.608476	1.608476	1.759451	0.436381	0.254807	0.404488	0.042881
165.000000	1.539475	1.539475	1.699186	0.435269	0.253180	0.403218	0.041662
160.000000	1.546900	1.546900	1.685285	0.430320	0.249090	0.399173	0.044008
155.000000	1.652513	1.652513	1.735730	0.434066	0.244880	0.398654	0.057761
150.000000	1.614315	1.614315	1.692476	0.432973	0.243639	0.393928	0.058051
145.000000	1.518970	1.518970	1.625600	0.430536	0.243810	0.398469	0.049003
140.000000	1.304249	1.304249	1.467168	0.428820	0.246518	0.397594	0.046077
135.000000	1.251904	1.251904	1.425738	0.426545	0.244118	0.398755	0.049599
130.000000	1.261620	1.261620	1.417600	0.429160	0.244348	0.405663	0.049786
125.000000	1.269585	1.269585	1.401692	0.424994	0.240752	0.405920	0.052666
120.000000	1.391980	1.391980	1.485889	0.427890	0.239700	0.412634	0.049640
115.000000	1.537966	1.537966	1.582192	0.429978	0.238069	0.416749	0.055117
110.000000	1.540592	1.540592	1.581567	0.428172	0.240074	0.419127	0.056478
105.000000	1.564544	1.564544	1.598494	0.426720	0.236873	0.425871	0.059816
100.000000	1.440650	1.440650	1.520816	0.428493	0.241312	0.429314	0.053676
95.000000	1.538730	1.538730	1.578001	0.425815	0.236533	0.429851	0.061906
90.000000	1.642500	1.642500	1.619249	0.430279	0.233081	0.431653	0.074067
85.000000	1.459967	1.459967	1.502077	0.418949	0.230058	0.429090	0.061669
80.000000	1.381503	1.381503	1.455986	0.426465	0.236866	0.433843	0.057992
75.000000	1.346357	1.346357	1.422560	0.421181	0.232539	0.433279	0.061646
70.000000	1.389506	1.389506	1.448809	0.421819	0.231756	0.438594	0.060089
65.000000	1.343963	1.343963	1.414620	0.421026	0.231327	0.436629	0.061993
60.000000	1.288456	1.288456	1.371524	0.419705	0.230032	0.436780	0.063676
55.000000	1.298938	1.298938	1.383580	0.425219	0.235016	0.438019	0.060818
50.000000	1.411301	1.411301	1.452359	0.421520	0.227876	0.437174	0.063356
45.000000	1.542370	1.542370	1.533896	0.421017	0.225832	0.437416	0.067457
40.000000	1.634548	1.634548	1.570706	0.428978	0.225311	0.435213	0.079750
35.000000	1.679071	1.679071	1.589544	0.426682	0.223987	0.435397	0.086004
30.000000	1.733864	1.733864	1.611642	0.427302	0.221741	0.435419	0.096803
25.000000	1.717274	1.717274	1.606569	0.425664	0.221809	0.435149	0.092805
20.000000	1.724655	1.724655	1.608172	0.427219	0.222696	0.434847	0.094220
15.000000	1.658518	1.658518	1.577213	0.422957	0.222135	0.436856	0.082663
10.000000	1.441357	1.441357	1.447327	0.423157	0.225997	0.438596	0.061996
5.000000	1.310667	1.310667	1.370319	0.427575	0.232004	0.440825	0.060617
0.000000	1.285434	1.285434	1.355440	0.425303	0.232277	0.439845	0.063525
