255.000000	0.000000	0.000000	0.000000	0.860084	0.067119	0.803394	0.183405
250.000000	0.024225	0.007961	0.040489	0.858691	0.078031	0.811379	0.176141
245.000000	0.031593	0.005275	0.057911	0.859731	0.079589	0.819006	0.170515
240.000000	0.023434	0.006543	0.040324	0.859533	0.071551	0.829494	0.163303
235.000000	0.031141	0.007999	0.054283	0.859920	0.074041	0.836610	0.157619
230.000000	0.044535	0.013792	0.075278	0.858612	0.079547	0.843383	0.151770
225.000000	0.047493	0.015806	0.079179	0.859137	0.075729	0.846795	0.148568
220.000000	0.050221	0.011550	0.088892	0.859985	0.071318	0.849611	0.145246
215.000000	0.048410	0.012359	0.084460	0.859212	0.064780	0.855005	0.140097
210.000000	0.061813	0.008082	0.115544	0.859875	0.069576	0.853381	0.140264
205.000000	0.058111	0.008587	0.107634	0.859434	0.063856	0.850866	0.141013
200.000000	0.081267	0.008356	0.154178	0.858936	0.069010	0.852825	0.138148
195.000000	0.080559	0.002782	0.158335	0.860152	0.059609	0.848647	0.139813
190.000000	0.088990	0.006450	0.171531	0.859200	0.060052	0.848120	0.139450
185.000000	0.103882	0.015396	0.192369	0.859668	0.065155	0.843221	0.142622
180.000000	0.119773	0.014552	0.224995	0.857944	0.068765	0.842199	0.142662
175.000000	0.133269	0.022617	0.243921	0.858887	0.074032	0.835961	0.147295
170.000000	0.153880	0.028152	0.279608	0.858566	0.080158	0.834638	0.148749
165.000000	0.162008	0.030447	0.293569	0.859279	0.079527	0.831113	0.150784
160.000000	0.166808	0.030254	0.303362	0.858808	0.076912	0.828517	0.151253
155.000000	0.166972	0.013954	0.319990	0.857911	0.070886	0.829563	0.148605
150.000000	0.164141	-0.004689	0.332972	0.859044	0.064641	0.830420	0.144548
145.000000	0.162886	-0.013342	0.339114	0.858592	0.060799	0.827617	0.145808
140.000000	0.159662	-0.032362	0.351686	0.858996	0.058262	0.829336	0.141739
135.000000	0.170415	-0.028712	0.369542	0.858116	0.062879	0.828120	0.141619
130.000000	0.165835	-0.045779	0.377449	0.856525	0.059830	0.825578	0.142060
125.000000	0.165308	-0.066825	0.397441	0.856364	0.059558	0.828054	0.137109
120.000000	0.160192	-0.088229	0.408613	0.857264	0.054811	0.828936	0.134489
115.000000	0.193542	-0.039843	0.426927	0.856529	0.067952	0.824975	0.142033
110.000000	0.212661	-0.020119	0.445441	0.856958	0.072402	0.825233	0.143087
105.000000	0.220968	-0.023207	0.465144	0.856489	0.073149	0.823762	0.144195
100.000000	0.216442	-0.035625	0.468509	0.857539	0.072227	0.824990	0.140618
95.000000	0.212367	-0.062626	0.487359	0.858212	0.065556	0.825322	0.138591
90.000000	0.209635	-0.056575	0.475844	0.857673	0.065165	0.823089	0.140345
85.000000	0.218364	-0.067218	0.503945	0.859220	0.063858	0.825153	0.137177
80.000000	0.216846	-0.078786	0.512478	0.859342	0.061854	0.824772	0.137303
75.000000	0.212893	-0.094768	0.520555	0.859453	0.058358	0.824169	0.135919
70.000000	0.204387	-0.147082	0.555856	0.861372	0.050196	0.828508	0.129362
65.000000	0.192394	-0.184123	0.568912	0.862650	0.045232	0.826331	0.130295
60.000000	0.172696	-0.295494	0.640885	0.862131	0.038054	0.831807	0.120826
55.000000	0.162459	-0.343988	0.668907	0.861202	0.035937	0.833441	0.118860
50.000000	0.156695	-0.406593	0.719984	0.863275	0.035244	0.836106	0.115831
45.000000	0.149965	-0.463555	0.763485	0.863134	0.034425	0.838159	0.112297
40.000000	0.151854	-0.474641	0.778348	0.862632	0.035062	0.838906	0.111872
35.000000	0.150917	-0.483853	0.785686	0.863885	0.035707	0.841784	0.109428
30.000000	0.147549	-0.502378	0.797477	0.863449	0.035516	0.843563	0.106880
25.000000	0.146954	-0.503303	0.797211	0.864437	0.035991	0.842824	0.108622
20.000000	0.148524	-0.494835	0.791883	0.863372	0.035662	0.845060	0.105220
15.000000	0.149918	-0.477322	0.777158	0.863541	0.036558	0.844829	0.106368
10.000000	0.124942	-0.594615	0.844499	0.864170	0.036994	0.846916	0.102608
5.000000	0.123996	-0.623058	0.871051	0.863651	0.037968	0.847757	0.101650
0.000000	0.126487	-0.592285	0.845259	0.864490	0.037352	0.847158	0.103424
