255.000000	0.000000	0.000000	0.000000	0.352558	0.146984	0.433491	0.174632
250.000000	0.000263	0.000263	0.007597	0.352856	0.146344	0.433116	0.174419
245.000000	0.000267	0.000267	-0.013615	0.351699	0.146794	0.432552	0.175326
240.000000	0.002684	0.002684	-0.019509	0.348672	0.147257	0.431140	0.174450
235.000000	0.005259	0.005259	0.089871	0.353581	0.143222	0.433106	0.170741
230.000000	0.003908	0.003908	0.123034	0.357326	0.143471	0.432653	0.169204
225.000000	0.003146	-0.003146	0.116423	0.357050	0.143125	0.435196	0.170744
220.000000	0.015839	-0.015839	0.119245	0.355872	0.141591	0.434666	0.170916
215.000000	0.001334	0.001334	0.226158	0.363053	0.140549	0.435026	0.164538
210.000000	0.005005	-0.005005	0.381574	0.360854	0.138235	0.433736	0.158365
205.000000	0.020278	-0.020278	0.350215	0.362933	0.139346	0.435630	0.159791
200.000000	0.012231	-0.012231	0.231504	0.347789	0.133351	0.434657	0.163390
195.000000	0.028957	-0.028957	0.033960	0.354956	0.145000	0.432883	0.173321
190.000000	0.044895	-0.044895	-0.204870	0.346210	0.155106	0.421837	0.181457
185.000000	0.047557	-0.047557	-0.423894	0.352647	0.159592	0.398942	0.178824
180.000000	0.060101	-0.060101	-0.720396	0.357095	0.162448	0.384159	0.174331
175.000000	0.067763	-0.067763	-0.682389	0.357864	0.163829	0.383180	0.173977
170.000000	0.057871	-0.057871	-0.461401	0.355779	0.161607	0.402377	0.178818
165.000000	0.055717	-0.055717	-0.360601	0.350487	0.158776	0.403028	0.181174
160.000000	0.040152	-0.040152	-0.180749	0.345587	0.153861	0.425051	0.181497
155.000000	0.027730	-0.027730	-0.224466	0.345452	0.155613	0.421865	0.180861
150.000000	0.020387	-0.020387	-0.108997	0.349023	0.151610	0.426240	0.178208
145.000000	0.019286	-0.019286	-0.127364	0.347207	0.151457	0.422703	0.177298
140.000000	0.018425	-0.018425	-0.137602	0.349903	0.153204	0.425133	0.178116
135.000000	0.022104	-0.022104	-0.223761	0.345842	0.155260	0.421555	0.180778
130.000000	0.016644	-0.016644	-0.247993	0.343535	0.155939	0.419725	0.182000
125.000000	0.009627	-0.009627	-0.033883	0.349666	0.148014	0.430964	0.177150
120.000000	0.007839	-0.007839	-0.192862	0.343051	0.155942	0.425678	0.183100
115.000000	0.007733	-0.007733	-0.262678	0.347360	0.157238	0.421979	0.184794
110.000000	0.000741	-0.000741	-0.244004	0.346614	0.158115	0.424456	0.186478
105.000000	0.008033	0.008033	-0.226021	0.347724	0.158135	0.424025	0.186499
100.000000	0.016411	0.016411	-0.297893	0.352129	0.160777	0.419299	0.191946
95.000000	0.036098	0.036098	-0.165602	0.349127	0.160975	0.409304	0.188086
90.000000	0.050152	0.050152	-0.153071	0.351471	0.161957	0.398715	0.187759
85.000000	0.094632	0.094632	-0.115407	0.354396	0.163647	0.380968	0.187176
80.000000	0.108488	0.108488	0.045727	0.349640	0.158233	0.379484	0.186495
75.000000	0.097319	0.097319	0.136739	0.353464	0.152076	0.382777	0.193322
70.000000	0.078816	0.078816	0.148096	0.356886	0.151478	0.378008	0.200137
65.000000	0.051460	0.051460	0.134416	0.355753	0.149728	0.376205	0.204298
60.000000	0.059495	0.059495	0.266491	0.357998	0.143490	0.390773	0.201115
55.000000	0.074478	0.074478	0.349082	0.361255	0.141679	0.404044	0.196227
50.000000	0.053732	0.053732	0.070067	0.352556	0.151592	0.383897	0.195841
45.000000	0.036566	0.036566	-0.067070	0.349100	0.158914	0.372352	0.191430
40.000000	0.032358	0.032358	-0.094558	0.347749	0.159108	0.381031	0.187239
35.000000	0.014455	0.014455	-0.152029	0.349817	0.160650	0.383539	0.185236
30.000000	0.070414	0.070414	-0.161135	0.355394	0.162532	0.377121	0.181285
25.000000	0.103633	0.103633	-0.032075	0.348387	0.160112	0.376988	0.171809
20.000000	0.100519	0.100519	-0.085940	0.354412	0.163549	0.375420	0.170648
15.000000	0.136314	0.136314	0.201248	0.355774	0.152501	0.389703	0.159096
10.000000	0.121340	0.121340	0.020088	0.347898	0.161209	0.383301	0.163803
5.000000	0.123921	0.123921	-0.019457	0.350863	0.162935	0.380350	0.163691
0.000000	0.137319	0.137319	0.312210	0.361055	0.148677	0.404682	0.156583
