0.000000	0.770767
5.000000	0.769265
10.000000	0.770821
15.000000	0.769608
20.000000	0.770564
25.000000	0.770085
30.000000	0.770245
35.000000	0.770886
40.000000	0.771259
45.000000	0.771114
50.000000	0.771612
55.000000	0.772003
60.000000	0.771767
65.000000	0.771358
70.000000	0.772472
75.000000	0.773228
80.000000	0.776610
85.000000	0.779101
90.000000	0.782149
95.000000	0.785770
100.000000	0.788521
105.000000	0.792366
110.000000	0.798493
115.000000	0.803052
120.000000	0.808267
125.000000	0.813618
130.000000	0.819900
135.000000	0.828269
140.000000	0.836618
145.000000	0.844475
150.000000	0.853003
155.000000	0.865011
160.000000	0.873948
165.000000	0.885313
170.000000	0.896870
175.000000	0.909371
180.000000	0.921667
185.000000	0.934049
190.000000	0.945209
195.000000	0.956445
200.000000	0.967391
205.000000	0.978653
210.000000	0.986487
215.000000	0.994434
220.000000	0.999177
225.000000	0.999555
230.000000	1.000000
235.000000	0.993657
240.000000	0.984436
245.000000	0.971909
250.000000	0.948492
255.000000	0.915928
