0.000000	0.205105
5.000000	0.205167
10.000000	0.205254
15.000000	0.204982
20.000000	0.205186
25.000000	0.202142
30.000000	0.205353
35.000000	0.205086
40.000000	0.205545
45.000000	0.205095
50.000000	0.205126
55.000000	0.205198
60.000000	0.205210
65.000000	0.205196
70.000000	0.205604
75.000000	0.206989
80.000000	0.208813
85.000000	0.210710
90.000000	0.214343
95.000000	0.215701
100.000000	0.218827
105.000000	0.222399
110.000000	0.227792
115.000000	0.231868
120.000000	0.237886
125.000000	0.242997
130.000000	0.250574
135.000000	0.259512
140.000000	0.269134
145.000000	0.280039
150.000000	0.293353
155.000000	0.309961
160.000000	0.327308
165.000000	0.346877
170.000000	0.369946
175.000000	0.398163
180.000000	0.433543
185.000000	0.467288
190.000000	0.507439
195.000000	0.556444
200.000000	0.603355
205.000000	0.666335
210.000000	0.728734
215.000000	0.800325
220.000000	0.844114
225.000000	0.918586
230.000000	0.952269
235.000000	0.999778
240.000000	1.000000
245.000000	0.985107
250.000000	0.953881
255.000000	0.858152
