255.000000	0.000000	0.000000	0.000000	0.422582	0.338907	0.403011	0.313666
250.000000	0.006108	0.006108	-0.017282	0.423122	0.341856	0.405868	0.314223
245.000000	0.010579	0.010579	-0.018173	0.427632	0.344853	0.411445	0.312290
240.000000	0.013012	0.013012	-0.024078	0.429736	0.349402	0.411985	0.316111
235.000000	0.029461	0.029461	0.014775	0.427063	0.348754	0.418211	0.321599
230.000000	0.048282	0.048282	0.124391	0.425266	0.337829	0.407239	0.327177
225.000000	0.053081	0.053081	0.213476	0.423740	0.331930	0.395797	0.318857
220.000000	0.045196	0.045196	0.240199	0.425731	0.326605	0.401020	0.320438
215.000000	0.047497	0.047497	0.308696	0.424495	0.318865	0.389729	0.314163
210.000000	0.046578	0.046578	0.335909	0.420965	0.319005	0.385579	0.312825
205.000000	0.050574	0.050574	0.307896	0.419984	0.318758	0.388294	0.312019
200.000000	0.056124	0.056124	0.324227	0.424524	0.319086	0.388789	0.311500
195.000000	0.057680	0.057680	0.338963	0.421395	0.318354	0.380585	0.307937
190.000000	0.055428	0.055428	0.374285	0.417907	0.312076	0.380853	0.306507
185.000000	0.049054	0.049054	0.345383	0.419088	0.314101	0.383163	0.310113
180.000000	0.051454	0.051454	0.383239	0.415480	0.302850	0.380836	0.306577
175.000000	0.049142	0.049142	0.356346	0.419628	0.313394	0.382828	0.308926
170.000000	0.050698	0.050698	0.391009	0.409460	0.303508	0.378708	0.306617
165.000000	0.051656	0.051656	0.366707	0.413455	0.306499	0.381412	0.307470
160.000000	0.051854	0.051854	0.413893	0.405704	0.296148	0.379318	0.304875
155.000000	0.050471	0.050471	0.328145	0.421945	0.316824	0.388653	0.314031
150.000000	0.058002	0.058002	0.395043	0.415771	0.306379	0.380632	0.304723
145.000000	0.055769	0.055769	0.445475	0.409841	0.294808	0.375474	0.301319
140.000000	0.059842	0.059842	0.432222	0.409055	0.295595	0.378440	0.303130
135.000000	0.062803	0.062803	0.393616	0.411041	0.303957	0.378113	0.304723
130.000000	0.062379	0.062379	0.422942	0.409409	0.298649	0.378199	0.301491
125.000000	0.063379	0.063379	0.388459	0.415936	0.307364	0.383854	0.308816
120.000000	0.073038	0.073038	0.395679	0.414903	0.307151	0.380629	0.309307
115.000000	0.088737	0.088737	0.388477	0.416013	0.312679	0.385247	0.311135
110.000000	0.108788	0.108788	0.461399	0.416213	0.302794	0.374220	0.303566
105.000000	0.134196	0.134196	0.424636	0.422741	0.318069	0.382294	0.311803
100.000000	0.178267	0.178267	0.516664	0.420201	0.308273	0.381802	0.311408
95.000000	0.238482	0.238482	0.605413	0.423918	0.305283	0.382439	0.309505
90.000000	0.321969	0.321969	0.712957	0.419121	0.296418	0.381666	0.292014
85.000000	0.415346	0.415346	0.785535	0.412548	0.293467	0.372955	0.279299
80.000000	0.512468	0.512468	0.939726	0.404061	0.276481	0.369810	0.269962
75.000000	0.606032	0.606032	0.992453	0.395080	0.271225	0.356561	0.262274
70.000000	0.682381	0.682381	1.075268	0.394489	0.265292	0.385776	0.279876
65.000000	0.761966	0.761966	1.105797	0.395994	0.270390	0.378279	0.278895
60.000000	0.825166	0.825166	1.160253	0.391352	0.268251	0.378084	0.284296
55.000000	0.874631	0.874631	1.121222	0.396735	0.281337	0.374402	0.291597
50.000000	0.905555	0.905555	1.066622	0.401354	0.297199	0.362145	0.293133
45.000000	0.942883	0.942883	1.151843	0.398437	0.289140	0.336813	0.283394
40.000000	0.960421	0.960421	1.119010	0.406261	0.304156	0.345561	0.291651
35.000000	0.974440	0.974440	1.158104	0.402364	0.298226	0.333345	0.273555
30.000000	0.981305	0.981305	1.272545	0.400369	0.284543	0.335575	0.264383
25.000000	0.958293	0.958293	1.287211	0.399245	0.279454	0.359159	0.248057
20.000000	0.914251	0.914251	1.324244	0.398372	0.270172	0.350781	0.215777
15.000000	0.838115	0.838115	1.326275	0.403881	0.264809	0.381250	0.198060
10.000000	0.725713	0.725713	1.341749	0.413708	0.252955	0.391980	0.182960
5.000000	0.629729	0.629729	1.304219	0.416780	0.247988	0.400806	0.179162
0.000000	0.555793	0.555793	1.327609	0.418726	0.241285	0.388800	0.185173
