0.000000	0.924530
5.000000	0.923976
10.000000	0.924807
15.000000	0.925483
20.000000	0.924895
25.000000	0.925682
30.000000	0.926138
35.000000	0.924705
40.000000	0.925069
45.000000	0.924725
50.000000	0.924407
55.000000	0.924151
60.000000	0.922842
65.000000	0.923256
70.000000	0.923634
75.000000	0.923032
80.000000	0.922639
85.000000	0.920293
90.000000	0.920037
95.000000	0.919824
100.000000	0.918046
105.000000	0.918345
110.000000	0.916707
115.000000	0.914977
120.000000	0.914487
125.000000	0.912237
130.000000	0.910312
135.000000	0.908265
140.000000	0.905688
145.000000	0.903806
150.000000	0.902778
155.000000	0.899971
160.000000	0.898139
165.000000	0.894466
170.000000	0.888761
175.000000	0.889145
180.000000	0.885414
185.000000	0.882413
190.000000	0.880656
195.000000	0.877970
200.000000	0.876117
205.000000	0.875403
210.000000	0.873449
215.000000	0.877657
220.000000	0.880835
225.000000	0.888197
230.000000	0.901165
235.000000	0.913857
240.000000	0.935760
245.000000	0.953743
250.000000	0.975756
255.000000	1.000000
