0.000000	0.998468
5.000000	0.999164
10.000000	0.999642
15.000000	1.000000
20.000000	0.999439
25.000000	0.998454
30.000000	0.995193
35.000000	0.990456
40.000000	0.985308
45.000000	0.976954
50.000000	0.967690
55.000000	0.954839
60.000000	0.942041
65.000000	0.931288
70.000000	0.927140
75.000000	0.925314
80.000000	0.923571
85.000000	0.922401
90.000000	0.919952
95.000000	0.912416
100.000000	0.906857
105.000000	0.901193
110.000000	0.898400
115.000000	0.895330
120.000000	0.894029
125.000000	0.893260
130.000000	0.891977
135.000000	0.892068
140.000000	0.892034
145.000000	0.892129
150.000000	0.891167
155.000000	0.890849
160.000000	0.890460
165.000000	0.891615
170.000000	0.891305
175.000000	0.891374
180.000000	0.892642
185.000000	0.889169
190.000000	0.888950
195.000000	0.889306
200.000000	0.889495
205.000000	0.890985
210.000000	0.890971
215.000000	0.891471
220.000000	0.891186
225.000000	0.890793
230.000000	0.891246
235.000000	0.890403
240.000000	0.890543
245.000000	0.890318
250.000000	0.891812
255.000000	0.891658
