0.000000	0.564920
5.000000	0.561807
10.000000	0.557614
15.000000	0.551721
20.000000	0.539787
25.000000	0.527869
30.000000	0.509097
35.000000	0.480814
40.000000	0.453598
45.000000	0.410680
50.000000	0.359178
55.000000	0.305864
60.000000	0.244541
65.000000	0.181463
70.000000	0.164003
75.000000	0.174972
80.000000	0.259287
85.000000	0.321632
90.000000	0.510881
95.000000	0.619486
100.000000	0.737766
105.000000	0.822681
110.000000	0.880351
115.000000	0.909151
120.000000	0.936569
125.000000	0.948955
130.000000	0.963156
135.000000	0.974600
140.000000	0.982629
145.000000	0.987671
150.000000	0.991075
155.000000	0.992984
160.000000	0.995240
165.000000	0.995725
170.000000	0.997644
175.000000	0.998301
180.000000	0.998942
185.000000	0.998638
190.000000	0.998876
195.000000	0.998241
200.000000	0.998639
205.000000	0.998315
210.000000	0.998326
215.000000	0.998714
220.000000	0.999090
225.000000	0.998952
230.000000	0.999064
235.000000	0.999439
240.000000	1.000000
245.000000	0.999998
250.000000	0.999312
255.000000	0.999331
