255.000000	0.000000	0.000000	0.000000	0.363580	0.068641	0.440057	0.224899
250.000000	0.036031	-0.019486	-0.052577	0.365756	0.070857	0.439851	0.219571
245.000000	0.104164	-0.196789	-0.011539	0.364072	0.065131	0.429034	0.209436
240.000000	0.096062	-0.140055	-0.052069	0.363832	0.067793	0.430402	0.206547
235.000000	0.069244	-0.043349	-0.095139	0.362231	0.073740	0.434230	0.211531
230.000000	0.147959	-0.266065	-0.029853	0.360871	0.065591	0.432219	0.200848
225.000000	0.118128	-0.177612	-0.058645	0.358813	0.066594	0.432074	0.204647
220.000000	0.135218	-0.249079	-0.021358	0.359972	0.065161	0.430717	0.202397
215.000000	0.134608	-0.259769	-0.009447	0.365829	0.065750	0.429033	0.202436
210.000000	0.134445	-0.271406	0.002517	0.364129	0.065451	0.429490	0.202985
205.000000	0.136099	-0.285748	0.013551	0.361529	0.064920	0.429333	0.203375
200.000000	0.108435	-0.192804	-0.024065	0.364692	0.065869	0.431998	0.208802
195.000000	0.096253	-0.153036	-0.039471	0.363783	0.066951	0.430927	0.209594
190.000000	0.091262	-0.153179	-0.029346	0.366245	0.066304	0.435015	0.212588
185.000000	0.033121	0.142444	-0.076202	0.369344	0.086134	0.438112	0.225181
180.000000	0.071894	0.214834	-0.071046	0.373907	0.095277	0.441154	0.231440
175.000000	0.018750	-0.039608	0.002108	0.368133	0.067714	0.437197	0.221411
170.000000	0.082821	-0.231458	0.065816	0.368413	0.063364	0.439248	0.216564
165.000000	0.156206	-0.440160	0.127747	0.371364	0.070064	0.423332	0.202774
160.000000	0.168903	-0.454346	0.116539	0.371763	0.070595	0.419071	0.200596
155.000000	0.080179	-0.116436	-0.043923	0.364639	0.066716	0.437932	0.213651
150.000000	0.173404	-0.319052	-0.027756	0.361261	0.065536	0.420893	0.195520
145.000000	0.051582	0.023137	-0.126300	0.361417	0.079990	0.439053	0.215660
140.000000	0.082986	-0.106224	-0.059748	0.366757	0.068524	0.431581	0.209458
135.000000	0.009052	0.111434	-0.093331	0.364310	0.083844	0.439835	0.222994
130.000000	0.048025	0.197290	-0.101240	0.369029	0.094215	0.443049	0.227562
125.000000	0.002077	0.048937	-0.053092	0.371878	0.072246	0.440690	0.220982
120.000000	0.099328	-0.334393	0.135738	0.372906	0.062182	0.437110	0.213447
115.000000	0.123721	-0.458364	0.210923	0.375182	0.069853	0.429247	0.207969
110.000000	0.119976	-0.490938	0.250987	0.379659	0.073527	0.429322	0.207909
105.000000	0.112373	-0.522161	0.297415	0.380830	0.078457	0.426363	0.205866
100.000000	0.081695	-0.508890	0.345500	0.380618	0.077414	0.439403	0.210348
95.000000	0.012829	-0.351542	0.377200	0.372448	0.055433	0.424990	0.200735
90.000000	0.113471	-0.679120	0.452179	0.393612	0.112318	0.419143	0.183311
85.000000	0.125585	-0.269364	0.520534	0.365307	0.033053	0.404742	0.198059
80.000000	0.172764	-0.284315	0.629843	0.367390	0.019548	0.398879	0.204879
75.000000	0.183813	-0.466314	0.833940	0.364209	0.027582	0.391127	0.197439
70.000000	0.238071	-0.716703	1.192844	0.362915	0.011756	0.397132	0.216289
65.000000	0.313166	-1.157927	1.784260	0.360673	0.038270	0.416743	0.221615
60.000000	0.276563	-0.727270	1.280397	0.364604	0.024737	0.413791	0.224247
55.000000	0.262334	-0.586139	1.110807	0.369721	0.044051	0.415287	0.231693
50.000000	0.255326	-0.559820	1.070473	0.369760	0.060085	0.406293	0.225478
45.000000	0.257471	-0.554023	1.068965	0.370166	0.063595	0.411705	0.235727
40.000000	0.273931	-0.560814	1.108677	0.368541	0.058205	0.407835	0.231858
35.000000	0.285904	-0.565038	1.136846	0.370830	0.054511	0.411853	0.241526
30.000000	0.305509	-0.586694	1.197711	0.372531	0.046130	0.416229	0.245048
25.000000	0.267020	-0.541334	1.075375	0.374835	0.069264	0.406270	0.239612
20.000000	0.265032	-0.542410	1.072473	0.374610	0.070640	0.405734	0.240079
15.000000	0.309009	-0.569885	1.187902	0.369219	0.049304	0.411008	0.247212
10.000000	0.291825	-0.521625	1.105275	0.374971	0.070627	0.401683	0.239793
5.000000	0.442587	-0.949933	1.835107	0.361087	0.049250	0.443960	0.245284
0.000000	0.445770	-0.927300	1.818840	0.365974	0.046804	0.440606	0.241740
