255.000000	0.000000	0.000000	0.000000	0.516079	0.236986	0.619442	0.231570
250.000000	0.011609	-0.011609	0.006104	0.517452	0.237873	0.630976	0.229695
245.000000	0.020012	-0.020012	-0.001004	0.518867	0.237438	0.633270	0.226561
240.000000	0.027027	-0.027027	-0.004847	0.519704	0.236830	0.627759	0.226181
235.000000	0.037318	-0.037318	-0.038233	0.516455	0.235583	0.619777	0.222119
230.000000	0.049647	-0.049647	-0.076766	0.516824	0.232721	0.614442	0.217085
225.000000	0.056684	-0.056684	-0.106983	0.517205	0.231595	0.605717	0.214414
220.000000	0.064413	-0.064413	-0.111548	0.516881	0.232360	0.595307	0.212065
215.000000	0.065661	-0.065661	-0.119555	0.516604	0.232145	0.588490	0.210147
210.000000	0.067525	-0.067525	-0.105812	0.517263	0.233159	0.580115	0.208417
205.000000	0.068482	-0.068482	-0.076103	0.518092	0.234556	0.571916	0.208337
200.000000	0.073687	-0.073687	-0.070114	0.517145	0.235614	0.566342	0.206091
195.000000	0.077224	-0.077224	-0.108618	0.519733	0.232716	0.563743	0.203947
190.000000	0.078961	-0.078961	-0.171012	0.515180	0.230510	0.564501	0.199952
185.000000	0.077754	-0.077754	-0.218701	0.509869	0.228505	0.564632	0.196163
180.000000	0.075447	-0.075447	-0.252280	0.511167	0.226234	0.563057	0.194162
175.000000	0.079564	-0.079564	-0.256372	0.514149	0.225269	0.560327	0.193519
170.000000	0.083178	-0.083178	-0.273036	0.511704	0.227174	0.558192	0.192489
165.000000	0.085091	-0.085091	-0.247929	0.510705	0.228769	0.557052	0.192912
160.000000	0.089207	-0.089207	-0.150143	0.517482	0.231543	0.554112	0.196628
155.000000	0.092139	-0.092139	-0.013746	0.517582	0.237151	0.547434	0.202659
150.000000	0.096319	-0.096319	0.034896	0.518587	0.239805	0.544628	0.203727
145.000000	0.095101	-0.095101	0.064008	0.521027	0.240947	0.544108	0.203876
140.000000	0.098231	-0.098231	0.077132	0.518548	0.240469	0.542937	0.204288
135.000000	0.101686	-0.101686	0.086502	0.515382	0.242406	0.542954	0.204065
130.000000	0.104384	-0.104384	0.124308	0.516669	0.242451	0.539251	0.205328
125.000000	0.108142	-0.108142	0.128817	0.516228	0.243946	0.541731	0.203936
120.000000	0.108541	-0.108541	0.149161	0.517118	0.243696	0.538142	0.205320
115.000000	0.112522	-0.112522	0.139054	0.515110	0.245305	0.540221	0.204178
110.000000	0.115470	-0.115470	0.112204	0.515628	0.243438	0.540863	0.203733
105.000000	0.121686	-0.121686	0.051629	0.513989	0.242761	0.544617	0.201189
100.000000	0.122410	-0.122410	0.003325	0.512014	0.238332	0.550297	0.198088
95.000000	0.121587	-0.121587	-0.019217	0.514101	0.238696	0.549550	0.198205
90.000000	0.122523	-0.122523	-0.065146	0.516221	0.235278	0.552098	0.196107
85.000000	0.124438	-0.124438	-0.121224	0.514561	0.233710	0.553126	0.193734
80.000000	0.124505	-0.124505	-0.222238	0.513848	0.228553	0.557167	0.188973
75.000000	0.124952	-0.124952	-0.312250	0.508877	0.225570	0.559634	0.184816
70.000000	0.124152	-0.124152	-0.375100	0.509845	0.222848	0.560235	0.182617
65.000000	0.121895	-0.121895	-0.444091	0.511606	0.217501	0.558009	0.181598
60.000000	0.124656	-0.124656	-0.522131	0.505311	0.216595	0.561117	0.177901
55.000000	0.124306	-0.124306	-0.565240	0.508439	0.216170	0.560251	0.177445
50.000000	0.126647	-0.126647	-0.583170	0.508404	0.214343	0.562075	0.176422
45.000000	0.127812	-0.127812	-0.591213	0.507348	0.216753	0.562213	0.176413
40.000000	0.132324	-0.132324	-0.614165	0.509867	0.215821	0.561068	0.176336
35.000000	0.134393	-0.134393	-0.640297	0.509388	0.212301	0.560412	0.176261
30.000000	0.135669	-0.135669	-0.665848	0.512060	0.212548	0.560502	0.175644
25.000000	0.140307	-0.140307	-0.737503	0.517031	0.207949	0.558794	0.175805
20.000000	0.128784	-0.128784	-0.621312	0.508502	0.213933	0.556537	0.177776
15.000000	0.134226	-0.134226	-0.613429	0.508461	0.213035	0.560131	0.176308
10.000000	0.123544	-0.123544	-0.629860	0.509605	0.213512	0.557862	0.177464
5.000000	0.121793	-0.121793	-0.602579	0.507821	0.215105	0.559004	0.177185
0.000000	0.127517	-0.127517	-0.569574	0.511261	0.214761	0.559125	0.177700
