255.000000	0.000000	0.000000	0.000000	0.373355	0.128937	0.384871	0.109608
250.000000	0.022841	-0.084561	-0.022841	0.375877	0.129596	0.382977	0.102319
245.000000	0.040541	-0.049596	-0.040541	0.368959	0.128526	0.383198	0.102464
240.000000	0.041129	0.192939	-0.041129	0.362018	0.129715	0.385198	0.121846
235.000000	0.040525	0.307065	-0.040525	0.351995	0.129969	0.381313	0.135358
230.000000	0.046119	0.425641	-0.046119	0.352314	0.134395	0.385246	0.155617
225.000000	0.056279	0.473556	-0.056279	0.358228	0.137350	0.388964	0.163365
220.000000	0.059462	0.477967	-0.059462	0.352586	0.137828	0.388521	0.161922
215.000000	0.067427	0.546784	-0.067427	0.351509	0.140520	0.387817	0.173474
210.000000	0.096190	0.779124	-0.096190	0.358559	0.147337	0.386048	0.220233
205.000000	0.077633	0.732348	-0.077633	0.355416	0.147373	0.391349	0.213508
200.000000	0.046602	0.596870	-0.046602	0.352728	0.142505	0.396333	0.182385
195.000000	0.025418	0.349382	-0.025418	0.364476	0.136483	0.390942	0.138762
190.000000	0.019615	0.236027	-0.019615	0.365264	0.132218	0.388838	0.125541
185.000000	0.020908	0.138207	-0.020908	0.367007	0.129346	0.386702	0.118038
180.000000	0.041014	0.159728	-0.041014	0.359419	0.127156	0.382407	0.117988
175.000000	0.039585	0.441616	-0.039585	0.345358	0.129619	0.381279	0.164630
170.000000	0.179774	1.129860	-0.179774	0.375575	0.160400	0.402189	0.221171
165.000000	0.267799	1.404938	-0.267799	0.328934	0.153825	0.415468	0.197196
160.000000	0.262749	1.249881	-0.262749	0.368784	0.167124	0.395603	0.218258
155.000000	0.235339	1.128148	-0.235339	0.387943	0.168353	0.397254	0.230409
150.000000	0.233639	1.141488	-0.233639	0.378358	0.166079	0.399034	0.230946
145.000000	0.160687	0.895449	-0.160687	0.365305	0.152769	0.384771	0.227148
140.000000	0.162067	0.856392	-0.162067	0.364594	0.147467	0.384510	0.221378
135.000000	0.143223	0.733529	-0.143223	0.357278	0.143707	0.386287	0.209134
130.000000	0.110030	0.548132	-0.110030	0.347319	0.134509	0.378434	0.175185
125.000000	0.090790	0.387297	-0.090790	0.342308	0.126098	0.377458	0.147612
120.000000	0.053808	0.296329	-0.053808	0.340479	0.121900	0.375885	0.138262
115.000000	0.017462	0.275388	-0.017462	0.344648	0.122355	0.384396	0.140542
110.000000	0.011771	0.236715	0.011771	0.348596	0.122805	0.386968	0.136604
105.000000	0.028552	0.217257	0.028552	0.348420	0.121839	0.390769	0.135220
100.000000	0.027736	0.321754	0.027736	0.351175	0.124112	0.392214	0.148687
95.000000	0.043095	0.200668	0.043095	0.351628	0.119574	0.390404	0.126312
90.000000	0.049944	0.385537	0.049944	0.350438	0.126805	0.397275	0.154666
85.000000	0.027288	0.567222	0.027288	0.350433	0.135060	0.394588	0.185302
80.000000	0.029396	0.630484	0.029396	0.353011	0.137787	0.402611	0.192331
75.000000	0.065066	0.556263	0.065066	0.342899	0.128808	0.393393	0.178201
70.000000	0.083587	0.516444	0.083587	0.343568	0.128284	0.385943	0.169888
65.000000	0.076303	0.559476	0.076303	0.341206	0.127877	0.391051	0.173360
60.000000	0.063108	0.600198	0.063108	0.336688	0.128519	0.397294	0.180248
55.000000	0.079923	0.579777	0.079923	0.333163	0.126777	0.400546	0.180548
50.000000	0.101905	0.535273	0.101905	0.337967	0.125964	0.404888	0.173754
45.000000	0.101088	0.521915	0.101088	0.338023	0.125652	0.409439	0.171183
40.000000	0.120568	0.433263	0.120568	0.337270	0.122940	0.406177	0.157030
35.000000	0.119452	0.467575	0.119452	0.337659	0.122479	0.411815	0.165636
30.000000	0.106369	0.548412	0.106369	0.335974	0.125388	0.418703	0.182662
25.000000	0.108912	0.555046	0.108912	0.344126	0.128751	0.422132	0.183378
20.000000	0.093196	0.621019	0.093196	0.335714	0.128793	0.416497	0.192885
15.000000	0.094939	0.628674	0.094939	0.339080	0.130484	0.419988	0.194122
10.000000	0.130454	0.532069	0.130454	0.336234	0.125314	0.426586	0.187206
5.000000	0.197228	0.367309	0.197228	0.334581	0.119765	0.419869	0.163927
0.000000	0.224987	0.310325	0.224987	0.337623	0.119521	0.424450	0.160108
