255.000000	0.000000	0.000000	0.000000	0.344719	0.358663	0.356258	0.307126
250.000000	0.082895	-0.061377	-0.082895	0.345763	0.351775	0.362163	0.302378
245.000000	0.012669	-0.085990	0.012669	0.339977	0.395075	0.362927	0.289341
240.000000	0.010739	-0.118893	0.010739	0.348271	0.410059	0.379074	0.292601
235.000000	0.011930	-0.146306	0.011930	0.339429	0.409243	0.384875	0.290421
230.000000	0.002657	-0.169851	0.002657	0.332403	0.404226	0.388994	0.287232
225.000000	0.021172	-0.193789	-0.021172	0.324463	0.396890	0.389061	0.285548
220.000000	0.059537	-0.217085	-0.059537	0.327271	0.393621	0.390727	0.284117
215.000000	0.075857	-0.231772	-0.075857	0.325871	0.388137	0.389938	0.281079
210.000000	0.090001	-0.247477	-0.090001	0.326858	0.388162	0.383437	0.278509
205.000000	0.139775	-0.262572	-0.139775	0.320949	0.375866	0.387152	0.273895
200.000000	0.126642	0.919278	-0.126642	0.294719	0.044002	0.367515	0.292370
195.000000	0.079788	-0.258995	-0.079788	0.317174	0.387293	0.382850	0.278544
190.000000	0.068876	-0.262614	-0.068876	0.326075	0.399255	0.384369	0.275005
185.000000	0.025131	-0.239982	0.025131	0.321535	0.404942	0.391374	0.279211
180.000000	0.143561	-0.219242	0.143561	0.344142	0.417415	0.399710	0.278641
175.000000	0.156524	-0.214546	0.156524	0.334642	0.407845	0.400064	0.279922
170.000000	0.105208	-0.232667	0.105208	0.338338	0.417811	0.396724	0.281874
165.000000	0.030599	-0.254099	0.030599	0.328618	0.410742	0.390810	0.281654
160.000000	0.032655	-0.275833	-0.032655	0.326755	0.402551	0.380827	0.277866
155.000000	0.083835	-0.291734	-0.083835	0.325533	0.399421	0.375354	0.276721
150.000000	0.144337	-0.309012	-0.144337	0.330967	0.395681	0.373612	0.269644
145.000000	0.101764	-0.299318	-0.101764	0.325386	0.396012	0.374273	0.274930
140.000000	0.044282	-0.289948	-0.044282	0.327325	0.408634	0.377193	0.275303
135.000000	0.006664	-0.285985	-0.006664	0.336428	0.417043	0.376907	0.276283
130.000000	0.007043	-0.285285	-0.007043	0.328404	0.411021	0.379033	0.280411
125.000000	0.013108	-0.290227	-0.013108	0.339343	0.420636	0.374725	0.274895
120.000000	0.092964	-0.305896	-0.092964	0.328664	0.404143	0.375807	0.276338
115.000000	0.123157	-0.314362	-0.123157	0.331314	0.400302	0.372437	0.271120
110.000000	0.165713	-0.324620	-0.165713	0.327597	0.396146	0.378701	0.274920
105.000000	0.199337	-0.335988	-0.199337	0.334329	0.393959	0.377269	0.272637
100.000000	0.238498	-0.339193	-0.238498	0.328675	0.374833	0.382367	0.274288
95.000000	0.238960	-0.342096	-0.238960	0.329471	0.371560	0.380888	0.273690
90.000000	0.254980	-0.351910	-0.254980	0.333756	0.376830	0.382529	0.271108
85.000000	0.353565	-0.371706	-0.353565	0.337681	0.351264	0.378876	0.265815
80.000000	0.287885	-0.357598	-0.287885	0.325033	0.361437	0.382390	0.270434
75.000000	0.228240	-0.358176	-0.228240	0.330128	0.387314	0.380410	0.271959
70.000000	0.220908	-0.359104	-0.220908	0.324737	0.380290	0.383333	0.274976
65.000000	0.239880	-0.365414	-0.239880	0.328688	0.374425	0.382413	0.273131
60.000000	0.226667	-0.358446	-0.226667	0.324589	0.376617	0.382304	0.273940
55.000000	0.097640	-0.322539	-0.097640	0.329124	0.405016	0.372862	0.276522
50.000000	0.012662	-0.304617	-0.012662	0.333729	0.414379	0.379369	0.280449
45.000000	0.016148	-0.298122	0.016148	0.325138	0.408467	0.384616	0.286536
40.000000	0.055435	-0.315901	-0.055435	0.322649	0.403572	0.379722	0.282575
35.000000	0.240962	-0.365061	-0.240962	0.326899	0.382126	0.385280	0.276317
30.000000	0.177521	-0.338910	-0.177521	0.324770	0.391138	0.377188	0.272986
25.000000	0.028321	-0.309547	-0.028321	0.328146	0.410557	0.380482	0.284145
20.000000	0.096636	-0.278250	0.096636	0.341732	0.410319	0.388666	0.283818
15.000000	0.052285	-0.276222	0.052285	0.330402	0.407210	0.393508	0.289842
10.000000	0.089224	-0.269114	0.089224	0.337074	0.415346	0.390719	0.286040
5.000000	0.105772	-0.264854	0.105772	0.338492	0.410788	0.390407	0.284368
0.000000	0.109735	-0.264158	0.109735	0.340166	0.412915	0.390041	0.284930
