255.000000	0.000000	0.000000	0.000000	0.428272	0.114571	0.419081	0.120264
250.000000	0.011855	-0.011855	-0.060437	0.428315	0.114849	0.418605	0.122997
245.000000	0.011250	0.011250	0.197197	0.432692	0.114346	0.423317	0.112450
240.000000	0.000312	0.000312	0.153384	0.429813	0.115399	0.425523	0.114822
235.000000	0.000439	-0.000439	0.164396	0.429217	0.117805	0.420611	0.117933
230.000000	0.004280	-0.004280	0.191969	0.430053	0.114059	0.430729	0.114862
225.000000	0.014161	-0.014161	0.107331	0.432430	0.114115	0.429988	0.119275
220.000000	0.014645	-0.014645	0.026514	0.425467	0.116401	0.428623	0.126504
215.000000	0.021742	-0.021742	-0.076938	0.425928	0.116175	0.427975	0.133420
210.000000	0.027954	-0.027954	0.108958	0.424914	0.110063	0.438361	0.119341
205.000000	0.035419	-0.035419	-0.149375	0.424884	0.117465	0.435669	0.141200
200.000000	0.032913	-0.032913	0.172877	0.428112	0.116495	0.435695	0.122898
195.000000	0.022704	-0.022704	-0.328074	0.417283	0.111895	0.438699	0.151896
190.000000	0.054747	-0.054747	-0.172006	0.413774	0.114018	0.438540	0.145272
185.000000	0.051995	-0.051995	-0.224851	0.421635	0.112115	0.438912	0.148055
180.000000	0.065717	-0.065717	-0.015075	0.420091	0.111386	0.444506	0.132717
175.000000	0.030718	-0.030718	-0.385943	0.429249	0.120627	0.434466	0.165584
170.000000	0.061362	-0.061362	-0.185336	0.415125	0.109357	0.440482	0.147599
165.000000	0.087658	-0.087658	-0.141695	0.421331	0.113944	0.434852	0.147796
160.000000	0.066877	-0.066877	-0.144690	0.417635	0.111626	0.432988	0.144881
155.000000	0.054978	-0.054978	0.377195	0.431925	0.110395	0.416483	0.106567
150.000000	0.034161	0.034161	-0.668693	0.414716	0.101818	0.444360	0.158301
145.000000	0.101026	-0.101026	-0.064724	0.423640	0.113730	0.440740	0.141987
140.000000	0.081550	-0.081550	-0.250122	0.420796	0.114486	0.433703	0.157678
135.000000	0.118584	-0.118584	-0.186966	0.421497	0.116767	0.429398	0.158403
130.000000	0.117625	-0.117625	-0.093215	0.415829	0.120347	0.435395	0.150300
125.000000	0.092453	-0.092453	-0.228661	0.419099	0.117836	0.430947	0.159986
120.000000	0.094423	-0.094423	-0.262901	0.418547	0.117957	0.429289	0.164139
115.000000	0.135144	-0.135144	-0.150763	0.420984	0.121517	0.427870	0.159544
110.000000	0.097026	-0.097026	-0.348258	0.421791	0.117407	0.428475	0.170184
105.000000	0.085534	-0.085534	-0.370235	0.430665	0.119774	0.430420	0.171580
100.000000	0.115995	-0.115995	-0.188930	0.412555	0.116272	0.426924	0.159941
95.000000	0.139417	-0.139417	-0.095949	0.411973	0.118940	0.427435	0.153565
90.000000	0.129346	-0.129346	-0.216449	0.419751	0.118053	0.423999	0.164754
85.000000	0.134252	-0.134252	-0.189139	0.413133	0.115737	0.421525	0.163946
80.000000	0.141273	-0.141273	-0.086282	0.412697	0.119670	0.427990	0.154079
75.000000	0.149311	-0.149311	0.032306	0.417726	0.124531	0.429004	0.147502
70.000000	0.162888	-0.162888	0.049029	0.414875	0.120047	0.426394	0.143976
65.000000	0.141125	-0.141125	0.278635	0.422268	0.123611	0.414828	0.129823
60.000000	0.163535	-0.163535	0.184398	0.426538	0.121798	0.425638	0.132279
55.000000	0.122773	-0.122773	-0.146941	0.440737	0.120050	0.428044	0.154903
50.000000	0.138865	-0.138865	0.256589	0.431509	0.122214	0.427101	0.126979
45.000000	0.149408	-0.149408	0.062139	0.413052	0.123192	0.428416	0.144122
40.000000	0.133430	-0.133430	-0.050893	0.413598	0.118464	0.429135	0.152157
35.000000	0.103285	-0.103285	-0.090643	0.407786	0.115566	0.424353	0.152336
30.000000	0.115466	-0.115466	0.045522	0.410919	0.115597	0.426884	0.142372
25.000000	0.130562	-0.130562	0.138287	0.418769	0.115145	0.431509	0.133123
20.000000	0.082025	-0.082025	-0.132644	0.410638	0.110847	0.433784	0.149728
15.000000	0.053777	-0.053777	-0.269227	0.420065	0.103652	0.435610	0.152679
10.000000	0.031154	-0.031154	-0.330261	0.419073	0.107030	0.431970	0.158738
5.000000	0.112382	-0.112382	0.068725	0.419770	0.112435	0.435141	0.135515
0.000000	0.132552	-0.132552	0.137498	0.422862	0.115383	0.431783	0.132821
