255.000000	0.000000	0.000000	0.000000	0.404205	0.277768	0.390298	0.251960
250.000000	0.063896	0.063896	0.134472	0.393461	0.269831	0.386291	0.275239
245.000000	0.089596	0.089596	0.129862	0.392232	0.269484	0.389974	0.274932
240.000000	0.116999	0.116999	0.293940	0.393360	0.266188	0.391887	0.304819
235.000000	0.141500	0.141500	0.306255	0.397418	0.265637	0.391526	0.311568
230.000000	0.163958	0.163958	0.099549	0.390205	0.266608	0.396417	0.291351
225.000000	0.194805	0.194805	0.109311	0.391373	0.267031	0.402791	0.300771
220.000000	0.185902	0.185902	0.246415	0.391478	0.261788	0.393079	0.313273
215.000000	0.188896	0.188896	0.337999	0.390663	0.262411	0.392359	0.319339
210.000000	0.176178	0.176178	0.428001	0.395414	0.264767	0.389498	0.327650
205.000000	0.185006	0.185006	0.365299	0.387537	0.260557	0.388511	0.326724
200.000000	0.194471	0.194471	0.406227	0.386996	0.256901	0.390799	0.328850
195.000000	0.198237	0.198237	0.496057	0.392428	0.260692	0.397857	0.334712
190.000000	0.197275	0.197275	0.462624	0.394521	0.262076	0.398577	0.338275
185.000000	0.200439	0.200439	0.328218	0.391006	0.261871	0.399800	0.334859
180.000000	0.204503	0.204503	0.335770	0.386701	0.259594	0.401311	0.334645
175.000000	0.191157	0.191157	0.400049	0.390291	0.259807	0.396350	0.335808
170.000000	0.211904	0.211904	0.361202	0.391114	0.261810	0.400926	0.337356
165.000000	0.214077	0.214077	0.159154	0.394086	0.265682	0.405907	0.325342
160.000000	0.188413	0.188413	0.251441	0.389477	0.262714	0.407184	0.334575
155.000000	0.201014	0.201014	0.154311	0.388405	0.262748	0.402577	0.318975
150.000000	0.209061	0.209061	0.320026	0.383670	0.259330	0.391239	0.326827
145.000000	0.208352	0.208352	0.375155	0.383721	0.253781	0.392855	0.331288
140.000000	0.210467	0.210467	0.209922	0.386820	0.259852	0.399128	0.315916
135.000000	0.218082	0.218082	0.173277	0.384703	0.255083	0.401813	0.318238
130.000000	0.225106	0.225106	0.191042	0.381817	0.254076	0.398090	0.312720
125.000000	0.223308	0.223308	0.355701	0.381839	0.250874	0.388825	0.322749
120.000000	0.170680	0.170680	0.525951	0.378668	0.252352	0.388322	0.320440
115.000000	0.180204	0.180204	0.603978	0.381077	0.253613	0.385949	0.308897
110.000000	0.187899	0.187899	0.585178	0.384868	0.255227	0.388753	0.312703
105.000000	0.180454	0.180454	0.586691	0.383198	0.254773	0.386839	0.312840
100.000000	0.163191	0.163191	0.704001	0.395396	0.257523	0.408731	0.309539
95.000000	0.197081	0.197081	0.545353	0.377059	0.248410	0.385626	0.313224
90.000000	0.185233	0.185233	0.585910	0.381400	0.252733	0.394223	0.313824
85.000000	0.191615	0.191615	0.759495	0.400197	0.262728	0.415883	0.304757
80.000000	0.193237	0.193237	0.479424	0.391204	0.259789	0.379917	0.319489
75.000000	0.188903	0.188903	0.544348	0.377052	0.253058	0.377900	0.299432
70.000000	0.216791	0.216791	0.398590	0.383878	0.258199	0.387256	0.321271
65.000000	0.205534	0.205534	0.441301	0.389398	0.258039	0.395707	0.329254
60.000000	0.211148	0.211148	0.361696	0.385635	0.257719	0.389176	0.322912
55.000000	0.204356	0.204356	0.490478	0.394580	0.262742	0.401496	0.329893
50.000000	0.200276	0.200276	0.482777	0.387687	0.258235	0.386415	0.322175
45.000000	0.174656	0.174656	0.543221	0.379791	0.252174	0.387059	0.311262
40.000000	0.192867	0.192867	0.451741	0.382449	0.259282	0.388699	0.317805
35.000000	0.206078	0.206078	0.497054	0.371586	0.246201	0.378422	0.304007
30.000000	0.193609	0.193609	0.728892	0.394306	0.258978	0.395286	0.300243
25.000000	0.217357	0.217357	0.469364	0.391942	0.258258	0.390978	0.329549
20.000000	0.209846	0.209846	0.606558	0.384067	0.250963	0.398077	0.306761
15.000000	0.192213	0.192213	0.635831	0.405275	0.264766	0.395398	0.317280
10.000000	0.192344	0.192344	0.537901	0.392649	0.256522	0.392198	0.316887
5.000000	0.201853	0.201853	0.518861	0.387265	0.256566	0.389545	0.328078
0.000000	0.074658	0.074658	-1.013162	0.388565	0.258389	0.365390	0.207181
