255.000000	0.000000	0.000000	0.000000	0.345926	0.184561	0.412244	0.186654
250.000000	0.064417	0.064417	-0.132664	0.359270	0.190081	0.410744	0.184043
245.000000	0.058302	0.058302	0.321742	0.375906	0.196208	0.446587	0.184902
240.000000	0.111456	0.111456	-0.640681	0.392683	0.212540	0.382235	0.167765
235.000000	0.100991	0.100991	0.465465	0.381836	0.198667	0.422765	0.179888
230.000000	0.136910	0.136910	0.367177	0.366097	0.194330	0.444779	0.181411
225.000000	0.149873	0.149873	0.880885	0.392795	0.193507	0.418075	0.177099
220.000000	0.123074	0.123074	1.117504	0.394200	0.196655	0.425144	0.162084
215.000000	0.137233	0.137233	0.802751	0.396478	0.190124	0.414857	0.175593
210.000000	0.145993	0.145993	0.992693	0.398898	0.191272	0.429140	0.175747
205.000000	0.096148	0.096148	1.092306	0.412816	0.194439	0.442722	0.164289
200.000000	0.072396	0.072396	1.366784	0.404224	0.204471	0.444970	0.154325
195.000000	0.122781	0.122781	0.791820	0.406221	0.193824	0.406267	0.177507
190.000000	0.132634	0.132634	0.664348	0.391043	0.194894	0.402800	0.172624
185.000000	0.194801	0.194801	-0.218612	0.383964	0.188541	0.450404	0.172809
180.000000	0.160868	0.160868	0.043126	0.373185	0.191278	0.449359	0.179434
175.000000	0.203810	0.203810	0.539796	0.375574	0.197770	0.398850	0.178087
170.000000	0.183854	0.183854	0.698225	0.394145	0.196574	0.402238	0.178753
165.000000	0.207050	0.207050	0.150294	0.369120	0.194864	0.427547	0.173579
160.000000	0.222305	0.222305	0.146294	0.366433	0.188118	0.429235	0.180749
155.000000	0.231908	0.231908	0.349561	0.362887	0.191121	0.415389	0.174392
150.000000	0.230003	0.230003	0.319662	0.366601	0.182828	0.431065	0.154232
145.000000	0.272561	0.272561	-0.086875	0.370255	0.194039	0.447698	0.183224
140.000000	0.202822	0.202822	0.367059	0.373015	0.192256	0.415408	0.176380
135.000000	0.360346	0.360346	0.246873	0.366629	0.189727	0.418565	0.179317
130.000000	0.197234	0.197234	-0.083985	0.385918	0.200111	0.446422	0.187074
125.000000	0.242344	0.242344	-0.957551	0.411110	0.213558	0.372170	0.162938
120.000000	0.276600	0.276600	0.045526	0.377974	0.193181	0.428866	0.176584
115.000000	0.248442	0.248442	-0.374165	0.391531	0.203822	0.425887	0.174484
110.000000	0.226782	0.226782	1.566518	0.399524	0.181953	0.425701	0.130773
105.000000	0.215674	0.215674	2.492969	0.399518	0.181417	0.429508	0.146817
100.000000	0.228405	0.228405	4.440058	0.380018	0.194373	0.407382	0.171376
95.000000	0.182593	0.182593	5.543207	0.401053	0.199365	0.427555	0.156526
90.000000	0.291067	0.291067	4.882773	0.389060	0.197174	0.425651	0.176830
85.000000	0.237867	0.237867	5.588377	0.414667	0.201730	0.425727	0.156650
80.000000	0.239561	0.239561	5.037819	0.402415	0.192354	0.419297	0.171637
75.000000	0.251093	0.251093	5.980635	0.378543	0.199130	0.435621	0.161964
70.000000	0.257640	0.257640	6.129322	0.375669	0.196313	0.448595	0.168702
65.000000	0.170409	0.170409	5.707982	0.386958	0.204929	0.435977	0.162742
60.000000	0.187221	0.187221	4.912748	0.404721	0.191921	0.408844	0.173966
55.000000	0.206700	0.206700	5.405811	0.393569	0.192640	0.419256	0.155535
50.000000	0.246010	0.246010	4.793595	0.392550	0.193786	0.422527	0.180481
45.000000	0.228604	0.228604	5.117248	0.395871	0.174088	0.421176	0.147832
40.000000	0.232722	0.232722	3.979042	0.390866	0.196855	0.430597	0.174359
35.000000	0.308177	0.308177	4.240403	0.363962	0.185731	0.405472	0.170167
30.000000	0.123677	0.123677	3.883096	0.378384	0.185464	0.437784	0.166974
25.000000	0.144907	0.144907	4.696006	0.395024	0.178859	0.391949	0.159518
20.000000	0.167303	0.167303	4.085890	0.369461	0.194605	0.429879	0.178520
15.000000	0.130532	0.130532	3.836197	0.373351	0.196108	0.430156	0.178312
10.000000	0.128357	0.128357	3.881269	0.367076	0.195252	0.442515	0.178816
5.000000	0.162975	0.162975	3.844856	0.383097	0.197578	0.445322	0.181816
0.000000	0.138451	0.138451	4.217840	0.373840	0.194664	0.423353	0.176037
