255.000000	0.000000	0.000000	0.000000	0.360872	0.114307	0.408940	0.080331
250.000000	0.006859	-0.006859	-0.064214	0.359186	0.114674	0.414517	0.081484
245.000000	0.008863	-0.008863	-0.145891	0.360737	0.115184	0.419743	0.084476
240.000000	0.005603	-0.005603	-0.203488	0.368123	0.115920	0.422521	0.086652
235.000000	0.002245	-0.002245	-0.216482	0.368793	0.115685	0.423816	0.087370
230.000000	0.006008	0.006008	-0.211914	0.370409	0.115745	0.423383	0.087507
225.000000	0.008376	0.008376	-0.147329	0.364142	0.115316	0.418932	0.085233
220.000000	0.016032	0.016032	-0.155016	0.366343	0.116327	0.424627	0.086911
215.000000	0.029435	0.029435	-0.126689	0.366458	0.117220	0.423965	0.087163
210.000000	0.034273	0.034273	-0.009741	0.355528	0.115001	0.419244	0.084784
205.000000	0.038054	0.038054	0.117567	0.354555	0.112711	0.417209	0.083975
200.000000	0.045879	0.045879	0.185665	0.362038	0.113113	0.416464	0.084432
195.000000	0.049744	0.049744	0.141324	0.360418	0.113690	0.414512	0.085001
190.000000	0.043093	0.043093	0.055499	0.360205	0.115047	0.413656	0.084708
185.000000	0.030822	0.030822	-0.011966	0.358264	0.115019	0.415359	0.084825
180.000000	0.022634	0.022634	-0.025169	0.361157	0.115534	0.417156	0.083494
175.000000	0.019151	0.019151	-0.031345	0.358772	0.115239	0.416420	0.083156
170.000000	0.022657	0.022657	-0.012742	0.359791	0.115026	0.416492	0.082866
165.000000	0.028218	0.028218	-0.006460	0.360672	0.115092	0.412267	0.082417
160.000000	0.030887	0.030887	-0.013475	0.363402	0.115194	0.414985	0.083079
155.000000	0.035651	0.035651	-0.015842	0.363818	0.115650	0.411157	0.082952
150.000000	0.043039	0.043039	-0.039558	0.363548	0.116203	0.415498	0.083791
145.000000	0.053145	0.053145	-0.024095	0.365663	0.115624	0.413556	0.084073
140.000000	0.060661	0.060661	-0.043689	0.364321	0.115701	0.414068	0.084552
135.000000	0.069787	0.069787	-0.049972	0.365468	0.116513	0.413288	0.085010
130.000000	0.077492	0.077492	-0.065268	0.362970	0.116826	0.417055	0.086063
125.000000	0.084528	0.084528	-0.070537	0.365465	0.116292	0.412743	0.086683
120.000000	0.089973	0.089973	-0.088823	0.365433	0.116930	0.417762	0.086727
115.000000	0.094287	0.094287	-0.057855	0.366031	0.116469	0.415921	0.086370
110.000000	0.095796	0.095796	0.021102	0.367079	0.116235	0.416102	0.084026
105.000000	0.092923	0.092923	0.091045	0.371570	0.115334	0.419080	0.081374
100.000000	0.085420	0.085420	0.163606	0.371868	0.114088	0.421479	0.078381
95.000000	0.074951	0.074951	0.234015	0.374018	0.112256	0.427109	0.071890
90.000000	0.067286	0.067286	0.292304	0.375460	0.111401	0.423920	0.061804
85.000000	0.072003	0.072003	0.343937	0.381771	0.110223	0.425446	0.049946
80.000000	0.099418	0.099418	0.414965	0.380221	0.107427	0.416879	0.038479
75.000000	0.135912	0.135912	0.488551	0.380766	0.106207	0.410791	0.029649
70.000000	0.197198	0.197198	0.583299	0.378772	0.103905	0.417449	0.024774
65.000000	0.218954	0.218954	0.635338	0.376831	0.102989	0.409281	0.022116
60.000000	0.239023	0.239023	0.694411	0.375010	0.102816	0.410041	0.023262
55.000000	0.233176	0.233176	0.714498	0.372566	0.102271	0.406535	0.024212
50.000000	0.215468	0.215468	0.722371	0.370445	0.101763	0.404591	0.025414
45.000000	0.199659	0.199659	0.704640	0.373691	0.101288	0.408786	0.024983
40.000000	0.178529	0.178529	0.681629	0.372643	0.101907	0.405421	0.024775
35.000000	0.154666	0.154666	0.634471	0.374380	0.101489	0.409928	0.023516
30.000000	0.116586	0.116586	0.567164	0.373268	0.100883	0.410277	0.022508
25.000000	0.088628	0.088628	0.505458	0.377697	0.101998	0.407855	0.021671
20.000000	0.015523	0.015523	0.360208	0.386462	0.102501	0.408642	0.020052
15.000000	0.080479	-0.080479	0.184981	0.391883	0.103094	0.407668	0.019897
10.000000	0.107398	-0.107398	0.135937	0.392949	0.102943	0.408720	0.020961
5.000000	0.141255	-0.141255	0.076343	0.389451	0.101900	0.411641	0.022034
0.000000	0.147811	-0.147811	0.078965	0.389574	0.102069	0.408737	0.022022
