0.000000	1.000000
5.000000	0.998300
10.000000	0.995886
15.000000	0.992725
20.000000	0.987976
25.000000	0.983122
30.000000	0.976038
35.000000	0.971899
40.000000	0.966528
45.000000	0.960308
50.000000	0.957466
55.000000	0.955570
60.000000	0.957761
65.000000	0.961072
70.000000	0.964382
75.000000	0.962399
80.000000	0.954583
85.000000	0.939932
90.000000	0.915131
95.000000	0.888041
100.000000	0.864100
105.000000	0.844793
110.000000	0.834411
115.000000	0.824863
120.000000	0.822401
125.000000	0.817892
130.000000	0.813694
135.000000	0.813113
140.000000	0.810202
145.000000	0.808627
150.000000	0.808252
155.000000	0.808098
160.000000	0.807886
165.000000	0.806617
170.000000	0.806734
175.000000	0.807316
180.000000	0.808476
185.000000	0.807936
190.000000	0.805991
195.000000	0.805518
200.000000	0.805416
205.000000	0.806196
210.000000	0.806976
215.000000	0.808024
220.000000	0.807299
225.000000	0.806616
230.000000	0.806469
235.000000	0.806976
240.000000	0.805898
245.000000	0.806165
250.000000	0.806024
255.000000	0.806376
