255.000000	0.000000	0.000000	0.000000	0.445775	0.081317	0.529113	0.062200
250.000000	0.038069	-0.038069	-0.005811	0.446517	0.082127	0.535750	0.054436
245.000000	0.021395	-0.021395	-0.032645	0.449727	0.089988	0.540443	0.036560
240.000000	0.033911	-0.033911	-0.090531	0.456687	0.101056	0.545293	0.017558
235.000000	0.734685	-0.734685	-0.808722	0.457592	0.115275	0.543621	0.007906
230.000000	0.839289	-0.839289	-0.938261	0.462776	0.120210	0.542965	0.018681
225.000000	0.822694	-0.822694	-0.889881	0.461854	0.122596	0.541800	0.024976
220.000000	0.745162	-0.745162	-0.789607	0.461549	0.115286	0.541532	0.021644
215.000000	0.705947	-0.705947	-0.714219	0.462994	0.113177	0.538898	0.024429
210.000000	0.721045	-0.721045	-0.734989	0.461063	0.112046	0.536145	0.025181
205.000000	0.754094	-0.754094	-0.770889	0.463478	0.113656	0.538625	0.031628
200.000000	0.813050	-0.813050	-0.864725	0.464957	0.120341	0.538306	0.038910
195.000000	0.831969	-0.831969	-0.887971	0.470232	0.126776	0.536365	0.050694
190.000000	0.814608	-0.814608	-0.855488	0.466897	0.124350	0.535916	0.048086
185.000000	0.786893	-0.786893	-0.776294	0.465043	0.120501	0.533458	0.045442
180.000000	0.749173	-0.749173	-0.699824	0.466468	0.114855	0.535300	0.044093
175.000000	0.737679	-0.737679	-0.659307	0.469546	0.112373	0.534639	0.044074
170.000000	0.752995	-0.752995	-0.678706	0.467350	0.115566	0.533047	0.049368
165.000000	0.701694	-0.701694	-0.575466	0.462974	0.110119	0.531856	0.045640
160.000000	0.631792	-0.631792	-0.442537	0.460362	0.100821	0.532936	0.046125
155.000000	0.595628	-0.595628	-0.348728	0.463758	0.093373	0.534418	0.047912
150.000000	0.581331	-0.581331	-0.262502	0.465496	0.087339	0.532530	0.054105
145.000000	0.567841	-0.567841	-0.212698	0.466746	0.083032	0.535686	0.055717
140.000000	0.581347	-0.581347	-0.186866	0.470400	0.084769	0.529709	0.061791
135.000000	0.563055	-0.563055	-0.162652	0.467650	0.081318	0.532371	0.061986
130.000000	0.583622	-0.583622	-0.211867	0.468271	0.087414	0.534256	0.060271
125.000000	0.638455	-0.638455	-0.331877	0.469976	0.093504	0.537298	0.056046
120.000000	0.694494	-0.694494	-0.449014	0.468737	0.104809	0.537498	0.055921
115.000000	0.674615	-0.674615	-0.418970	0.462436	0.102319	0.538026	0.056080
110.000000	0.650082	-0.650082	-0.346384	0.467998	0.098752	0.538380	0.057596
105.000000	0.627263	-0.627263	-0.227513	0.470100	0.090471	0.535135	0.065207
100.000000	0.627550	-0.627550	-0.204740	0.472645	0.088655	0.533442	0.066198
95.000000	0.619757	-0.619757	-0.174798	0.467998	0.086977	0.535195	0.069840
90.000000	0.622692	-0.622692	-0.165609	0.472150	0.087317	0.536987	0.069251
85.000000	0.635919	-0.635919	-0.172327	0.470592	0.085448	0.535634	0.070605
80.000000	0.657850	-0.657850	-0.308518	0.476175	0.093917	0.538617	0.061746
75.000000	0.644824	-0.644824	-0.223160	0.469550	0.088487	0.536729	0.067793
70.000000	0.649017	-0.649017	-0.115958	0.472630	0.083793	0.536905	0.074219
65.000000	0.669713	-0.669713	-0.072200	0.472562	0.078007	0.535068	0.077134
60.000000	0.692878	-0.692878	-0.010239	0.476755	0.076041	0.533132	0.080303
55.000000	0.705943	-0.705943	0.085288	0.471667	0.073694	0.527845	0.090537
50.000000	0.707670	-0.707670	0.114369	0.469517	0.073996	0.529780	0.094483
45.000000	0.675932	-0.675932	0.006705	0.473738	0.076427	0.529121	0.084172
40.000000	0.671241	-0.671241	-0.089117	0.471032	0.079420	0.533044	0.076215
35.000000	0.676032	-0.676032	-0.107051	0.475628	0.081582	0.533944	0.074527
30.000000	0.692627	-0.692627	-0.211344	0.476327	0.085817	0.533140	0.069559
25.000000	0.685879	-0.685879	-0.151626	0.475174	0.083678	0.534667	0.071939
20.000000	0.681114	-0.681114	-0.142886	0.476158	0.082376	0.535419	0.071642
15.000000	0.684549	-0.684549	-0.226257	0.477555	0.087763	0.536641	0.068448
10.000000	0.747519	-0.747519	-0.522947	0.466205	0.110904	0.539907	0.064892
5.000000	0.777855	-0.777855	-0.625115	0.456427	0.123391	0.539344	0.071408
0.000000	0.758764	-0.758764	-0.557433	0.460757	0.116796	0.539572	0.067098
