255.000000	0.000000	0.000000	0.000000	0.450995	0.131256	0.480505	0.095275
250.000000	0.004183	0.004183	0.096311	0.445570	0.145318	0.482378	0.096571
245.000000	0.014994	-0.014994	-0.086727	0.455783	0.122667	0.481083	0.085877
240.000000	0.008686	-0.008686	-0.203767	0.452681	0.107537	0.477160	0.079371
235.000000	0.000929	0.000929	-0.153108	0.456130	0.111724	0.480380	0.078332
230.000000	0.011869	0.011869	-0.248271	0.455877	0.102743	0.482475	0.075274
225.000000	0.023875	0.023875	-0.309647	0.458384	0.097630	0.483301	0.072687
220.000000	0.026870	0.026870	-0.102972	0.456068	0.114397	0.485503	0.077080
215.000000	0.035180	0.035180	0.073639	0.451637	0.135985	0.490896	0.082516
210.000000	0.025989	0.025989	0.071442	0.446143	0.136894	0.496041	0.081965
205.000000	0.029094	0.029094	0.079354	0.444876	0.137038	0.499286	0.082185
200.000000	0.044890	0.044890	0.204723	0.440992	0.152189	0.502045	0.087496
195.000000	0.053427	0.053427	0.256170	0.444258	0.157599	0.500308	0.090679
190.000000	0.050862	0.050862	0.247354	0.441484	0.154992	0.500851	0.090631
185.000000	0.045960	0.045960	0.213754	0.445530	0.154495	0.505248	0.088126
180.000000	0.072070	0.072070	0.303018	0.444240	0.156736	0.499627	0.093959
175.000000	0.092103	0.092103	0.396902	0.446515	0.162686	0.498290	0.101533
170.000000	0.089870	0.089870	0.354407	0.442147	0.158129	0.500383	0.097443
165.000000	0.077023	0.077023	0.303675	0.442941	0.156469	0.500473	0.094860
160.000000	0.078811	0.078811	0.366775	0.438643	0.160866	0.500538	0.097968
155.000000	0.092977	0.092977	0.446854	0.442718	0.164131	0.499600	0.103145
150.000000	0.101961	0.101961	0.379891	0.439829	0.158869	0.498484	0.099111
145.000000	0.001019	-0.001019	0.152098	0.444024	0.151101	0.505582	0.085994
140.000000	0.003226	-0.003226	0.147385	0.438586	0.150316	0.505927	0.085702
135.000000	0.006544	0.006544	0.196975	0.432333	0.151820	0.502074	0.087486
130.000000	0.020903	-0.020903	0.104428	0.444205	0.147306	0.505354	0.083728
125.000000	0.014488	0.014488	0.201365	0.433639	0.152385	0.503270	0.088755
120.000000	0.007388	-0.007388	0.158043	0.437739	0.151770	0.502680	0.086092
115.000000	0.038167	-0.038167	0.050779	0.441810	0.139618	0.505574	0.080482
110.000000	0.076601	-0.076601	-0.498737	0.457095	0.092528	0.505333	0.069162
105.000000	0.021881	-0.021881	0.062088	0.442925	0.138294	0.503940	0.081801
100.000000	0.075572	-0.075572	-0.288058	0.457410	0.105925	0.502713	0.069786
95.000000	0.024003	-0.024003	0.062202	0.440284	0.137679	0.503236	0.081153
90.000000	0.008618	0.008618	0.202957	0.435543	0.152702	0.496920	0.087987
85.000000	0.003934	0.003934	0.242242	0.431736	0.157784	0.496970	0.090005
80.000000	0.019605	-0.019605	0.155424	0.433465	0.151788	0.497061	0.086046
75.000000	0.012830	-0.012830	0.174683	0.435657	0.153134	0.500908	0.086021
70.000000	0.025055	0.025055	0.291235	0.442190	0.160520	0.500127	0.092206
65.000000	0.016186	0.016186	0.200202	0.435518	0.151939	0.498060	0.087424
60.000000	0.010198	0.010198	0.124946	0.436704	0.142995	0.496988	0.083987
55.000000	0.015855	-0.015855	0.145279	0.435744	0.150060	0.498263	0.084724
50.000000	0.003280	0.003280	0.263910	0.432143	0.158427	0.497891	0.091339
45.000000	0.002989	-0.002989	0.226609	0.437036	0.157022	0.496826	0.089905
40.000000	0.003041	-0.003041	0.208267	0.433266	0.154542	0.499797	0.088356
35.000000	0.009148	0.009148	0.276482	0.434615	0.160279	0.497298	0.092690
30.000000	0.017332	0.017332	0.304060	0.434262	0.160018	0.500088	0.093777
25.000000	0.025965	0.025965	0.342236	0.434962	0.161298	0.500971	0.095578
20.000000	0.003484	0.003484	0.277083	0.440532	0.161182	0.498900	0.092321
15.000000	0.019966	-0.019966	0.208339	0.434237	0.156814	0.501260	0.088481
10.000000	0.003054	0.003054	0.270205	0.437322	0.160956	0.499834	0.092161
5.000000	0.024456	-0.024456	0.177925	0.433355	0.155081	0.501909	0.086948
0.000000	0.026509	0.026509	0.309096	0.441586	0.161378	0.495935	0.094205
