0.000000	0.971306
5.000000	0.971155
10.000000	0.970699
15.000000	0.970864
20.000000	0.971063
25.000000	0.970541
30.000000	0.970844
35.000000	0.970953
40.000000	0.971097
45.000000	0.971122
50.000000	0.971443
55.000000	0.971170
60.000000	0.970377
65.000000	0.971178
70.000000	0.971768
75.000000	0.971744
80.000000	0.971838
85.000000	0.971697
90.000000	0.971906
95.000000	0.972311
100.000000	0.971681
105.000000	0.971727
110.000000	0.972341
115.000000	0.972261
120.000000	0.971148
125.000000	0.973348
130.000000	0.973274
135.000000	0.974105
140.000000	0.975201
145.000000	0.975367
150.000000	0.976852
155.000000	0.977816
160.000000	0.977128
165.000000	0.980062
170.000000	0.980876
175.000000	0.982119
180.000000	0.985907
185.000000	0.987904
190.000000	0.990388
195.000000	0.992684
200.000000	0.995728
205.000000	0.998155
210.000000	1.000000
215.000000	0.999726
220.000000	0.997498
225.000000	0.990950
230.000000	0.978639
235.000000	0.966785
240.000000	0.935883
245.000000	0.907071
250.000000	0.862664
255.000000	0.802417
