255.000000	0.000000	0.000000	0.000000	0.452018	0.242116	0.414159	0.205722
250.000000	0.009683	0.042671	0.009683	0.451478	0.237982	0.411248	0.213844
245.000000	0.010097	0.041391	0.010097	0.445393	0.234896	0.406353	0.213709
240.000000	0.018310	0.069657	0.018310	0.448234	0.238083	0.402225	0.220318
235.000000	0.030969	0.099915	0.030969	0.442935	0.232268	0.398331	0.225681
230.000000	0.036294	-0.157040	0.036294	0.453700	0.248157	0.403265	0.226828
225.000000	0.055701	-0.056958	0.055701	0.449038	0.241046	0.391787	0.221889
220.000000	0.049908	0.128416	0.049908	0.437400	0.229749	0.390960	0.229314
215.000000	0.044872	0.286219	0.044872	0.446066	0.222738	0.395991	0.235029
210.000000	0.046296	0.343122	0.046296	0.442373	0.220612	0.397505	0.232095
205.000000	0.049081	0.353143	0.049081	0.432796	0.217455	0.392370	0.227483
200.000000	0.047781	0.416159	0.047781	0.434527	0.213859	0.388751	0.223914
195.000000	0.044638	0.471861	0.044638	0.445915	0.213508	0.388955	0.221151
190.000000	0.041143	0.611242	0.041143	0.449565	0.202227	0.377181	0.221301
185.000000	0.040358	0.659353	0.040358	0.457123	0.201902	0.386548	0.219077
180.000000	0.039662	0.595754	0.039662	0.454548	0.203520	0.384840	0.218872
175.000000	0.036187	0.630843	0.036187	0.453270	0.200347	0.390926	0.218843
170.000000	0.023235	0.565706	0.023235	0.452507	0.208307	0.398593	0.218301
165.000000	0.017080	0.550681	0.017080	0.448215	0.203931	0.402151	0.223881
160.000000	0.011441	0.527736	0.011441	0.450931	0.207636	0.406540	0.220557
155.000000	0.003496	0.461695	0.003496	0.445328	0.208547	0.403317	0.221383
150.000000	0.003545	0.336099	-0.003545	0.440414	0.218462	0.388207	0.216104
145.000000	0.005304	0.341564	-0.005304	0.435411	0.215397	0.386968	0.217151
140.000000	0.006414	0.354979	-0.006414	0.443465	0.213653	0.387910	0.219144
135.000000	0.010341	0.356336	-0.010341	0.442771	0.217802	0.395089	0.219308
130.000000	0.017434	0.295447	-0.017434	0.437683	0.217625	0.381933	0.216193
125.000000	0.020486	0.224145	-0.020486	0.441958	0.226192	0.386110	0.216679
120.000000	0.023584	0.217832	-0.023584	0.433939	0.222900	0.380221	0.215158
115.000000	0.025277	0.153038	-0.025277	0.442222	0.227119	0.386490	0.214413
110.000000	0.032983	0.100170	-0.032983	0.437671	0.230437	0.378538	0.210831
105.000000	0.041874	-0.028326	-0.041874	0.439337	0.238242	0.383797	0.209643
100.000000	0.040411	-0.099349	-0.040411	0.439245	0.243130	0.384910	0.211813
95.000000	0.021413	0.061583	-0.021413	0.442829	0.234198	0.389539	0.214924
90.000000	0.021671	0.198820	-0.021671	0.436901	0.225255	0.375549	0.212041
85.000000	0.041099	0.140153	-0.041099	0.446222	0.229270	0.384901	0.213455
80.000000	0.054602	0.013640	-0.054602	0.442127	0.237727	0.379438	0.208972
75.000000	0.066347	-0.078567	-0.066347	0.431464	0.239061	0.388287	0.213961
70.000000	0.063464	-0.128473	-0.063464	0.436897	0.245541	0.381641	0.210775
65.000000	0.054527	-0.131600	-0.054527	0.438706	0.243209	0.387961	0.210648
60.000000	0.045525	-0.043932	-0.045525	0.441357	0.236336	0.384784	0.208616
55.000000	0.056551	-0.064241	-0.056551	0.448974	0.237165	0.385545	0.207978
50.000000	0.077286	-0.193746	-0.077286	0.436379	0.243137	0.389718	0.214502
45.000000	0.059624	-0.189672	-0.059624	0.439134	0.242541	0.384112	0.212252
40.000000	0.046208	-0.246049	-0.046208	0.437771	0.242040	0.392581	0.214861
35.000000	0.046806	-0.201839	-0.046806	0.437550	0.245954	0.386356	0.214875
30.000000	0.041034	-0.040106	-0.041034	0.443218	0.236811	0.393834	0.212754
25.000000	0.064920	-0.044139	-0.064920	0.440809	0.232757	0.390549	0.210546
20.000000	0.055895	-0.061562	-0.055895	0.440725	0.238841	0.395929	0.215058
15.000000	0.046877	0.023741	-0.046877	0.440731	0.232270	0.388196	0.212986
10.000000	0.046218	0.015286	-0.046218	0.448869	0.232425	0.387868	0.211550
5.000000	0.048830	-0.001108	-0.048830	0.437362	0.230192	0.387458	0.211432
0.000000	0.066305	-0.094769	-0.066305	0.447511	0.239098	0.392470	0.211931
