0.000000	0.378735
5.000000	0.367520
10.000000	0.378623
15.000000	0.379174
20.000000	0.378917
25.000000	0.378947
30.000000	0.380409
35.000000	0.379001
40.000000	0.379811
45.000000	0.378395
50.000000	0.379078
55.000000	0.379041
60.000000	0.378230
65.000000	0.378520
70.000000	0.379065
75.000000	0.379293
80.000000	0.380715
85.000000	0.381521
90.000000	0.383914
95.000000	0.384818
100.000000	0.387464
105.000000	0.389293
110.000000	0.391017
115.000000	0.392487
120.000000	0.395833
125.000000	0.396368
130.000000	0.398626
135.000000	0.400973
140.000000	0.403838
145.000000	0.407055
150.000000	0.406091
155.000000	0.408898
160.000000	0.412009
165.000000	0.410120
170.000000	0.409146
175.000000	0.409370
180.000000	0.409845
185.000000	0.398226
190.000000	0.394494
195.000000	0.387766
200.000000	0.369519
205.000000	0.360823
210.000000	0.339846
215.000000	0.320953
220.000000	0.303634
225.000000	0.294895
230.000000	0.300975
235.000000	0.318784
240.000000	0.383407
245.000000	0.494067
250.000000	0.685210
255.000000	1.000000
