0.000000	0.967273
5.000000	0.967593
10.000000	0.967684
15.000000	0.967131
20.000000	0.967395
25.000000	0.967141
30.000000	0.967455
35.000000	0.966644
40.000000	0.966997
45.000000	0.967008
50.000000	0.967096
55.000000	0.967612
60.000000	0.967268
65.000000	0.966786
70.000000	0.967206
75.000000	0.968042
80.000000	0.969438
85.000000	0.970348
90.000000	0.972210
95.000000	0.972886
100.000000	0.973991
105.000000	0.975146
110.000000	0.977450
115.000000	0.978539
120.000000	0.979836
125.000000	0.981601
130.000000	0.983430
135.000000	0.985965
140.000000	0.987430
145.000000	0.989056
150.000000	0.990421
155.000000	0.994186
160.000000	0.995239
165.000000	0.996848
170.000000	0.997927
175.000000	0.998658
180.000000	1.000000
185.000000	0.996804
190.000000	0.995566
195.000000	0.992633
200.000000	0.984256
205.000000	0.977327
210.000000	0.960475
215.000000	0.946809
220.000000	0.924005
225.000000	0.900370
230.000000	0.860158
235.000000	0.822368
240.000000	0.768904
245.000000	0.722177
250.000000	0.660581
255.000000	0.592531
