255.000000	0.000000	0.000000	0.000000	0.331976	0.149606	0.475975	0.049279
250.000000	0.013302	0.043932	0.013302	0.333875	0.156493	0.469939	0.053609
245.000000	0.015357	0.077551	0.015357	0.338068	0.162722	0.468243	0.058017
240.000000	0.026137	0.176876	0.026137	0.332460	0.174500	0.458762	0.074420
235.000000	0.030367	0.221698	0.030367	0.329741	0.178193	0.456749	0.084707
230.000000	0.031966	0.234253	0.031966	0.331275	0.179569	0.458740	0.088192
225.000000	0.028233	0.221470	0.028233	0.330145	0.179273	0.460847	0.084525
220.000000	0.017710	0.134395	0.017710	0.334676	0.170483	0.463307	0.066231
215.000000	0.020364	0.198986	0.020364	0.330777	0.177804	0.457411	0.077998
210.000000	0.019253	0.224411	0.019253	0.327960	0.180545	0.457193	0.081564
205.000000	0.016174	0.269451	0.016174	0.327429	0.181617	0.456322	0.090017
200.000000	0.010360	0.288101	0.010360	0.328808	0.183799	0.457135	0.092304
195.000000	0.006398	0.270236	0.006398	0.325886	0.182149	0.458078	0.086452
190.000000	0.004807	0.155276	0.004807	0.329087	0.174366	0.461514	0.065965
185.000000	0.011728	0.078341	0.011728	0.333987	0.163717	0.472158	0.058633
180.000000	0.028478	0.136175	0.028478	0.334274	0.170940	0.465468	0.069941
175.000000	0.025664	0.213046	0.025664	0.327427	0.177443	0.458731	0.081804
170.000000	0.010327	0.269684	0.010327	0.324545	0.181376	0.458120	0.088031
165.000000	0.000627	0.302704	0.000627	0.329655	0.184221	0.455665	0.092738
160.000000	0.006715	0.262967	0.006715	0.327862	0.182385	0.458954	0.085313
155.000000	0.016778	0.249830	0.016778	0.326385	0.181332	0.457412	0.085984
150.000000	0.020758	0.278575	0.020758	0.330367	0.184062	0.455151	0.093407
145.000000	0.023002	0.227348	0.023002	0.328319	0.179998	0.455017	0.083320
140.000000	0.009659	0.121882	0.009659	0.332871	0.171197	0.469155	0.062419
135.000000	0.044988	-0.037590	-0.044988	0.329174	0.152782	0.479590	0.041471
130.000000	0.109324	-0.184240	-0.109324	0.323641	0.137576	0.479008	0.031979
125.000000	0.078388	-0.151527	-0.078388	0.324423	0.138525	0.476743	0.034172
120.000000	0.055096	-0.033893	-0.055096	0.327100	0.155332	0.475699	0.039628
115.000000	0.058475	0.016236	-0.058475	0.331474	0.166398	0.475967	0.040418
110.000000	0.091525	-0.005775	-0.091525	0.330492	0.167511	0.476688	0.035342
105.000000	0.082784	0.033580	-0.082784	0.330955	0.173239	0.474279	0.035250
100.000000	0.123837	0.002449	-0.123837	0.331134	0.175497	0.471437	0.028394
95.000000	0.307256	-0.191941	-0.307256	0.330300	0.174127	0.473205	0.019514
90.000000	0.667462	-0.580938	-0.667462	0.322709	0.165816	0.475062	0.030269
85.000000	0.753324	-0.696822	-0.753324	0.320723	0.159201	0.473404	0.058555
80.000000	0.777770	-0.735152	-0.777770	0.316705	0.152750	0.475024	0.086765
75.000000	0.793733	-0.734053	-0.793733	0.315397	0.150915	0.468696	0.111472
70.000000	0.811860	-0.690941	-0.811860	0.331160	0.157156	0.463735	0.124146
65.000000	0.808422	-0.677818	-0.808422	0.333027	0.153192	0.453743	0.147347
60.000000	0.769468	-0.700334	-0.769468	0.333340	0.144541	0.436803	0.181901
55.000000	0.737506	-0.666287	-0.737506	0.335187	0.142266	0.431139	0.190811
50.000000	0.679230	-0.660506	-0.679230	0.331615	0.134005	0.412655	0.189478
45.000000	0.607026	-0.626348	-0.607026	0.332077	0.128707	0.423393	0.192316
40.000000	0.539407	-0.565182	-0.539407	0.334707	0.127363	0.425448	0.183433
35.000000	0.477294	-0.469422	-0.477294	0.336623	0.129621	0.409922	0.169662
30.000000	0.386500	-0.521364	-0.386500	0.327896	0.113629	0.433976	0.185472
25.000000	0.328848	-0.525404	-0.328848	0.329973	0.108771	0.420176	0.185582
20.000000	0.276270	-0.560084	-0.276270	0.323795	0.101237	0.417792	0.189739
15.000000	0.231630	-0.611998	-0.231630	0.320606	0.095269	0.431255	0.196056
10.000000	0.233727	-0.551889	-0.233727	0.323555	0.098436	0.416983	0.190870
5.000000	0.249300	-0.479635	-0.249300	0.329853	0.105126	0.426679	0.186322
0.000000	0.257169	-0.419823	-0.257169	0.334142	0.111314	0.415942	0.183041
