255.000000	0.000000	0.000000	0.000000	0.345930	0.087490	0.435810	0.119293
250.000000	0.000955	-0.007799	0.000955	0.347092	0.086411	0.439287	0.115306
245.000000	0.077792	-0.139202	0.077792	0.348674	0.069783	0.454982	0.083287
240.000000	0.082241	-0.149399	0.082241	0.348472	0.068646	0.451185	0.079961
235.000000	0.096743	-0.175211	0.096743	0.350914	0.067150	0.458687	0.074121
230.000000	0.212975	-0.444711	0.212975	0.354374	0.058875	0.475792	0.032344
225.000000	0.240958	-0.497190	0.240958	0.354958	0.059242	0.474084	0.029495
220.000000	0.020650	-0.996379	-0.020650	0.359867	0.066029	0.484632	0.010830
215.000000	0.302017	-1.393228	-0.302017	0.365174	0.072667	0.492161	0.020616
210.000000	0.244012	-1.256464	-0.244012	0.359780	0.067481	0.487246	0.013807
205.000000	0.205617	-1.198502	-0.205617	0.360667	0.066701	0.490679	0.011970
200.000000	0.241500	-0.611957	0.241500	0.360787	0.062358	0.477419	0.019943
195.000000	0.256127	-0.429788	0.256127	0.360654	0.060269	0.473491	0.040752
190.000000	0.272316	-0.564233	0.272316	0.356323	0.061913	0.482774	0.025059
185.000000	0.222167	-0.343148	0.222167	0.352396	0.059054	0.472242	0.056839
180.000000	0.216474	-0.335664	0.216474	0.351321	0.059918	0.465652	0.056376
175.000000	0.247209	-0.502736	0.247209	0.354073	0.059924	0.478269	0.028705
170.000000	0.315082	-1.273925	-0.315082	0.361428	0.065868	0.495416	0.016223
165.000000	0.400826	-1.549710	-0.400826	0.365677	0.077146	0.483336	0.054192
160.000000	0.370789	-1.640093	-0.370789	0.365868	0.087221	0.476265	0.081952
155.000000	0.375081	-1.629482	-0.375081	0.365677	0.085335	0.476753	0.078268
150.000000	0.380151	-1.617882	-0.380151	0.370365	0.084173	0.483978	0.076146
145.000000	0.383805	-1.614615	-0.383805	0.370710	0.083931	0.479201	0.075270
140.000000	0.384047	-1.626902	-0.384047	0.366652	0.083896	0.478789	0.083189
135.000000	0.380568	-1.640662	-0.380568	0.364648	0.085193	0.475616	0.091992
130.000000	0.364616	-1.673119	-0.364616	0.360701	0.089030	0.473908	0.105977
125.000000	0.369429	-1.663553	-0.369429	0.364581	0.088412	0.474183	0.105558
120.000000	0.391153	-1.630688	-0.391153	0.363866	0.083176	0.472250	0.099645
115.000000	0.410604	-1.578311	-0.410604	0.372944	0.078647	0.471822	0.085155
110.000000	0.412846	-1.542285	-0.412846	0.361904	0.072874	0.473967	0.074829
105.000000	0.355149	-1.598634	-0.355149	0.366483	0.080878	0.473993	0.085645
100.000000	0.305270	-1.568205	-0.305270	0.359437	0.079014	0.474202	0.070566
95.000000	0.209681	-1.475911	-0.209681	0.361856	0.073548	0.485270	0.053481
90.000000	0.103749	-1.137821	0.103749	0.359659	0.062900	0.485969	0.041303
85.000000	0.302954	-0.962086	0.302954	0.351114	0.053233	0.489165	0.067579
80.000000	0.412616	-0.976045	0.412616	0.347927	0.051585	0.484522	0.098345
75.000000	0.501188	-1.039213	0.501188	0.352661	0.054532	0.470573	0.123798
70.000000	0.529338	-1.180877	0.529338	0.362718	0.076253	0.467424	0.129310
65.000000	0.612134	-1.134221	0.612134	0.362049	0.068808	0.441685	0.178093
60.000000	0.625645	-1.179671	0.625645	0.368034	0.077565	0.441463	0.202354
55.000000	0.593749	-1.260941	0.593749	0.362906	0.091368	0.429315	0.199041
50.000000	0.559946	-1.312342	0.559946	0.359307	0.094949	0.442279	0.211303
45.000000	0.480582	-1.408988	0.480582	0.355284	0.099186	0.449768	0.203019
40.000000	0.348221	-1.566235	0.348221	0.347495	0.106141	0.432106	0.199027
35.000000	0.275816	-1.626953	0.275816	0.346423	0.101328	0.428376	0.215934
30.000000	0.200589	-1.703126	0.200589	0.347332	0.100624	0.429216	0.238990
25.000000	0.201159	-1.640384	0.201159	0.368799	0.077999	0.437414	0.227888
20.000000	0.134066	-1.503936	-0.134066	0.334794	0.105705	0.320594	0.166143
15.000000	0.233495	-1.570472	0.233495	0.371762	0.046897	0.420433	0.197327
10.000000	0.194125	-1.608540	0.194125	0.372399	0.052877	0.410422	0.207481
5.000000	0.157210	-1.652682	0.157210	0.375634	0.064944	0.414630	0.227796
0.000000	0.140812	-1.682902	0.140812	0.371053	0.073918	0.421464	0.236697
