255.000000	0.000000	0.000000	0.000000	0.401193	0.164008	0.442768	0.207008
250.000000	0.180447	1.024263	-0.663369	0.364213	0.125561	0.423838	0.079801
245.000000	0.012261	0.016837	0.007686	0.398466	0.166150	0.417822	0.206274
240.000000	0.030596	-0.028973	-0.032219	0.382394	0.159804	0.437383	0.205858
235.000000	0.020568	-0.018198	-0.022938	0.391991	0.161738	0.420046	0.206897
230.000000	0.024744	-0.024294	-0.025195	0.397412	0.173867	0.417486	0.202021
225.000000	0.051070	-0.050550	-0.051591	0.389648	0.172855	0.423758	0.201335
220.000000	0.080261	-0.081259	-0.079263	0.399444	0.173726	0.443104	0.203536
215.000000	0.076364	-0.079627	-0.073102	0.396486	0.172040	0.429773	0.210542
210.000000	0.083520	-0.084322	-0.082717	0.377075	0.174829	0.429965	0.203831
205.000000	0.076929	-0.079105	-0.074753	0.389636	0.183017	0.433258	0.211019
200.000000	0.073583	-0.075619	-0.071546	0.384302	0.175350	0.431339	0.210337
195.000000	0.073281	-0.074764	-0.071797	0.399854	0.173880	0.413974	0.204065
190.000000	0.077554	-0.079196	-0.075913	0.383086	0.175765	0.444504	0.204767
185.000000	0.086413	-0.089295	-0.083530	0.401372	0.171135	0.431092	0.204027
180.000000	0.089228	-0.093118	-0.085338	0.379731	0.180234	0.430988	0.208835
175.000000	0.069711	-0.072335	-0.067087	0.399656	0.175545	0.408329	0.211154
170.000000	0.019845	-0.023448	-0.016241	0.375478	0.175517	0.428361	0.207656
165.000000	0.018696	-0.023680	-0.013711	0.398813	0.178704	0.429483	0.212885
160.000000	0.006195	0.004066	0.008324	0.396018	0.171697	0.415356	0.212669
155.000000	0.017230	0.013566	0.020895	0.379869	0.176815	0.431581	0.219372
150.000000	0.028450	0.024632	0.032268	0.381634	0.171231	0.420023	0.216272
145.000000	0.020610	0.016674	0.024546	0.376964	0.176281	0.410859	0.218349
140.000000	0.006561	-0.011402	-0.001720	0.394127	0.181585	0.421362	0.223722
135.000000	0.047227	-0.051905	-0.042548	0.373504	0.175709	0.411817	0.224829
130.000000	0.082067	-0.088955	-0.075178	0.388543	0.176259	0.425778	0.236678
125.000000	0.097168	-0.103085	-0.091250	0.389286	0.179422	0.406019	0.244016
120.000000	0.084659	-0.090671	-0.078647	0.371264	0.172862	0.394393	0.244681
115.000000	0.050346	-0.058718	-0.041974	0.369126	0.173462	0.375853	0.254557
110.000000	0.005989	-0.005344	0.017322	0.379902	0.178373	0.355996	0.271776
105.000000	0.078960	0.054944	0.102976	0.376574	0.169613	0.337098	0.273793
100.000000	0.177626	0.126880	0.228373	0.398845	0.159178	0.351225	0.291343
95.000000	0.248204	0.155066	0.341342	0.397323	0.148625	0.354494	0.286548
90.000000	0.316216	0.169527	0.462905	0.387945	0.141291	0.379166	0.271729
85.000000	0.373099	0.172021	0.574177	0.379748	0.134275	0.375474	0.244865
80.000000	1.345305	2.122270	0.568340	0.358453	0.139167	0.337282	0.077788
75.000000	0.440262	2.174890	-1.294366	0.387120	0.147503	0.396973	0.213148
70.000000	0.435829	2.164272	-1.292614	0.397210	0.160228	0.397192	0.206271
65.000000	0.406852	2.136708	-1.323005	0.387383	0.161444	0.397939	0.199126
60.000000	0.384904	2.112861	-1.343054	0.392361	0.169526	0.389458	0.187318
55.000000	0.384386	2.109195	-1.340424	0.373665	0.170094	0.395120	0.186910
50.000000	0.402850	2.115810	-1.310110	0.375220	0.170276	0.390673	0.183469
45.000000	0.413247	2.123308	-1.296814	0.353890	0.167061	0.398544	0.185461
40.000000	0.427858	2.132310	-1.276594	0.365822	0.169079	0.402367	0.186081
35.000000	0.459088	2.156775	-1.238598	0.357018	0.159924	0.398188	0.182102
30.000000	0.479643	2.172523	-1.213237	0.359846	0.158322	0.402303	0.178490
25.000000	0.497747	2.187460	-1.191965	0.361137	0.161158	0.401323	0.178067
20.000000	0.513440	2.201459	-1.174579	0.360343	0.155446	0.402598	0.174014
15.000000	0.547698	2.231066	-1.135671	0.363850	0.148519	0.405436	0.171285
10.000000	0.570497	2.251354	-1.110360	0.346691	0.143501	0.407061	0.168270
5.000000	1.016638	2.411323	-0.378048	0.394080	0.141392	0.412700	0.103236
0.000000	0.654202	2.322481	-1.014077	0.342084	0.118012	0.416578	0.161523
