0.000000	0.897343
5.000000	0.897297
10.000000	0.897887
15.000000	0.897642
20.000000	0.897838
25.000000	0.898044
30.000000	0.895961
35.000000	0.896914
40.000000	0.896329
45.000000	0.895049
50.000000	0.895856
55.000000	0.896465
60.000000	0.896614
65.000000	0.897358
70.000000	0.896688
75.000000	0.899064
80.000000	0.899721
85.000000	0.900592
90.000000	0.899982
95.000000	0.902613
100.000000	0.902913
105.000000	0.906629
110.000000	0.910208
115.000000	0.911426
120.000000	0.915070
125.000000	0.917029
130.000000	0.922433
135.000000	0.926510
140.000000	0.927777
145.000000	0.934687
150.000000	0.938883
155.000000	0.947338
160.000000	0.952480
165.000000	0.958618
170.000000	0.968217
175.000000	0.974634
180.000000	0.983073
185.000000	0.988084
190.000000	0.993702
195.000000	1.000000
200.000000	0.999289
205.000000	0.996748
210.000000	0.992801
215.000000	0.975797
220.000000	0.946074
225.000000	0.903600
230.000000	0.863932
235.000000	0.783238
240.000000	0.702538
245.000000	0.617901
250.000000	0.497707
255.000000	0.397095
