0.000000	0.845112
5.000000	0.844225
10.000000	0.844755
15.000000	0.845013
20.000000	0.846462
25.000000	0.845653
30.000000	0.843980
35.000000	0.845812
40.000000	0.844917
45.000000	0.844189
50.000000	0.844141
55.000000	0.844289
60.000000	0.844865
65.000000	0.844614
70.000000	0.844056
75.000000	0.843867
80.000000	0.844020
85.000000	0.844255
90.000000	0.844250
95.000000	0.843439
100.000000	0.843688
105.000000	0.843337
110.000000	0.844114
115.000000	0.843086
120.000000	0.844247
125.000000	0.844733
130.000000	0.845009
135.000000	0.845518
140.000000	0.844831
145.000000	0.843771
150.000000	0.843362
155.000000	0.843986
160.000000	0.842304
165.000000	0.841722
170.000000	0.838449
175.000000	0.844027
180.000000	0.842485
185.000000	0.841994
190.000000	0.844519
195.000000	0.844870
200.000000	0.847564
205.000000	0.851575
210.000000	0.855331
215.000000	0.864924
220.000000	0.872285
225.000000	0.883468
230.000000	0.897550
235.000000	0.914931
240.000000	0.935644
245.000000	0.955101
250.000000	0.977702
255.000000	1.000000
