255.000000	0.000000	0.000000	0.000000	0.430199	0.096590	0.405822	0.053736
250.000000	0.065144	0.151479	0.065144	0.424016	0.089543	0.415219	0.047743
245.000000	0.134824	0.198308	0.134824	0.422680	0.091282	0.419434	0.053363
240.000000	0.167380	0.174921	0.167380	0.424823	0.095878	0.423905	0.059585
235.000000	0.210832	0.141132	0.210832	0.420925	0.102836	0.411791	0.069935
230.000000	0.227587	0.117280	0.227587	0.425172	0.109104	0.420911	0.075226
225.000000	0.258185	0.117315	0.258185	0.425013	0.111079	0.405524	0.085342
220.000000	0.266359	0.118225	0.266359	0.431003	0.115448	0.417422	0.087892
215.000000	0.288264	0.196101	0.288264	0.425342	0.108990	0.410287	0.093310
210.000000	0.308154	0.195683	0.308154	0.427125	0.112819	0.415787	0.095303
205.000000	0.318321	0.221317	0.318321	0.431107	0.112038	0.406458	0.102779
200.000000	0.323260	0.213661	0.323260	0.429315	0.113197	0.415160	0.102970
195.000000	0.327525	0.245171	0.327525	0.428565	0.112191	0.415455	0.106641
190.000000	0.334769	0.303488	0.334769	0.422165	0.106793	0.416162	0.109972
185.000000	0.338002	0.335850	0.338002	0.421395	0.105678	0.405909	0.114371
180.000000	0.341038	0.375862	0.341038	0.417006	0.101748	0.411302	0.119354
175.000000	0.352505	0.291668	0.352505	0.423747	0.110317	0.411510	0.118048
170.000000	0.348938	0.376232	0.348938	0.418118	0.103001	0.410603	0.122602
165.000000	0.348818	0.414858	0.348818	0.419966	0.101178	0.418619	0.122397
160.000000	0.348220	0.441973	0.348220	0.416970	0.099978	0.413259	0.129677
155.000000	0.344005	0.462627	0.344005	0.421728	0.098943	0.424083	0.128161
150.000000	0.335711	0.525201	0.335711	0.425391	0.097388	0.420923	0.133163
145.000000	0.330508	0.574155	0.330508	0.418345	0.095278	0.416640	0.137972
140.000000	0.324130	0.613215	0.324130	0.425524	0.095271	0.426091	0.139833
135.000000	0.309498	0.659824	0.309498	0.426830	0.094891	0.421322	0.146603
130.000000	0.307552	0.674295	0.307552	0.424281	0.094820	0.422093	0.143799
125.000000	0.320221	0.637872	0.320221	0.428554	0.096570	0.424516	0.143792
120.000000	0.338500	0.574343	0.338500	0.417483	0.098490	0.418010	0.144101
115.000000	0.358236	0.516855	0.358236	0.424422	0.101815	0.421668	0.139907
110.000000	0.361197	0.520758	0.361197	0.427149	0.103623	0.416517	0.142591
105.000000	0.360887	0.531210	0.360887	0.421839	0.103427	0.416197	0.144683
100.000000	0.356161	0.579770	0.356161	0.428436	0.103240	0.419307	0.144205
95.000000	0.347336	0.607465	0.347336	0.420937	0.101186	0.414137	0.149261
90.000000	0.351343	0.610095	0.351343	0.428514	0.102855	0.415285	0.145100
85.000000	0.353716	0.622419	0.353716	0.430434	0.103505	0.415567	0.149079
80.000000	0.371973	0.562220	0.371973	0.425200	0.105505	0.414642	0.149026
75.000000	0.388007	0.492954	0.388007	0.432582	0.111189	0.421687	0.143353
70.000000	0.394184	0.454875	0.394184	0.433262	0.112234	0.418260	0.145425
65.000000	0.393603	0.453831	0.393603	0.431635	0.111794	0.417004	0.145481
60.000000	0.389027	0.483880	0.389027	0.435549	0.112599	0.422679	0.143049
55.000000	0.385102	0.493582	0.385102	0.433764	0.110804	0.417924	0.146642
50.000000	0.382068	0.512076	0.382068	0.428826	0.109373	0.419556	0.143183
45.000000	0.376087	0.545916	0.376087	0.434355	0.109272	0.418735	0.144086
40.000000	0.371658	0.559474	0.371658	0.426500	0.107167	0.412128	0.147642
35.000000	0.373429	0.556073	0.373429	0.427715	0.107246	0.420016	0.145174
30.000000	0.372989	0.551048	0.372989	0.426481	0.106342	0.419475	0.149710
25.000000	0.380236	0.530418	0.380236	0.425884	0.107309	0.419098	0.145446
20.000000	0.373822	0.561224	0.373822	0.433614	0.106598	0.422116	0.146134
15.000000	0.368842	0.566225	0.368842	0.421685	0.103835	0.419415	0.150228
10.000000	0.366259	0.573689	0.366259	0.424118	0.102999	0.420971	0.146671
5.000000	0.359840	0.585628	0.359840	0.430153	0.101857	0.423364	0.147565
0.000000	0.361684	0.566296	0.361684	0.422242	0.101417	0.427403	0.150560
