255.000000	0.000000	0.000000	0.000000	0.390235	0.015613	0.427416	0.092668
250.000000	0.023408	-0.073105	0.026289	0.387491	0.008452	0.422109	0.085128
245.000000	0.023216	-0.209276	0.162843	0.378487	0.007181	0.422578	0.081163
240.000000	0.005755	-0.186432	0.174921	0.378366	0.009949	0.425397	0.079250
235.000000	0.017162	-0.136821	0.171145	0.379092	0.011226	0.431990	0.077780
230.000000	0.038327	-0.125967	0.202621	0.372790	0.012295	0.434112	0.076871
225.000000	0.066396	-0.036504	0.169296	0.373848	0.013931	0.429614	0.077088
220.000000	0.084049	-0.072509	0.240606	0.370655	0.015472	0.438986	0.074043
215.000000	0.102375	-0.096179	0.300929	0.370539	0.015389	0.432756	0.070648
210.000000	0.123013	-0.097033	0.343058	0.364659	0.018200	0.430460	0.068103
205.000000	0.145138	-0.109185	0.399460	0.366698	0.018995	0.429144	0.066067
200.000000	0.162808	-0.115629	0.441244	0.370498	0.022081	0.430222	0.062886
195.000000	0.179306	-0.066695	0.425307	0.375701	0.023102	0.435520	0.065495
190.000000	0.197081	-0.023791	0.417953	0.371683	0.024376	0.432014	0.066368
185.000000	0.212770	-0.062481	0.488020	0.373454	0.028120	0.435345	0.061331
180.000000	0.220847	-0.108643	0.550337	0.373717	0.027422	0.432796	0.058168
175.000000	0.237273	-0.161974	0.636521	0.372352	0.033604	0.434557	0.050234
170.000000	0.242748	-0.195691	0.681187	0.370740	0.032717	0.434156	0.049536
165.000000	0.258235	-0.175866	0.692335	0.370312	0.037337	0.436075	0.047784
160.000000	0.268087	-0.149926	0.686099	0.376848	0.036568	0.437246	0.051169
155.000000	0.280740	-0.096857	0.658338	0.373477	0.038914	0.437045	0.053584
150.000000	0.275922	-0.064667	0.616511	0.387924	0.037477	0.439201	0.060522
145.000000	0.281346	-0.052885	0.615578	0.384241	0.036922	0.434807	0.061922
140.000000	0.293293	-0.045806	0.632392	0.389381	0.040896	0.437501	0.059895
135.000000	0.287911	-0.050342	0.626165	0.391789	0.039244	0.437845	0.063742
130.000000	0.294447	-0.026761	0.615655	0.391614	0.041508	0.438859	0.064877
125.000000	0.293499	0.005990	0.581009	0.396976	0.040305	0.438700	0.069552
120.000000	0.296614	0.022955	0.570273	0.401131	0.042879	0.444642	0.071487
115.000000	0.300000	-0.024839	0.624839	0.400895	0.043204	0.433646	0.066662
110.000000	0.314387	-0.112890	0.741664	0.385223	0.044901	0.430446	0.052731
105.000000	0.332061	-0.150548	0.814669	0.384965	0.053229	0.437890	0.042830
100.000000	0.347202	-0.155439	0.849842	0.385421	0.054039	0.429732	0.040428
95.000000	0.342288	-0.157690	0.842267	0.383873	0.056224	0.434912	0.040737
90.000000	0.346426	-0.167411	0.860263	0.385615	0.054506	0.432298	0.040202
85.000000	0.348987	-0.158902	0.856876	0.380858	0.057400	0.437157	0.039583
80.000000	0.356888	-0.144769	0.858545	0.391302	0.056406	0.431641	0.040266
75.000000	0.364684	-0.134955	0.864323	0.387628	0.057856	0.433074	0.039899
70.000000	0.388237	-0.135837	0.912310	0.384694	0.062020	0.431980	0.034376
65.000000	0.420108	-0.129741	0.969957	0.387031	0.064161	0.427265	0.029625
60.000000	0.488739	-0.068950	1.046428	0.390652	0.069109	0.430715	0.024337
55.000000	0.519207	-0.054457	1.092870	0.383999	0.070194	0.432836	0.021803
50.000000	0.590381	0.009088	1.171674	0.392423	0.072216	0.434788	0.020709
45.000000	0.587112	0.011470	1.162754	0.386445	0.073603	0.434118	0.020159
40.000000	0.572559	-0.005837	1.150954	0.386816	0.070633	0.436290	0.021436
35.000000	0.561637	-0.005266	1.128540	0.392277	0.071837	0.435139	0.021919
30.000000	0.505226	-0.043064	1.053515	0.394761	0.065123	0.434443	0.025535
25.000000	0.478854	-0.050825	1.008534	0.398386	0.065210	0.434198	0.026793
20.000000	0.517911	-0.023845	1.059668	0.396680	0.067277	0.435335	0.023817
15.000000	0.528850	-0.023354	1.081054	0.394646	0.065863	0.434784	0.023718
10.000000	0.548847	-0.000673	1.098367	0.395821	0.067844	0.432750	0.022333
5.000000	0.540999	-0.004669	1.086667	0.396322	0.064628	0.436477	0.023517
0.000000	0.546910	0.004547	1.089273	0.394039	0.065329	0.441383	0.023274
