0.000000	0.951270
5.000000	0.951396
10.000000	0.951463
15.000000	0.951011
20.000000	0.950759
25.000000	0.951035
30.000000	0.951420
35.000000	0.951033
40.000000	0.950415
45.000000	0.951510
50.000000	0.951399
55.000000	0.950790
60.000000	0.951661
65.000000	0.951809
70.000000	0.950627
75.000000	0.949138
80.000000	0.951798
85.000000	0.952269
90.000000	0.953072
95.000000	0.953102
100.000000	0.953961
105.000000	0.954104
110.000000	0.955717
115.000000	0.956437
120.000000	0.957007
125.000000	0.958509
130.000000	0.959266
135.000000	0.960787
140.000000	0.963702
145.000000	0.964982
150.000000	0.966239
155.000000	0.969469
160.000000	0.970856
165.000000	0.974314
170.000000	0.977028
175.000000	0.980271
180.000000	0.983501
185.000000	0.987803
190.000000	0.991647
195.000000	0.995517
200.000000	0.999144
205.000000	0.999654
210.000000	1.000000
215.000000	0.996187
220.000000	0.991244
225.000000	0.977988
230.000000	0.957048
235.000000	0.932215
240.000000	0.894469
245.000000	0.839639
250.000000	0.783584
255.000000	0.698022
