255.000000	0.000000	0.000000	0.000000	0.455285	0.156338	0.526928	0.136409
250.000000	0.023196	-0.255617	-0.023196	0.467796	0.152820	0.531085	0.133759
245.000000	0.039690	-0.173169	-0.039690	0.462233	0.148628	0.546579	0.130610
240.000000	0.037235	-0.381922	-0.037235	0.473888	0.151244	0.531341	0.135184
235.000000	0.047358	-0.492863	-0.047358	0.466392	0.148096	0.531939	0.134619
230.000000	0.047594	-0.429973	-0.047594	0.470786	0.148160	0.535277	0.132068
225.000000	0.050064	-0.338686	-0.050064	0.469218	0.151225	0.532184	0.131749
220.000000	0.066907	-0.248454	-0.066907	0.467291	0.153000	0.531038	0.129303
215.000000	0.070124	-0.283650	-0.070124	0.475777	0.149747	0.518246	0.130872
210.000000	0.093498	-0.384859	-0.093498	0.473587	0.149855	0.523718	0.130183
205.000000	0.104841	-0.625114	-0.104841	0.467332	0.146127	0.522765	0.132289
200.000000	0.083927	-0.350119	-0.083927	0.471516	0.147453	0.508329	0.130603
195.000000	0.132471	-0.817236	-0.132471	0.466761	0.142277	0.529151	0.133703
190.000000	0.117092	-0.760035	-0.117092	0.469504	0.142542	0.520614	0.132917
185.000000	0.120093	-0.718589	-0.120093	0.476413	0.138053	0.526947	0.132914
180.000000	0.069663	-0.084460	-0.069663	0.463806	0.153317	0.506129	0.130592
175.000000	0.121256	-0.348234	-0.121256	0.481009	0.145104	0.520344	0.128930
170.000000	0.119470	-0.314796	-0.119470	0.474080	0.149540	0.515927	0.128187
165.000000	0.144310	-0.523693	-0.144310	0.472684	0.148104	0.516435	0.131318
160.000000	0.144118	-0.622540	-0.144118	0.480975	0.141766	0.521744	0.132311
155.000000	0.152880	-0.714566	-0.152880	0.492183	0.135814	0.518964	0.134645
150.000000	0.160178	-0.685086	-0.160178	0.498647	0.134099	0.518880	0.134850
145.000000	0.165259	-0.663358	-0.165259	0.495999	0.135904	0.519062	0.133784
140.000000	0.165895	-0.818773	-0.165895	0.499605	0.131937	0.512577	0.139871
135.000000	0.135456	-1.229648	-0.135456	0.482960	0.134090	0.514259	0.145331
130.000000	0.156196	-1.063446	-0.156196	0.479901	0.130310	0.509651	0.144916
125.000000	0.080501	-1.842805	-0.080501	0.498698	0.132204	0.518807	0.144489
120.000000	0.163816	-0.588644	-0.163816	0.499105	0.132616	0.509764	0.134754
115.000000	0.158204	-0.656491	-0.158204	0.498382	0.134624	0.506499	0.138081
110.000000	0.170155	-0.459211	-0.170155	0.503186	0.134095	0.511809	0.131991
105.000000	0.166881	-0.648611	-0.166881	0.498076	0.135680	0.503802	0.138652
100.000000	0.176453	-0.561894	-0.176453	0.504083	0.135252	0.505706	0.135432
95.000000	0.184322	-0.703846	-0.184322	0.500880	0.132996	0.511930	0.137814
90.000000	0.183211	-0.515945	-0.183211	0.505627	0.135187	0.514147	0.133620
85.000000	0.185995	-0.520428	-0.185995	0.493931	0.141257	0.520933	0.131767
80.000000	0.175351	-0.377097	-0.175351	0.506954	0.137207	0.514021	0.130381
75.000000	0.186721	-0.379054	-0.186721	0.499127	0.142215	0.513791	0.132002
70.000000	0.189869	-0.453105	-0.189869	0.503503	0.136868	0.512884	0.132890
65.000000	0.166849	-0.234402	-0.166849	0.485404	0.143244	0.514961	0.129367
60.000000	0.163267	-0.111201	-0.163267	0.483114	0.148240	0.519341	0.127664
55.000000	0.173542	-0.113409	-0.173542	0.490858	0.148153	0.517374	0.127667
50.000000	0.182217	-0.273171	-0.182217	0.492437	0.142983	0.512192	0.130320
45.000000	0.184792	-0.347938	-0.184792	0.500303	0.139696	0.516456	0.128928
40.000000	0.171921	-0.375451	-0.171921	0.496532	0.138255	0.513149	0.130835
35.000000	0.167963	-0.165395	-0.167963	0.491906	0.143635	0.521514	0.126851
30.000000	0.171262	-0.104127	-0.171262	0.491309	0.145763	0.518896	0.126386
25.000000	0.168685	-0.108631	-0.168685	0.497129	0.143618	0.523566	0.125005
20.000000	0.164623	-0.112369	-0.164623	0.494706	0.143410	0.522208	0.125594
15.000000	0.159721	0.007597	-0.159721	0.489036	0.146686	0.524746	0.124071
10.000000	0.162866	-0.082058	-0.162866	0.492537	0.146239	0.520832	0.125870
5.000000	0.159478	-0.089824	-0.159478	0.485025	0.149399	0.520081	0.127173
0.000000	0.166950	-0.151986	-0.166950	0.490282	0.147098	0.520093	0.126868
