255.000000	0.000000	0.000000	0.000000	0.381584	0.171576	0.440518	0.161592
250.000000	0.007912	0.007912	0.165479	0.385637	0.175779	0.444974	0.169699
245.000000	0.004028	-0.004028	0.098773	0.382893	0.174240	0.446899	0.169053
240.000000	0.027857	0.027857	0.213336	0.391078	0.176993	0.435333	0.169140
235.000000	0.018631	0.018631	0.098458	0.390426	0.175198	0.449151	0.167722
230.000000	0.006458	-0.006458	0.090822	0.386634	0.175023	0.451468	0.167664
225.000000	0.032961	-0.032961	0.160650	0.389955	0.178192	0.449164	0.170199
220.000000	0.037506	-0.037506	-0.152429	0.380747	0.170450	0.425357	0.150814
215.000000	0.076963	-0.076963	-0.284845	0.382057	0.169228	0.416697	0.144191
210.000000	0.093771	-0.093771	-0.015249	0.383657	0.173573	0.435442	0.156375
205.000000	0.040126	-0.040126	-0.249133	0.380232	0.168453	0.423742	0.147914
200.000000	0.067354	-0.067354	-0.294051	0.380781	0.169174	0.416570	0.144504
195.000000	0.127244	-0.127244	-0.222774	0.383340	0.168096	0.418676	0.144333
190.000000	0.158000	-0.158000	0.635784	0.380607	0.151182	0.429738	0.159093
185.000000	0.011494	-0.011494	0.455756	0.407735	0.171044	0.432078	0.162807
180.000000	0.003187	-0.003187	0.470238	0.396247	0.164236	0.425904	0.160527
175.000000	0.045981	-0.045981	0.390194	0.405776	0.171479	0.440762	0.166730
170.000000	0.057053	-0.057053	0.226417	0.401974	0.177608	0.452581	0.168083
165.000000	0.074171	-0.074171	0.140751	0.395105	0.179789	0.449320	0.165296
160.000000	0.101236	-0.101236	-0.262501	0.383834	0.169629	0.418217	0.140703
155.000000	0.107802	-0.107802	-0.502551	0.384452	0.168409	0.408087	0.138969
150.000000	0.103527	-0.103527	-0.536387	0.383536	0.167991	0.405489	0.139419
145.000000	0.119220	-0.119220	-0.802200	0.404738	0.167896	0.416461	0.141675
140.000000	0.123267	-0.123267	-0.936369	0.403145	0.162996	0.418059	0.145806
135.000000	0.122798	-0.122798	-0.894920	0.404512	0.162420	0.420096	0.144866
130.000000	0.118406	-0.118406	-0.893665	0.404937	0.163075	0.416772	0.143776
125.000000	0.113636	-0.113636	-1.006255	0.402422	0.160054	0.420895	0.147689
120.000000	0.105712	-0.105712	-1.057911	0.401191	0.159674	0.422643	0.149332
115.000000	0.085748	-0.085748	-0.978723	0.404137	0.161615	0.417685	0.145686
110.000000	0.061559	-0.061559	-0.833533	0.409653	0.167319	0.409608	0.141749
105.000000	0.047573	-0.047573	-0.799057	0.409674	0.168228	0.409205	0.142085
100.000000	0.054676	-0.054676	-0.823810	0.409626	0.167029	0.412746	0.144716
95.000000	0.049142	-0.049142	-0.956622	0.404809	0.161067	0.421906	0.150548
90.000000	0.056711	-0.056711	-1.053596	0.403397	0.158412	0.437748	0.159925
85.000000	0.027129	-0.027129	-0.869114	0.412292	0.163516	0.434849	0.161101
80.000000	0.044834	0.044834	-0.745520	0.408500	0.164924	0.427933	0.168696
75.000000	0.103285	0.103285	-0.641079	0.406498	0.166195	0.419402	0.178182
70.000000	0.131075	0.131075	-0.564961	0.408684	0.166784	0.429459	0.193422
65.000000	0.130089	0.130089	-0.548393	0.400267	0.162968	0.421923	0.198873
60.000000	0.128660	0.128660	-0.726784	0.390445	0.156843	0.430617	0.199828
55.000000	0.160945	0.160945	-0.647059	0.389379	0.157565	0.423479	0.211190
50.000000	0.140148	0.140148	-0.574206	0.392941	0.162884	0.414776	0.214974
45.000000	0.100434	0.100434	-0.606199	0.394136	0.162115	0.414642	0.212765
40.000000	0.084242	0.084242	-0.595083	0.392422	0.160452	0.412983	0.212358
35.000000	0.068078	0.068078	-0.594835	0.390964	0.158910	0.416975	0.213641
30.000000	0.056565	0.056565	-0.722735	0.384647	0.154413	0.422388	0.215369
25.000000	0.058283	0.058283	-0.776944	0.380626	0.152116	0.427678	0.216009
20.000000	0.049554	0.049554	-0.862109	0.380641	0.152219	0.429030	0.216750
15.000000	0.041150	0.041150	-0.978405	0.377632	0.151926	0.430077	0.217767
10.000000	0.048242	0.048242	-0.906160	0.379269	0.154140	0.428123	0.216261
5.000000	0.072466	0.072466	-0.869723	0.380025	0.154851	0.427408	0.215166
0.000000	0.083775	0.083775	-0.688005	0.385465	0.160381	0.422120	0.214481
