0.000000	0.866289
5.000000	0.866499
10.000000	0.866972
15.000000	0.866999
20.000000	0.867377
25.000000	0.866583
30.000000	0.866746
35.000000	0.866135
40.000000	0.865959
45.000000	0.866857
50.000000	0.866420
55.000000	0.866319
60.000000	0.866532
65.000000	0.866137
70.000000	0.865810
75.000000	0.866145
80.000000	0.866157
85.000000	0.865737
90.000000	0.866132
95.000000	0.866718
100.000000	0.866719
105.000000	0.865837
110.000000	0.866028
115.000000	0.865894
120.000000	0.866115
125.000000	0.866276
130.000000	0.866848
135.000000	0.866621
140.000000	0.866617
145.000000	0.866242
150.000000	0.865708
155.000000	0.865541
160.000000	0.865249
165.000000	0.864164
170.000000	0.863596
175.000000	0.863113
180.000000	0.862883
185.000000	0.862472
190.000000	0.861763
195.000000	0.862401
200.000000	0.862322
205.000000	0.862866
210.000000	0.865574
215.000000	0.870715
220.000000	0.875305
225.000000	0.884152
230.000000	0.897070
235.000000	0.909588
240.000000	0.929345
245.000000	0.949807
250.000000	0.973973
255.000000	1.000000
