255.000000	0.000000	0.000000	0.000000	0.371796	0.407466	0.392378	0.374593
250.000000	0.031269	0.005263	0.057274	0.363399	0.399739	0.385738	0.362450
245.000000	0.048428	-0.002482	0.099339	0.368744	0.408683	0.379995	0.352232
240.000000	0.076408	0.019042	0.133775	0.363773	0.400296	0.387721	0.348653
235.000000	0.119862	0.077692	0.162033	0.366815	0.408643	0.376767	0.336338
230.000000	0.154087	0.113923	0.194251	0.367393	0.410969	0.384866	0.328554
225.000000	0.175665	0.138323	0.213006	0.362000	0.401027	0.398749	0.320931
220.000000	0.210170	0.182576	0.237763	0.364327	0.403792	0.404953	0.316595
215.000000	0.195699	0.148003	0.243395	0.364509	0.407709	0.394633	0.313570
210.000000	0.253080	0.242713	0.263447	0.354416	0.397463	0.407066	0.298411
205.000000	0.262839	0.252165	0.273513	0.364499	0.401073	0.411147	0.291959
200.000000	0.263568	0.237675	0.289462	0.358640	0.403881	0.399340	0.289381
195.000000	0.281316	0.260802	0.301831	0.362156	0.405689	0.398318	0.281820
190.000000	0.270513	0.240229	0.300798	0.363047	0.408483	0.399995	0.289436
185.000000	0.275537	0.244383	0.306691	0.368077	0.412428	0.396937	0.281049
180.000000	0.269281	0.228774	0.309789	0.368666	0.411060	0.399918	0.288322
175.000000	0.293910	0.271016	0.316804	0.362141	0.404287	0.393964	0.273496
170.000000	0.338322	0.346893	0.329751	0.366817	0.402545	0.395410	0.264585
165.000000	0.377611	0.405397	0.349824	0.366067	0.393655	0.387976	0.251426
160.000000	0.360024	0.372986	0.347063	0.366454	0.402251	0.396721	0.262698
155.000000	0.285965	0.248407	0.323523	0.365532	0.412335	0.391112	0.280688
150.000000	0.308537	0.286850	0.330224	0.364489	0.406004	0.399911	0.278606
145.000000	0.321090	0.309597	0.332584	0.370024	0.408026	0.395154	0.272003
140.000000	0.268313	0.213864	0.322762	0.365652	0.411687	0.396767	0.293409
135.000000	0.263895	0.202404	0.325386	0.367803	0.409431	0.394142	0.293680
130.000000	0.229955	0.137865	0.322046	0.376531	0.418206	0.391084	0.303873
125.000000	0.240825	0.164573	0.317077	0.371543	0.413521	0.389053	0.299313
120.000000	0.232376	0.142302	0.322450	0.370764	0.412694	0.396018	0.308655
115.000000	0.276295	0.216585	0.336004	0.364290	0.405978	0.394577	0.292233
110.000000	0.256724	0.178329	0.335118	0.375444	0.418055	0.398912	0.297762
105.000000	0.270712	0.202864	0.338560	0.375981	0.419785	0.396803	0.291631
100.000000	0.282828	0.224435	0.341221	0.368327	0.410405	0.399710	0.293362
95.000000	0.296631	0.243407	0.349855	0.368861	0.412924	0.392069	0.281244
90.000000	0.317835	0.276730	0.358940	0.369080	0.412911	0.392361	0.276798
85.000000	0.342245	0.315446	0.369044	0.365277	0.406749	0.395638	0.271299
80.000000	0.348145	0.330458	0.365833	0.363199	0.402058	0.392206	0.266722
75.000000	0.291371	0.234648	0.348094	0.362123	0.407108	0.390672	0.282683
70.000000	0.238732	0.139697	0.337767	0.371158	0.406109	0.393349	0.306149
65.000000	0.246679	0.156390	0.336968	0.369884	0.411977	0.399725	0.302380
60.000000	0.255917	0.177630	0.334204	0.363688	0.405111	0.393735	0.298864
55.000000	0.237928	0.134210	0.341646	0.374830	0.413082	0.391178	0.308289
50.000000	0.228313	0.121669	0.334956	0.379061	0.414301	0.392195	0.310666
45.000000	0.246822	0.157675	0.335970	0.376939	0.422030	0.395109	0.305594
40.000000	0.270587	0.198035	0.343139	0.369323	0.416695	0.395803	0.299670
35.000000	0.117250	0.947464	-0.712964	0.332639	0.211054	0.208740	0.155531
30.000000	0.315207	0.271888	0.358526	0.367180	0.412896	0.388274	0.274491
25.000000	0.375695	0.374888	0.376502	0.362376	0.403754	0.388581	0.258226
20.000000	0.407436	0.429614	0.385258	0.368053	0.396717	0.388504	0.251601
15.000000	0.401609	0.414319	0.388900	0.369342	0.399031	0.391023	0.257469
10.000000	0.379249	0.373228	0.385270	0.369312	0.405838	0.390077	0.258038
5.000000	0.331562	0.295861	0.367263	0.371091	0.412381	0.398352	0.276524
0.000000	0.402957	0.414988	0.390925	0.368183	0.403784	0.390985	0.254907
