0.000000	0.590808
5.000000	0.589893
10.000000	0.589880
15.000000	0.590241
20.000000	0.590655
25.000000	0.590558
30.000000	0.590504
35.000000	0.590843
40.000000	0.590525
45.000000	0.590979
50.000000	0.590703
55.000000	0.590238
60.000000	0.590360
65.000000	0.589976
70.000000	0.590374
75.000000	0.591054
80.000000	0.590649
85.000000	0.590741
90.000000	0.589365
95.000000	0.589907
100.000000	0.589898
105.000000	0.589443
110.000000	0.589152
115.000000	0.588923
120.000000	0.588845
125.000000	0.588568
130.000000	0.588255
135.000000	0.587909
140.000000	0.585859
145.000000	0.585264
150.000000	0.583924
155.000000	0.583042
160.000000	0.580546
165.000000	0.578849
170.000000	0.578020
175.000000	0.576809
180.000000	0.574174
185.000000	0.573990
190.000000	0.572663
195.000000	0.574555
200.000000	0.576169
205.000000	0.580301
210.000000	0.587288
215.000000	0.597012
220.000000	0.615426
225.000000	0.633401
230.000000	0.673018
235.000000	0.713895
240.000000	0.765960
245.000000	0.829906
250.000000	0.906344
255.000000	1.000000
