255.000000	0.000000	0.000000	0.000000	0.372678	0.252005	0.368175	0.247012
250.000000	0.009451	0.026584	-0.009451	0.376550	0.256881	0.359668	0.241613
245.000000	0.024150	0.041730	-0.024150	0.376424	0.255351	0.369208	0.250434
240.000000	0.028196	0.112607	-0.028196	0.383438	0.254432	0.359119	0.244858
235.000000	0.022323	0.287947	-0.022323	0.390896	0.242424	0.358977	0.244081
230.000000	0.028563	0.387309	-0.028563	0.377630	0.220706	0.354414	0.238259
225.000000	0.034009	0.457612	-0.034009	0.370866	0.208816	0.343563	0.233819
220.000000	0.039366	0.515607	-0.039366	0.378335	0.205691	0.350384	0.238596
215.000000	0.039165	0.511624	-0.039165	0.370825	0.200890	0.351533	0.235377
210.000000	0.044022	0.582188	-0.044022	0.378720	0.198325	0.353468	0.239507
205.000000	0.063666	0.645657	-0.063666	0.376336	0.190412	0.349535	0.237373
200.000000	0.055538	0.587344	-0.055538	0.377096	0.195024	0.352442	0.239279
195.000000	0.064740	0.684717	-0.064740	0.384490	0.191519	0.352651	0.238431
190.000000	0.065286	0.678620	-0.065286	0.371845	0.186848	0.349278	0.234873
185.000000	0.062373	0.562648	-0.062373	0.384145	0.200220	0.350806	0.241529
180.000000	0.062272	0.482545	-0.062272	0.377082	0.204966	0.348723	0.242873
175.000000	0.057447	0.356247	-0.057447	0.385407	0.223773	0.359149	0.253414
170.000000	0.068285	0.285105	-0.068285	0.390563	0.234655	0.353807	0.249623
165.000000	0.071309	0.323831	-0.071309	0.378343	0.224371	0.363562	0.252336
160.000000	0.068480	0.382215	-0.068480	0.381898	0.218948	0.362879	0.252224
155.000000	0.075095	0.421723	-0.075095	0.378253	0.212430	0.359619	0.247413
150.000000	0.085231	0.426900	-0.085231	0.374817	0.208208	0.362606	0.248448
145.000000	0.091167	0.385669	-0.091167	0.388528	0.218598	0.369562	0.251899
140.000000	0.096813	0.294242	-0.096813	0.379028	0.225713	0.364248	0.251882
135.000000	0.101188	0.240580	-0.101188	0.391593	0.237820	0.360854	0.250770
130.000000	0.103287	0.218849	-0.103287	0.392484	0.241328	0.355527	0.246590
125.000000	0.103243	0.171329	-0.103243	0.395074	0.250455	0.362188	0.250347
120.000000	0.106745	0.146185	-0.106745	0.405065	0.258636	0.358128	0.248588
115.000000	0.108349	0.146795	-0.108349	0.397991	0.253624	0.362814	0.250796
110.000000	0.120383	0.096803	-0.120383	0.405248	0.264418	0.359312	0.247396
105.000000	0.132641	0.027730	-0.132641	0.399386	0.267259	0.355582	0.248907
100.000000	0.138713	-0.015075	-0.138713	0.393857	0.267939	0.353003	0.242337
95.000000	0.139738	0.017621	-0.139738	0.402220	0.267943	0.352225	0.246083
90.000000	0.136955	0.038909	-0.136955	0.400580	0.265806	0.356103	0.247446
85.000000	0.141694	0.017353	-0.141694	0.403138	0.269490	0.347213	0.245717
80.000000	0.142222	0.009576	-0.142222	0.400982	0.270812	0.354425	0.246758
75.000000	0.139292	0.030082	-0.139292	0.401843	0.268212	0.351049	0.244856
70.000000	0.138606	0.020328	-0.138606	0.401504	0.268691	0.354492	0.245995
65.000000	0.140728	-0.010895	-0.140728	0.398843	0.270421	0.349690	0.241624
60.000000	0.145225	-0.038553	-0.145225	0.399833	0.272519	0.351597	0.242400
55.000000	0.147574	-0.066245	-0.147574	0.394977	0.270458	0.351368	0.235941
50.000000	0.141899	-0.013775	-0.141899	0.402529	0.271022	0.350540	0.240455
45.000000	0.137277	0.039121	-0.137277	0.402430	0.266599	0.356502	0.246892
40.000000	0.129632	0.098924	-0.129632	0.402679	0.262394	0.358547	0.247597
35.000000	0.121711	0.176037	-0.121711	0.395829	0.247519	0.358792	0.243797
30.000000	0.116587	0.181871	-0.116587	0.384997	0.243092	0.353447	0.244874
25.000000	0.115765	0.174597	-0.115765	0.399365	0.249335	0.362009	0.245309
20.000000	0.117652	0.198199	-0.117652	0.383864	0.240295	0.353729	0.243487
15.000000	0.114744	0.242636	-0.114744	0.386019	0.234249	0.360411	0.244500
10.000000	0.112382	0.327620	-0.112382	0.384118	0.222686	0.363435	0.242470
5.000000	0.116899	0.434952	-0.116899	0.369852	0.204602	0.369526	0.245665
0.000000	0.126709	0.504045	-0.126709	0.378194	0.202404	0.368322	0.243617
