0.000000	0.991264
5.000000	0.992145
10.000000	0.993584
15.000000	0.995800
20.000000	0.998009
25.000000	0.998301
30.000000	1.000000
35.000000	0.997054
40.000000	0.990097
45.000000	0.972680
50.000000	0.944351
55.000000	0.896234
60.000000	0.833480
65.000000	0.740163
70.000000	0.644127
75.000000	0.521035
80.000000	0.325864
85.000000	0.231635
90.000000	0.136091
95.000000	0.083014
100.000000	0.043483
105.000000	0.032136
110.000000	0.025202
115.000000	0.020661
120.000000	0.017521
125.000000	0.016182
130.000000	0.015276
135.000000	0.014829
140.000000	0.014891
145.000000	0.014838
150.000000	0.014726
155.000000	0.014751
160.000000	0.014109
165.000000	0.013828
170.000000	0.013707
175.000000	0.013651
180.000000	0.013674
185.000000	0.013635
190.000000	0.013865
195.000000	0.014031
200.000000	0.014214
205.000000	0.014021
210.000000	0.013847
215.000000	0.013532
220.000000	0.013674
225.000000	0.013525
230.000000	0.013586
235.000000	0.013596
240.000000	0.013302
245.000000	0.013672
250.000000	0.013612
255.000000	0.013715
