0.000000	0.613311
5.000000	0.616125
10.000000	0.620014
15.000000	0.627258
20.000000	0.635624
25.000000	0.650071
30.000000	0.668100
35.000000	0.694636
40.000000	0.721337
45.000000	0.759226
50.000000	0.799405
55.000000	0.850221
60.000000	0.903529
65.000000	0.951974
70.000000	0.988126
75.000000	1.000000
80.000000	0.984116
85.000000	0.941074
90.000000	0.900172
95.000000	0.838606
100.000000	0.789333
105.000000	0.753771
110.000000	0.730429
115.000000	0.715006
120.000000	0.705158
125.000000	0.699837
130.000000	0.696128
135.000000	0.691888
140.000000	0.689617
145.000000	0.687991
150.000000	0.686574
155.000000	0.685962
160.000000	0.685647
165.000000	0.685624
170.000000	0.684812
175.000000	0.684973
180.000000	0.684872
185.000000	0.684935
190.000000	0.684696
195.000000	0.684975
200.000000	0.685085
205.000000	0.686197
210.000000	0.685756
215.000000	0.685812
220.000000	0.685215
225.000000	0.686097
230.000000	0.685873
235.000000	0.685689
240.000000	0.686277
245.000000	0.686053
250.000000	0.686006
255.000000	0.685307
