0.000000	0.999376
5.000000	1.000000
10.000000	0.997855
15.000000	0.994456
20.000000	0.990607
25.000000	0.986929
30.000000	0.983655
35.000000	0.978391
40.000000	0.974585
45.000000	0.970167
50.000000	0.966988
55.000000	0.967036
60.000000	0.969798
65.000000	0.973656
70.000000	0.977291
75.000000	0.974112
80.000000	0.964230
85.000000	0.942960
90.000000	0.910690
95.000000	0.871330
100.000000	0.842717
105.000000	0.825148
110.000000	0.811519
115.000000	0.802350
120.000000	0.794180
125.000000	0.788744
130.000000	0.785473
135.000000	0.783245
140.000000	0.781903
145.000000	0.781362
150.000000	0.780153
155.000000	0.779913
160.000000	0.779719
165.000000	0.779764
170.000000	0.779853
175.000000	0.779437
180.000000	0.778635
185.000000	0.778335
190.000000	0.777990
195.000000	0.777547
200.000000	0.777062
205.000000	0.778283
210.000000	0.778224
215.000000	0.777585
220.000000	0.777181
225.000000	0.777080
230.000000	0.777354
235.000000	0.778393
240.000000	0.777588
245.000000	0.778158
250.000000	0.778580
255.000000	0.777983
