255.000000	0.000000	0.000000	0.000000	0.355254	0.283812	0.392923	0.241703
250.000000	0.011501	-0.009771	-0.011501	0.352584	0.279822	0.386541	0.247043
245.000000	0.154108	-0.060586	-0.154108	0.365117	0.282390	0.400594	0.249134
240.000000	0.249043	-0.100464	-0.249043	0.346733	0.275106	0.397370	0.255704
235.000000	0.323036	-0.166242	-0.323036	0.360023	0.278552	0.372048	0.251339
230.000000	0.463053	-0.232416	-0.463053	0.356874	0.277103	0.392578	0.268566
225.000000	0.562718	-0.271967	-0.562718	0.355060	0.280428	0.381580	0.254487
220.000000	0.559454	-0.305089	-0.559454	0.355675	0.274758	0.367730	0.251771
215.000000	0.466276	-0.316584	-0.466276	0.349093	0.272344	0.357399	0.241635
210.000000	0.424195	-0.329692	-0.424195	0.368557	0.275240	0.364391	0.245587
205.000000	0.398992	-0.333923	-0.398992	0.361608	0.271986	0.362054	0.247720
200.000000	0.381247	-0.328860	-0.381247	0.341375	0.267121	0.356491	0.243188
195.000000	0.392220	-0.331636	-0.392220	0.368657	0.277551	0.368277	0.246425
190.000000	0.387393	-0.327768	-0.387393	0.355633	0.273758	0.372166	0.254310
185.000000	0.356680	-0.316283	-0.356680	0.348438	0.266913	0.372032	0.254636
180.000000	0.392166	-0.317180	-0.392166	0.373089	0.279468	0.386371	0.258543
175.000000	0.522994	-0.315136	-0.522994	0.354328	0.277711	0.371791	0.250208
170.000000	0.580523	-0.308542	-0.580523	0.368148	0.273012	0.379886	0.256791
165.000000	0.565055	-0.304439	-0.565055	0.352943	0.271903	0.381024	0.258065
160.000000	0.533956	-0.299148	-0.533956	0.354068	0.277851	0.375531	0.256713
155.000000	0.482957	-0.285918	-0.482957	0.364163	0.279890	0.392182	0.268402
150.000000	0.435337	-0.273136	-0.435337	0.355664	0.281747	0.385322	0.260501
145.000000	0.399786	-0.263677	-0.399786	0.358678	0.278224	0.400088	0.267228
140.000000	0.373633	-0.249948	-0.373633	0.370985	0.283517	0.398366	0.266897
135.000000	0.487432	-1.202018	0.487432	0.291351	0.180867	0.347061	0.202178
130.000000	0.364034	-0.234046	-0.364034	0.362233	0.282377	0.401147	0.269739
125.000000	0.379472	-0.230303	-0.379472	0.370233	0.283683	0.400770	0.273005
120.000000	0.360331	-0.219355	-0.360331	0.350287	0.278071	0.402258	0.274851
115.000000	0.298943	-0.208181	-0.298943	0.362012	0.278355	0.404135	0.273747
110.000000	0.235529	-0.200109	-0.235529	0.359383	0.277992	0.396128	0.273230
105.000000	0.159089	-0.181174	-0.159089	0.359732	0.277786	0.410617	0.277610
100.000000	0.167581	-0.167914	-0.167581	0.358106	0.281639	0.402424	0.277346
95.000000	0.427291	-0.193858	-0.427291	0.370171	0.286795	0.407245	0.275947
90.000000	0.511914	-0.201381	-0.511914	0.359027	0.284899	0.396991	0.270009
85.000000	0.493898	-0.196592	-0.493898	0.361284	0.275895	0.403900	0.272495
80.000000	0.483182	-0.195763	-0.483182	0.358537	0.285472	0.398780	0.272254
75.000000	0.561047	-0.201175	-0.561047	0.366104	0.281039	0.396144	0.264832
70.000000	0.540788	-0.194389	-0.540788	0.360334	0.276510	0.392024	0.269483
65.000000	0.465433	-0.186880	-0.465433	0.351824	0.278797	0.393827	0.266718
60.000000	0.441548	-0.182174	-0.441548	0.362929	0.283176	0.403924	0.276494
55.000000	0.407425	-0.179367	-0.407425	0.365032	0.285340	0.400189	0.272175
50.000000	1.050805	-1.340754	-1.050805	0.318836	0.204997	0.391329	0.249766
45.000000	0.314556	-0.172465	-0.314556	0.362467	0.283959	0.407411	0.277318
40.000000	0.388633	-0.185158	-0.388633	0.363292	0.283486	0.400518	0.273632
35.000000	0.432401	-0.188516	-0.432401	0.348630	0.284430	0.396672	0.272741
30.000000	0.404149	-0.180762	-0.404149	0.374292	0.286089	0.393406	0.270250
25.000000	0.412052	-0.183158	-0.412052	0.354472	0.283655	0.399932	0.271048
20.000000	0.377114	-0.182677	-0.377114	0.358851	0.286240	0.407847	0.273857
15.000000	0.425932	-0.187677	-0.425932	0.347797	0.282865	0.395653	0.273262
10.000000	0.456258	-0.186808	-0.456258	0.360329	0.284106	0.398827	0.266000
5.000000	0.478989	-0.184256	-0.478989	0.366216	0.288158	0.400678	0.273550
0.000000	0.443122	-0.182323	-0.443122	0.353720	0.286320	0.401632	0.272419
