255.000000	0.000000	0.000000	0.000000	0.343713	0.196842	0.396404	0.235724
250.000000	0.012664	0.012664	0.157286	0.338326	0.194811	0.394669	0.239549
245.000000	0.024331	0.024331	0.252074	0.344977	0.196472	0.401039	0.242427
240.000000	0.036084	0.036084	0.274217	0.349466	0.197004	0.398946	0.241220
235.000000	0.044851	0.044851	0.267145	0.343888	0.195089	0.398442	0.240182
230.000000	0.044842	0.044842	0.215777	0.345269	0.196154	0.400388	0.241308
225.000000	0.032408	0.032408	0.213214	0.344519	0.196119	0.401644	0.242325
220.000000	0.015297	0.015297	0.243269	0.345555	0.195030	0.400316	0.242424
215.000000	0.006636	0.006636	0.260541	0.344932	0.195908	0.401432	0.242753
210.000000	0.014114	0.014114	0.261144	0.345344	0.197333	0.398419	0.241604
205.000000	0.037952	0.037952	0.316249	0.347074	0.196495	0.396963	0.240381
200.000000	0.028971	0.028971	0.377409	0.348871	0.199925	0.388618	0.238017
195.000000	0.028418	0.028418	0.386325	0.352067	0.201302	0.390599	0.239624
190.000000	0.034143	0.034143	0.343376	0.347202	0.198343	0.395146	0.239459
185.000000	0.033879	0.033879	0.299124	0.346183	0.197282	0.400113	0.241999
180.000000	0.011404	0.011404	0.347447	0.348943	0.200203	0.397366	0.239417
175.000000	0.004143	-0.004143	0.389891	0.351177	0.203426	0.395540	0.240519
170.000000	0.007053	-0.007053	0.424815	0.346545	0.202523	0.393501	0.239017
165.000000	0.004327	-0.004327	0.428025	0.345602	0.203547	0.397741	0.242164
160.000000	0.006134	-0.006134	0.475323	0.348226	0.205069	0.390815	0.239007
155.000000	0.000994	0.000994	0.581562	0.355242	0.216557	0.373828	0.237181
150.000000	0.002334	0.002334	0.619770	0.357137	0.219606	0.367739	0.236483
145.000000	0.008606	0.008606	0.602318	0.357429	0.218855	0.369495	0.236194
140.000000	0.011538	0.011538	0.576033	0.358154	0.216915	0.368991	0.236467
135.000000	0.019147	0.019147	0.484595	0.349468	0.205360	0.379621	0.239132
130.000000	0.025051	0.025051	0.482387	0.349682	0.206601	0.380547	0.236945
125.000000	0.037398	0.037398	0.561763	0.358976	0.213073	0.365571	0.235090
120.000000	0.051461	0.051461	0.663791	0.366482	0.224244	0.379235	0.234994
115.000000	0.058047	0.058047	0.736253	0.378936	0.230193	0.380308	0.231858
110.000000	0.080939	0.080939	0.654541	0.362461	0.218045	0.374834	0.235629
105.000000	0.116209	0.116209	0.504303	0.351104	0.202336	0.359270	0.234258
100.000000	0.147662	0.147662	0.494064	0.339713	0.197389	0.355817	0.236629
95.000000	0.200826	0.200826	0.340769	0.333022	0.187103	0.352135	0.236838
90.000000	0.257471	0.257471	0.556969	0.339780	0.188004	0.354140	0.229012
85.000000	0.339358	0.339358	0.620811	0.340568	0.181530	0.376062	0.237247
80.000000	0.434834	0.434834	0.650056	0.341927	0.174336	0.378053	0.236962
75.000000	0.529255	0.529255	0.728425	0.346820	0.169810	0.381140	0.232578
70.000000	0.608035	0.608035	0.874471	0.340651	0.161896	0.383144	0.228258
65.000000	0.650781	0.650781	1.107162	0.338721	0.162311	0.394360	0.236543
60.000000	0.697506	0.697506	1.334583	0.335351	0.172027	0.415136	0.251558
55.000000	0.735596	0.735596	1.610112	0.337230	0.191983	0.410883	0.258858
50.000000	0.799910	0.799910	1.682007	0.340105	0.192472	0.388591	0.246889
45.000000	0.846254	0.846254	1.686704	0.334725	0.185111	0.383537	0.249921
40.000000	0.875586	0.875586	1.711938	0.336440	0.185187	0.377755	0.247715
35.000000	0.881518	0.881518	1.858631	0.345546	0.199467	0.374765	0.246103
30.000000	0.891081	0.891081	1.865872	0.340618	0.198038	0.373031	0.246219
25.000000	0.905654	0.905654	1.643313	0.331618	0.174300	0.375278	0.252811
20.000000	0.917243	0.917243	1.752487	0.333830	0.184214	0.372017	0.250327
15.000000	0.927245	0.927245	1.756698	0.333756	0.183166	0.371772	0.250418
10.000000	0.942548	0.942548	1.933069	0.354856	0.202824	0.370288	0.250386
5.000000	0.955067	0.955067	2.122997	0.369818	0.221597	0.356402	0.246825
0.000000	0.940382	0.940382	2.180405	0.367665	0.225785	0.358246	0.248814
