0.000000	0.972722
5.000000	0.972254
10.000000	0.972055
15.000000	0.972488
20.000000	0.972335
25.000000	0.972852
30.000000	0.972733
35.000000	0.972902
40.000000	0.973142
45.000000	0.973124
50.000000	0.973006
55.000000	0.973322
60.000000	0.973409
65.000000	0.972891
70.000000	0.973342
75.000000	0.973240
80.000000	0.974461
85.000000	0.975392
90.000000	0.976784
95.000000	0.977253
100.000000	0.977822
105.000000	0.978959
110.000000	0.981463
115.000000	0.982511
120.000000	0.983633
125.000000	0.985329
130.000000	0.986867
135.000000	0.988392
140.000000	0.990150
145.000000	0.991548
150.000000	0.993129
155.000000	0.995669
160.000000	0.996702
165.000000	0.998136
170.000000	0.999500
175.000000	0.999765
180.000000	0.999576
185.000000	1.000000
190.000000	0.996538
195.000000	0.994185
200.000000	0.988883
205.000000	0.980066
210.000000	0.971850
215.000000	0.953199
220.000000	0.933047
225.000000	0.912628
230.000000	0.880295
235.000000	0.842526
240.000000	0.792478
245.000000	0.750464
250.000000	0.693051
255.000000	0.627258
