255.000000	0.000000	0.000000	0.000000	0.413059	0.308405	0.387379	0.247033
250.000000	0.056048	0.084015	0.056048	0.404070	0.298999	0.380054	0.236003
245.000000	0.098328	0.177609	0.098328	0.400378	0.298353	0.381566	0.240671
240.000000	0.159011	0.229540	0.159011	0.398208	0.299708	0.380778	0.237610
235.000000	0.206731	0.206109	0.206731	0.395137	0.299306	0.380992	0.233327
230.000000	0.237610	0.462173	0.237610	0.391972	0.298376	0.387059	0.237182
225.000000	0.226118	0.289001	0.226118	0.388128	0.293763	0.386638	0.232223
220.000000	0.240602	0.286337	0.240602	0.380858	0.290025	0.385027	0.231595
215.000000	0.272465	0.487225	0.272465	0.371700	0.284705	0.392158	0.241855
210.000000	0.300989	0.532367	0.300989	0.383473	0.290435	0.402650	0.240141
205.000000	0.314825	0.550811	0.314825	0.383368	0.292908	0.404310	0.243138
200.000000	0.323201	0.536589	0.323201	0.388274	0.299789	0.408088	0.242768
195.000000	0.319869	0.551583	0.319869	0.378725	0.286343	0.402218	0.245296
190.000000	0.333936	0.440964	0.333936	0.386283	0.290966	0.405414	0.245833
185.000000	0.337977	0.325025	0.337977	0.370860	0.277354	0.393166	0.242528
180.000000	0.344111	0.178415	0.344111	0.385455	0.289487	0.392629	0.239557
175.000000	0.345427	0.425532	0.345427	0.372432	0.281780	0.397600	0.250344
170.000000	0.360743	0.509058	0.360743	0.382497	0.289754	0.405419	0.250443
165.000000	0.364544	0.566577	0.364544	0.384932	0.289919	0.403916	0.249086
160.000000	0.371582	0.656038	0.371582	0.370909	0.283051	0.413677	0.258622
155.000000	0.366582	0.599124	0.366582	0.390740	0.302409	0.405255	0.250239
150.000000	0.362771	0.460828	0.362771	0.381852	0.288306	0.394799	0.249324
145.000000	0.360924	0.751272	0.360924	0.377305	0.288712	0.400209	0.252804
140.000000	0.362702	0.657556	0.362702	0.378503	0.286906	0.397022	0.253080
135.000000	0.375558	0.689173	0.375558	0.384983	0.295427	0.404195	0.253787
130.000000	0.387338	0.213170	0.387338	0.383326	0.292017	0.380926	0.239294
125.000000	0.388268	0.170544	0.388268	0.385288	0.288686	0.386566	0.239884
120.000000	0.389711	0.185884	0.389711	0.386649	0.283814	0.383892	0.242918
115.000000	0.381904	0.233670	0.381904	0.375372	0.278495	0.385315	0.246932
110.000000	0.392490	0.315936	0.392490	0.376566	0.281818	0.384524	0.248032
105.000000	0.386450	0.463341	0.386450	0.383689	0.285925	0.395493	0.255831
100.000000	0.390909	0.581202	0.390909	0.386928	0.293318	0.396616	0.253449
95.000000	0.389876	0.672785	0.389876	0.376233	0.286722	0.403382	0.263154
90.000000	0.380650	0.599556	0.380650	0.386035	0.297485	0.398934	0.256974
85.000000	0.376369	0.485496	0.376369	0.375887	0.283022	0.394468	0.255848
80.000000	0.380834	0.450729	0.380834	0.378976	0.289032	0.401680	0.255957
75.000000	0.385650	0.470846	0.385650	0.378132	0.284989	0.391751	0.255509
70.000000	0.386672	0.523314	0.386672	0.368729	0.275717	0.396619	0.256146
65.000000	0.396518	0.559180	0.396518	0.383996	0.292363	0.397539	0.254706
60.000000	0.390163	0.631034	0.390163	0.382075	0.292138	0.397270	0.258077
55.000000	0.380116	0.733761	0.380116	0.396789	0.303710	0.390666	0.253402
50.000000	0.375106	0.818067	0.375106	0.402558	0.299737	0.395671	0.251758
45.000000	0.373562	0.637202	0.373562	0.374499	0.281203	0.394031	0.252398
40.000000	0.402450	-1.298758	0.402450	0.396002	0.228969	0.415510	0.196846
35.000000	0.403268	-2.943060	0.403268	0.390652	0.291373	0.393559	0.243122
30.000000	0.413721	-2.864839	0.413721	0.374028	0.278088	0.378216	0.235881
25.000000	0.403240	-2.907143	0.403240	0.378029	0.279719	0.388202	0.241579
20.000000	0.398949	-2.771709	0.398949	0.367222	0.270006	0.380246	0.241086
15.000000	0.392047	-2.946718	0.392047	0.383260	0.284934	0.388226	0.243178
10.000000	0.392860	-3.007822	0.392860	0.383925	0.286904	0.394295	0.248669
5.000000	0.396230	-2.990598	0.396230	0.380746	0.287881	0.394601	0.246367
0.000000	0.391552	-3.079990	0.391552	0.389877	0.294123	0.399313	0.250649
