255.000000	0.000000	0.000000	0.000000	0.430902	0.102632	0.461733	0.104154
250.000000	0.014184	-0.014184	-0.037982	0.427863	0.104286	0.470690	0.103303
245.000000	0.019725	-0.019725	-0.044610	0.430200	0.103447	0.469407	0.102753
240.000000	0.023735	-0.023735	-0.028717	0.430730	0.100333	0.471740	0.098659
235.000000	0.023056	-0.023056	-0.017295	0.433458	0.099302	0.473012	0.097421
230.000000	0.047469	-0.047469	-0.083912	0.429741	0.104751	0.478937	0.096916
225.000000	0.062660	-0.062660	-0.135886	0.431318	0.109619	0.481010	0.098334
220.000000	0.062958	-0.062958	-0.140410	0.429557	0.110395	0.477708	0.096990
215.000000	0.056730	-0.056730	-0.116614	0.432315	0.107036	0.480318	0.094173
210.000000	0.057303	-0.057303	-0.097012	0.429848	0.104353	0.480223	0.091450
205.000000	0.050413	-0.050413	-0.072992	0.429153	0.101358	0.480906	0.089440
200.000000	0.040094	-0.040094	-0.042492	0.431222	0.099037	0.480668	0.086541
195.000000	0.028374	-0.028374	-0.002522	0.430572	0.094490	0.483342	0.083822
190.000000	0.024994	-0.024994	0.011096	0.432908	0.093763	0.484228	0.082120
185.000000	0.021522	-0.021522	0.024853	0.430345	0.092374	0.481760	0.080608
180.000000	0.021039	-0.021039	0.043926	0.432077	0.089500	0.478096	0.078944
175.000000	0.038248	-0.038248	0.014569	0.431690	0.090635	0.483110	0.077366
170.000000	0.058048	-0.058048	-0.032024	0.432318	0.094475	0.484767	0.076969
165.000000	0.071030	-0.071030	-0.084709	0.430864	0.099308	0.479408	0.076745
160.000000	0.026154	-0.026154	0.027041	0.430937	0.090621	0.476665	0.073048
155.000000	0.036819	0.036819	0.222138	0.432548	0.076458	0.479377	0.076328
150.000000	0.032881	0.032881	0.247786	0.432657	0.073269	0.478018	0.075096
145.000000	0.018989	0.018989	0.186088	0.433818	0.077397	0.484928	0.072609
140.000000	0.030707	0.030707	0.288168	0.430889	0.069247	0.478357	0.074827
135.000000	0.030565	0.030565	0.285254	0.430790	0.069694	0.484081	0.073840
130.000000	0.035639	0.035639	0.324323	0.434687	0.067674	0.480632	0.074302
125.000000	0.027447	0.027447	0.280189	0.428831	0.069036	0.481846	0.070781
120.000000	0.031839	0.031839	0.368621	0.431795	0.064558	0.478417	0.074888
115.000000	0.022147	0.022147	0.380086	0.432202	0.062480	0.480793	0.073661
110.000000	0.009611	0.009611	0.291632	0.433672	0.067298	0.480113	0.068499
105.000000	0.005852	0.005852	0.272921	0.431756	0.068497	0.480142	0.066674
100.000000	0.015081	0.015081	0.318602	0.434475	0.066116	0.479511	0.069210
95.000000	0.019514	0.019514	0.338417	0.432920	0.065515	0.476404	0.069347
90.000000	0.021602	0.021602	0.353284	0.433542	0.064763	0.479083	0.070486
85.000000	0.015952	0.015952	0.322345	0.431025	0.065785	0.479102	0.066957
80.000000	0.018755	0.018755	0.311085	0.434319	0.067417	0.480205	0.067013
75.000000	0.021513	0.021513	0.321905	0.435012	0.066199	0.480528	0.066763
70.000000	0.006232	0.006232	0.273805	0.434208	0.068450	0.477978	0.063632
65.000000	0.010497	-0.010497	0.202241	0.435348	0.071980	0.482149	0.060780
60.000000	0.045522	-0.045522	0.110887	0.433587	0.076192	0.479919	0.058226
55.000000	0.062071	-0.062071	0.074829	0.431517	0.077643	0.485050	0.058588
50.000000	0.112120	-0.112120	-0.053383	0.431022	0.085473	0.484296	0.059186
45.000000	0.144780	-0.144780	-0.135873	0.434057	0.091131	0.490489	0.062877
40.000000	0.168262	-0.168262	-0.191054	0.428676	0.094219	0.487473	0.065048
35.000000	0.170298	-0.170298	-0.205507	0.434122	0.096082	0.491630	0.066869
30.000000	0.173282	-0.173282	-0.216821	0.435691	0.097261	0.491342	0.067872
25.000000	0.170212	-0.170212	-0.207003	0.434394	0.096551	0.486223	0.065964
20.000000	0.192327	-0.192327	-0.259723	0.436455	0.100081	0.491267	0.070001
15.000000	0.220017	-0.220017	-0.364569	0.432200	0.109699	0.488694	0.080193
10.000000	0.233630	-0.233630	-0.430689	0.434120	0.116334	0.489900	0.089526
5.000000	0.235949	-0.235949	-0.457173	0.433258	0.117396	0.486593	0.091947
0.000000	0.238751	-0.238751	-0.477758	0.434775	0.119721	0.484403	0.096267
