0.000000	0.882693
5.000000	0.882992
10.000000	0.881586
15.000000	0.882891
20.000000	0.881532
25.000000	0.882833
30.000000	0.882500
35.000000	0.881589
40.000000	0.882703
45.000000	0.882829
50.000000	0.881343
55.000000	0.883025
60.000000	0.883052
65.000000	0.883684
70.000000	0.882707
75.000000	0.885041
80.000000	0.885647
85.000000	0.884301
90.000000	0.886912
95.000000	0.885527
100.000000	0.888524
105.000000	0.889900
110.000000	0.891113
115.000000	0.894691
120.000000	0.897461
125.000000	0.895471
130.000000	0.901953
135.000000	0.900396
140.000000	0.908525
145.000000	0.911965
150.000000	0.917084
155.000000	0.922112
160.000000	0.929904
165.000000	0.937060
170.000000	0.944894
175.000000	0.953124
180.000000	0.960302
185.000000	0.969757
190.000000	0.977766
195.000000	0.985749
200.000000	0.992615
205.000000	1.000000
210.000000	0.999649
215.000000	0.989917
220.000000	0.974382
225.000000	0.963807
230.000000	0.921595
235.000000	0.869620
240.000000	0.809603
245.000000	0.727480
250.000000	0.646282
255.000000	0.537209
