255.000000	0.000000	0.000000	0.000000	0.391633	0.297062	0.373077	0.301378
250.000000	0.041859	-0.262566	0.041859	0.405756	0.300262	0.374358	0.297508
245.000000	0.033891	-0.176377	0.033891	0.386381	0.293779	0.376666	0.284553
240.000000	0.062311	0.394847	0.062311	0.378052	0.305271	0.408194	0.253459
235.000000	0.101110	-0.426524	0.101110	0.389447	0.304987	0.382876	0.264559
230.000000	0.123504	0.396995	0.123504	0.387014	0.311761	0.427624	0.245283
225.000000	0.143773	-0.157208	0.143773	0.386081	0.297225	0.389194	0.228556
220.000000	0.172997	-0.309277	0.172997	0.378752	0.296750	0.388081	0.232325
215.000000	0.154611	-0.283562	0.154611	0.372789	0.293192	0.387846	0.226149
210.000000	0.174242	1.315702	0.174242	0.388762	0.319240	0.363252	0.193829
205.000000	0.181008	0.226106	0.181008	0.367850	0.292562	0.398640	0.216772
200.000000	0.227060	0.503827	0.227060	0.375740	0.294114	0.420000	0.212961
195.000000	0.149032	-1.216963	0.149032	0.366250	0.265299	0.417416	0.203878
190.000000	0.227120	-2.068994	0.227120	0.396426	0.286590	0.388703	0.194464
185.000000	0.201924	-1.652756	0.201924	0.372657	0.281968	0.396373	0.214880
180.000000	0.228401	-1.778561	0.228401	0.384611	0.285053	0.404399	0.216371
175.000000	0.221421	-1.986115	0.221421	0.381111	0.281624	0.378529	0.203559
170.000000	0.215750	-1.268781	0.215750	0.373678	0.304874	0.423227	0.226545
165.000000	0.251935	-1.992087	0.251935	0.371820	0.282781	0.378258	0.205337
160.000000	0.234334	-1.567961	0.234334	0.391307	0.303846	0.410136	0.219507
155.000000	0.254433	-2.244953	0.254433	0.382235	0.295073	0.362394	0.198276
150.000000	0.265978	-2.205864	0.265978	0.382907	0.295724	0.366710	0.198218
145.000000	0.245518	-2.033688	0.245518	0.376120	0.279286	0.384771	0.202411
140.000000	0.269067	-2.259897	0.269067	0.378933	0.306447	0.371941	0.203518
135.000000	0.249376	-1.962818	0.249376	0.383415	0.285489	0.397219	0.211617
130.000000	0.257640	-2.104275	0.257640	0.375593	0.285931	0.363991	0.202964
125.000000	0.254762	-1.777505	0.254762	0.374729	0.283565	0.402537	0.221445
120.000000	0.275084	-2.169146	0.275084	0.387642	0.303197	0.382556	0.209872
115.000000	0.250316	-1.500107	0.250316	0.377632	0.299772	0.418225	0.222630
110.000000	0.276779	-1.772173	0.276779	0.371192	0.276479	0.398110	0.221246
105.000000	0.293582	-1.838707	0.293582	0.365095	0.278821	0.403157	0.221919
100.000000	0.284818	-1.997889	0.284818	0.381223	0.287590	0.377744	0.208490
95.000000	0.282137	-1.726544	0.282137	0.366987	0.280204	0.408297	0.222632
90.000000	0.281309	-1.923540	0.281309	0.377433	0.280184	0.378598	0.211253
85.000000	0.276821	-1.882572	0.276821	0.377264	0.274316	0.388619	0.214672
80.000000	0.274198	-1.781750	0.274198	0.362318	0.274153	0.400182	0.222511
75.000000	0.285099	-1.837457	0.285099	0.370661	0.277104	0.392352	0.219384
70.000000	0.276994	-1.789895	0.276994	0.369085	0.279944	0.395874	0.220868
65.000000	0.284824	-1.922570	0.284824	0.379776	0.285017	0.380506	0.213075
60.000000	0.279102	-1.814011	0.279102	0.382601	0.284542	0.385117	0.217619
55.000000	0.292853	-2.140043	0.292853	0.371017	0.287791	0.368830	0.204887
50.000000	0.277712	-1.705335	0.277712	0.382022	0.290629	0.410955	0.224136
45.000000	0.480400	-1.453080	-0.480400	0.400414	0.114629	0.371066	0.130439
40.000000	0.283845	-1.913991	0.283845	0.370830	0.277311	0.391180	0.214037
35.000000	0.274914	-1.856504	0.274914	0.384075	0.284649	0.385030	0.218812
30.000000	0.275941	-1.846992	0.275941	0.379112	0.282334	0.389948	0.219002
25.000000	0.269434	-1.894576	0.269434	0.371045	0.279522	0.381146	0.213627
20.000000	0.272621	-1.851276	0.272621	0.373183	0.276084	0.388850	0.217990
15.000000	0.284443	-1.868358	0.284443	0.374890	0.286630	0.389974	0.219621
10.000000	0.275350	-2.054258	0.275350	0.385364	0.291229	0.372751	0.208514
5.000000	0.267968	-2.089425	0.267968	0.376545	0.285165	0.374151	0.201715
0.000000	0.280493	-2.113793	0.280493	0.382911	0.306064	0.391117	0.209949
