0.000000	0.960112
5.000000	0.953283
10.000000	0.960623
15.000000	0.959429
20.000000	0.958801
25.000000	0.957906
30.000000	0.957917
35.000000	0.959970
40.000000	0.958611
45.000000	0.959163
50.000000	0.961313
55.000000	0.958087
60.000000	0.958903
65.000000	0.955197
70.000000	0.959369
75.000000	0.959010
80.000000	0.960348
85.000000	0.957697
90.000000	0.959840
95.000000	0.957198
100.000000	0.957885
105.000000	0.956741
110.000000	0.960961
115.000000	0.960896
120.000000	0.961842
125.000000	0.959858
130.000000	0.961006
135.000000	0.962529
140.000000	0.961707
145.000000	0.962659
150.000000	0.963665
155.000000	0.965140
160.000000	0.967051
165.000000	0.967933
170.000000	0.971961
175.000000	0.971611
180.000000	0.974024
185.000000	0.977410
190.000000	0.977957
195.000000	0.983331
200.000000	0.985735
205.000000	0.988405
210.000000	0.994112
215.000000	0.997489
220.000000	0.997295
225.000000	1.000000
230.000000	0.996713
235.000000	0.994723
240.000000	0.989512
245.000000	0.975313
250.000000	0.949610
255.000000	0.910937
