255.000000	0.000000	0.000000	0.000000	0.444203	0.219434	0.421408	0.199339
250.000000	0.009461	-0.009461	0.196191	0.443776	0.202950	0.418337	0.197659
245.000000	0.022829	-0.022829	0.263783	0.446711	0.194675	0.410171	0.197561
240.000000	0.027561	-0.027561	0.141246	0.444806	0.205043	0.408221	0.196928
235.000000	0.028628	-0.028628	0.004694	0.447204	0.215354	0.412726	0.194515
230.000000	0.033998	-0.033998	-0.069157	0.447249	0.221372	0.414037	0.192326
225.000000	0.038792	-0.038792	-0.039980	0.448390	0.217864	0.412617	0.190596
220.000000	0.033478	-0.033478	-0.021362	0.447661	0.216984	0.414948	0.192981
215.000000	0.034078	-0.034078	-0.039277	0.449875	0.217207	0.412175	0.190781
210.000000	0.040162	-0.040162	-0.074237	0.449293	0.220504	0.417147	0.190452
205.000000	0.036844	-0.036844	-0.082268	0.447570	0.221649	0.418017	0.190925
200.000000	0.043963	-0.043963	-0.097244	0.447011	0.221817	0.415644	0.189543
195.000000	0.053592	-0.053592	-0.138339	0.447036	0.225793	0.418332	0.188801
190.000000	0.053990	-0.053990	-0.064823	0.447014	0.218769	0.416451	0.189015
185.000000	0.071927	-0.071927	-0.191483	0.446032	0.228757	0.423916	0.188856
180.000000	0.075932	-0.075932	-0.229426	0.445184	0.231862	0.419553	0.187469
175.000000	0.069337	-0.069337	-0.270014	0.442260	0.235627	0.425512	0.189639
170.000000	0.048963	-0.048963	-0.067823	0.445085	0.220841	0.420998	0.191166
165.000000	0.034132	-0.034132	0.046335	0.441888	0.212824	0.424725	0.193505
160.000000	0.035811	-0.035811	-0.139222	0.444773	0.228055	0.428465	0.189807
155.000000	0.033941	-0.033941	-0.044927	0.441649	0.221333	0.425005	0.190394
150.000000	0.045439	-0.045439	0.037304	0.444210	0.214114	0.421251	0.192538
145.000000	0.049121	-0.049121	0.018069	0.442876	0.214961	0.418294	0.191423
140.000000	0.053892	-0.053892	0.148581	0.446990	0.202614	0.420868	0.197583
135.000000	0.062344	-0.062344	0.217635	0.453450	0.195198	0.410736	0.195742
130.000000	0.071089	-0.071089	0.429597	0.459314	0.177796	0.421759	0.196858
125.000000	0.098505	-0.098505	0.515822	0.461137	0.174750	0.418354	0.196290
120.000000	0.086777	-0.086777	0.316759	0.456374	0.185900	0.419647	0.200501
115.000000	0.078704	-0.078704	0.311736	0.453964	0.186815	0.417913	0.198173
110.000000	0.121402	-0.121402	-0.205317	0.442718	0.224939	0.430147	0.183366
105.000000	0.096001	-0.096001	-0.334817	0.443901	0.239066	0.434181	0.187633
100.000000	0.099665	-0.099665	0.065411	0.444304	0.206021	0.422980	0.188465
95.000000	0.096655	-0.096655	-0.157709	0.446870	0.224502	0.434988	0.187212
90.000000	0.134934	-0.134934	-0.319641	0.442232	0.234298	0.437344	0.185199
85.000000	0.105908	-0.105908	-0.278470	0.443222	0.234371	0.438811	0.185210
80.000000	0.168270	-0.168270	-0.607382	0.436097	0.241305	0.422763	0.186530
75.000000	0.107693	-0.107693	-0.064463	0.443340	0.216166	0.433978	0.184220
70.000000	0.115116	-0.115116	-0.078584	0.446107	0.216319	0.429330	0.183266
65.000000	0.134242	-0.134242	-0.220339	0.444461	0.227645	0.435556	0.184370
60.000000	0.120383	-0.120383	-0.165179	0.444239	0.223512	0.431619	0.183162
55.000000	0.143578	-0.143578	-0.161630	0.445257	0.221340	0.433965	0.183359
50.000000	0.128898	-0.128898	-0.114497	0.445858	0.217787	0.431167	0.183545
45.000000	0.117977	-0.117977	-0.087399	0.444338	0.216354	0.426201	0.182799
40.000000	0.117852	-0.117852	-0.023385	0.443628	0.212040	0.430340	0.185004
35.000000	0.125558	-0.125558	0.016531	0.448643	0.206439	0.424354	0.184185
30.000000	0.154041	-0.154041	-0.189785	0.447489	0.221596	0.428175	0.181359
25.000000	0.150193	-0.150193	-0.252329	0.446777	0.228146	0.433672	0.181942
20.000000	0.159129	-0.159129	-0.293684	0.443873	0.230078	0.432709	0.182034
15.000000	0.146620	-0.146620	-0.269098	0.446294	0.228860	0.434558	0.182866
10.000000	0.140856	-0.140856	-0.272234	0.445118	0.229823	0.427948	0.181380
5.000000	0.143161	-0.143161	-0.289171	0.447533	0.231968	0.430877	0.180902
0.000000	0.171259	-0.171259	-0.520640	0.440677	0.240428	0.432498	0.188429
