0.000000	0.888801
5.000000	0.888872
10.000000	0.888368
15.000000	0.888604
20.000000	0.888699
25.000000	0.888668
30.000000	0.886296
35.000000	0.888404
40.000000	0.888025
45.000000	0.886666
50.000000	0.888153
55.000000	0.888906
60.000000	0.888343
65.000000	0.889074
70.000000	0.888630
75.000000	0.889668
80.000000	0.890168
85.000000	0.892538
90.000000	0.892635
95.000000	0.895941
100.000000	0.896072
105.000000	0.900161
110.000000	0.904098
115.000000	0.906113
120.000000	0.908285
125.000000	0.912638
130.000000	0.916228
135.000000	0.920831
140.000000	0.926988
145.000000	0.930851
150.000000	0.937756
155.000000	0.946548
160.000000	0.950837
165.000000	0.959419
170.000000	0.968075
175.000000	0.972980
180.000000	0.982695
185.000000	0.990319
190.000000	0.995489
195.000000	0.998709
200.000000	0.996994
205.000000	1.000000
210.000000	0.986451
215.000000	0.961862
220.000000	0.929529
225.000000	0.894177
230.000000	0.843232
235.000000	0.752306
240.000000	0.675918
245.000000	0.577014
250.000000	0.464349
255.000000	0.353628
