0.000000	0.880334
5.000000	0.880908
10.000000	0.881007
15.000000	0.879200
20.000000	0.880435
25.000000	0.879811
30.000000	0.878348
35.000000	0.879369
40.000000	0.879888
45.000000	0.879971
50.000000	0.880220
55.000000	0.880294
60.000000	0.879530
65.000000	0.880573
70.000000	0.880568
75.000000	0.878833
80.000000	0.880180
85.000000	0.881319
90.000000	0.882707
95.000000	0.884169
100.000000	0.885292
105.000000	0.884550
110.000000	0.888546
115.000000	0.889746
120.000000	0.892265
125.000000	0.891776
130.000000	0.895508
135.000000	0.898875
140.000000	0.903578
145.000000	0.907427
150.000000	0.910090
155.000000	0.917926
160.000000	0.923660
165.000000	0.930484
170.000000	0.938581
175.000000	0.945736
180.000000	0.956417
185.000000	0.964337
190.000000	0.973368
195.000000	0.982483
200.000000	0.989806
205.000000	0.998645
210.000000	1.000000
215.000000	0.996143
220.000000	0.986782
225.000000	0.971284
230.000000	0.937282
235.000000	0.902406
240.000000	0.832976
245.000000	0.774974
250.000000	0.681238
255.000000	0.590138
