0.000000	0.695444
5.000000	0.695195
10.000000	0.694901
15.000000	0.695082
20.000000	0.695784
25.000000	0.695317
30.000000	0.695401
35.000000	0.695140
40.000000	0.696193
45.000000	0.695433
50.000000	0.695545
55.000000	0.695341
60.000000	0.694757
65.000000	0.695223
70.000000	0.695186
75.000000	0.695218
80.000000	0.695568
85.000000	0.695263
90.000000	0.695173
95.000000	0.694901
100.000000	0.694535
105.000000	0.694606
110.000000	0.694371
115.000000	0.692994
120.000000	0.692168
125.000000	0.691642
130.000000	0.692313
135.000000	0.690190
140.000000	0.690150
145.000000	0.687930
150.000000	0.685439
155.000000	0.681887
160.000000	0.680699
165.000000	0.676895
170.000000	0.673578
175.000000	0.668368
180.000000	0.661778
185.000000	0.654830
190.000000	0.649096
195.000000	0.642148
200.000000	0.632530
205.000000	0.626799
210.000000	0.619971
215.000000	0.617352
220.000000	0.617056
225.000000	0.625915
230.000000	0.638726
235.000000	0.668597
240.000000	0.722638
245.000000	0.781485
250.000000	0.875535
255.000000	1.000000
