255.000000	0.000000	0.000000	0.000000	0.359055	0.200126	0.411445	0.218939
250.000000	0.004307	-0.004307	-0.073875	0.358594	0.199265	0.410790	0.220135
245.000000	0.025444	-0.025444	-0.415601	0.368786	0.194767	0.440895	0.231924
240.000000	0.018643	-0.018643	-0.263169	0.361888	0.196639	0.423771	0.227392
235.000000	0.042319	-0.042319	-0.456105	0.358383	0.190562	0.436444	0.230783
230.000000	0.032966	-0.032966	-0.402104	0.363781	0.193406	0.436284	0.232979
225.000000	0.023301	-0.023301	-0.308663	0.360069	0.194615	0.419825	0.226424
220.000000	0.022025	-0.022025	-0.149346	0.352126	0.197571	0.416481	0.223110
215.000000	0.017695	-0.017695	0.013298	0.346487	0.205004	0.408826	0.221395
210.000000	0.012365	-0.012365	0.119158	0.356873	0.204601	0.402618	0.223406
205.000000	0.008005	-0.008005	0.200181	0.360067	0.204361	0.403745	0.220637
200.000000	0.001135	-0.001135	0.155952	0.359509	0.205853	0.400035	0.219068
195.000000	0.003846	-0.003846	0.057617	0.357397	0.207399	0.398780	0.220737
190.000000	0.017815	-0.017815	-0.200984	0.358174	0.197856	0.411044	0.219478
185.000000	0.028760	-0.028760	-0.164851	0.353486	0.198027	0.413135	0.222063
180.000000	0.023166	-0.023166	-0.258254	0.361316	0.197267	0.418625	0.223708
175.000000	0.016749	-0.016749	-0.141898	0.352376	0.198021	0.415499	0.222318
170.000000	0.016067	-0.016067	-0.100124	0.349865	0.202562	0.409943	0.220456
165.000000	0.016798	-0.016798	-0.002070	0.348923	0.205700	0.401664	0.218868
160.000000	0.016283	-0.016283	-0.017172	0.349953	0.206721	0.400103	0.217527
155.000000	0.014863	-0.014863	0.149352	0.358573	0.205906	0.399410	0.219294
150.000000	0.010270	-0.010270	0.170296	0.358682	0.202923	0.400496	0.217991
145.000000	0.005320	-0.005320	0.145309	0.359541	0.204868	0.400544	0.219085
140.000000	0.009152	0.009152	0.194561	0.358951	0.201181	0.401847	0.216871
135.000000	0.026846	0.026846	0.005118	0.347825	0.206845	0.397693	0.219038
130.000000	0.033291	0.033291	0.019826	0.351476	0.206505	0.399961	0.221770
125.000000	0.031884	0.031884	-0.161159	0.355142	0.196342	0.409834	0.221697
120.000000	0.010449	0.010449	-0.279878	0.358080	0.191670	0.429560	0.230525
115.000000	0.014611	-0.014611	-0.293556	0.363655	0.194791	0.431959	0.234125
110.000000	0.017335	-0.017335	-0.369988	0.365362	0.193748	0.443976	0.244502
105.000000	0.009333	0.009333	-0.438035	0.378322	0.197430	0.439531	0.244691
100.000000	0.058301	0.058301	-0.418281	0.380519	0.197363	0.445704	0.248488
95.000000	0.119357	0.119357	-0.475449	0.391907	0.198787	0.437813	0.244277
90.000000	0.198169	0.198169	-0.546236	0.390460	0.193250	0.427765	0.241443
85.000000	0.291506	0.291506	-0.506652	0.379602	0.187308	0.431303	0.236985
80.000000	0.408008	0.408008	-0.436534	0.374799	0.181349	0.439170	0.245974
75.000000	0.523515	0.523515	-0.311247	0.374546	0.177767	0.427675	0.246976
70.000000	0.628306	0.628306	-0.292832	0.366375	0.176100	0.396713	0.230056
65.000000	0.709149	0.709149	-0.243666	0.363537	0.175500	0.394806	0.228718
60.000000	0.728891	0.728891	0.083137	0.370938	0.153873	0.394028	0.219244
55.000000	0.817015	0.817015	-0.086606	0.367658	0.167548	0.391191	0.220353
50.000000	0.849363	0.849363	0.019689	0.372328	0.162390	0.406770	0.226322
45.000000	0.885383	0.885383	-0.082211	0.358923	0.168052	0.395946	0.224021
40.000000	0.898856	0.898856	0.076068	0.368310	0.159717	0.409979	0.231662
35.000000	0.920724	0.920724	0.072775	0.367642	0.162168	0.417562	0.238686
30.000000	0.958841	0.958841	0.074175	0.369568	0.164628	0.406396	0.235631
25.000000	0.961116	0.961116	0.183757	0.361674	0.154361	0.415760	0.243416
20.000000	0.965374	0.965374	0.331090	0.358054	0.144929	0.403739	0.239405
15.000000	0.972810	0.972810	0.288449	0.357698	0.148186	0.395754	0.235442
10.000000	0.974947	0.974947	0.305087	0.351733	0.145311	0.400155	0.237829
5.000000	0.997074	0.997074	0.100275	0.368102	0.166622	0.410148	0.245004
0.000000	0.987525	0.987525	0.164905	0.359702	0.156368	0.410888	0.246696
