255.000000	0.000000	0.000000	0.000000	0.398612	0.135503	0.385527	0.058524
250.000000	0.030248	0.046287	0.014210	0.397572	0.135157	0.388475	0.058805
245.000000	0.041271	0.026257	-0.108800	0.389465	0.135649	0.380886	0.067842
240.000000	0.090064	0.043882	-0.224009	0.380656	0.131293	0.375284	0.078862
235.000000	0.099416	0.017995	-0.216828	0.383001	0.133268	0.376005	0.078538
230.000000	0.040555	-0.012713	-0.068397	0.399185	0.136772	0.384393	0.061040
225.000000	0.055333	-0.030454	-0.080211	0.403440	0.137216	0.383642	0.061918
220.000000	0.079320	-0.023974	-0.134665	0.397317	0.137258	0.379630	0.066863
215.000000	0.099994	-0.029946	-0.170041	0.397740	0.136242	0.374443	0.069342
210.000000	0.032626	-0.016659	0.081911	0.398812	0.130103	0.389596	0.049309
205.000000	0.109044	0.016232	0.201855	0.397271	0.125419	0.392135	0.045918
200.000000	0.130578	0.070391	0.190764	0.396405	0.128260	0.394918	0.051026
195.000000	0.059922	0.042537	0.077307	0.399907	0.134458	0.388655	0.055326
190.000000	0.196557	0.112684	0.280431	0.395357	0.125190	0.396609	0.052830
185.000000	0.369722	0.146949	0.592496	0.391378	0.108848	0.392284	0.061749
180.000000	0.389654	0.137596	0.641712	0.392184	0.106663	0.386146	0.065302
175.000000	0.404833	0.136569	0.673097	0.397702	0.105895	0.383880	0.068634
170.000000	0.442446	0.089955	0.794937	0.398818	0.097622	0.380600	0.074531
165.000000	0.447166	0.063880	0.830451	0.394935	0.095213	0.376607	0.076049
160.000000	0.426635	0.116575	0.736695	0.394138	0.101464	0.380617	0.071141
155.000000	0.462110	0.045940	0.878280	0.392163	0.092285	0.370546	0.076577
150.000000	0.477047	-0.016129	0.970224	0.389314	0.090045	0.365511	0.078972
145.000000	0.467913	0.007068	0.928759	0.396209	0.091457	0.375192	0.075035
140.000000	0.440333	0.078993	0.801673	0.398045	0.097379	0.388826	0.068253
135.000000	0.357509	0.146464	0.568554	0.390939	0.111086	0.390002	0.056581
130.000000	0.357660	0.130669	0.584651	0.387236	0.108836	0.398582	0.057344
125.000000	0.239520	0.089992	0.389048	0.394098	0.116580	0.398334	0.048963
120.000000	0.356768	0.105606	0.607929	0.395040	0.105974	0.400074	0.057075
115.000000	0.273775	0.108804	0.438746	0.394929	0.113902	0.399563	0.052561
110.000000	0.217386	0.106513	0.328259	0.390647	0.119088	0.398256	0.049860
105.000000	0.228666	0.087585	0.369747	0.395223	0.115310	0.399483	0.047647
100.000000	0.276883	0.087526	0.466241	0.397523	0.109510	0.405822	0.046190
95.000000	0.224531	0.048686	0.400375	0.402965	0.112456	0.393871	0.038952
90.000000	0.105253	-0.081324	-0.129183	0.412706	0.135577	0.371992	0.053894
85.000000	0.236603	-0.106186	-0.367020	0.398901	0.133200	0.385897	0.074333
80.000000	0.281723	-0.141234	-0.422212	0.405551	0.129817	0.375078	0.068717
75.000000	0.311782	-0.159216	-0.464348	0.413907	0.129533	0.371659	0.068058
70.000000	0.349518	-0.242418	-0.456617	0.416451	0.135762	0.374842	0.066355
65.000000	0.410633	-0.427440	-0.393826	0.406357	0.127202	0.356778	0.051733
60.000000	0.438874	-0.465344	-0.412404	0.399835	0.125539	0.359170	0.056959
55.000000	0.430056	-0.374698	-0.485414	0.420180	0.136198	0.376026	0.073483
50.000000	0.424627	-0.370550	-0.478703	0.418620	0.137129	0.375987	0.073088
45.000000	0.443054	-0.469905	-0.416204	0.409688	0.128820	0.362894	0.058878
40.000000	0.505209	-0.613392	-0.397026	0.396356	0.117840	0.369023	0.042829
35.000000	0.858460	-1.128874	-0.588046	0.361498	0.093750	0.383184	0.025458
30.000000	0.501610	-0.591748	-0.411472	0.402390	0.119184	0.368762	0.039928
25.000000	0.762068	-0.970176	-0.553960	0.380520	0.101932	0.381292	0.022659
20.000000	0.657021	-0.831690	-0.482353	0.398478	0.109852	0.381804	0.022279
15.000000	1.005062	-1.314796	-0.695329	0.365350	0.091463	0.391633	0.027470
10.000000	1.142751	-1.586889	-0.698614	0.360415	0.082122	0.404148	0.046927
5.000000	1.187271	-1.745862	-0.628679	0.365398	0.082164	0.413479	0.066450
0.000000	1.084860	-1.509036	-0.660685	0.360198	0.082970	0.394303	0.037118
