0.000000	0.711122
5.000000	0.710383
10.000000	0.710454
15.000000	0.710562
20.000000	0.711079
25.000000	0.710309
30.000000	0.711038
35.000000	0.711166
40.000000	0.710724
45.000000	0.710637
50.000000	0.711046
55.000000	0.710741
60.000000	0.710213
65.000000	0.710316
70.000000	0.710116
75.000000	0.710727
80.000000	0.710982
85.000000	0.710789
90.000000	0.711256
95.000000	0.710494
100.000000	0.710453
105.000000	0.711113
110.000000	0.710481
115.000000	0.709976
120.000000	0.710037
125.000000	0.709511
130.000000	0.709311
135.000000	0.709295
140.000000	0.708103
145.000000	0.708853
150.000000	0.706805
155.000000	0.704403
160.000000	0.703553
165.000000	0.702409
170.000000	0.698275
175.000000	0.696242
180.000000	0.691492
185.000000	0.688291
190.000000	0.685241
195.000000	0.677698
200.000000	0.672434
205.000000	0.667723
210.000000	0.661222
215.000000	0.659946
220.000000	0.661739
225.000000	0.665440
230.000000	0.685345
235.000000	0.707130
240.000000	0.753025
245.000000	0.800711
250.000000	0.883097
255.000000	1.000000
