0.000000	0.442564
5.000000	0.445947
10.000000	0.450331
15.000000	0.457985
20.000000	0.467669
25.000000	0.479022
30.000000	0.492448
35.000000	0.509344
40.000000	0.519040
45.000000	0.531200
50.000000	0.540516
55.000000	0.545119
60.000000	0.543748
65.000000	0.537024
70.000000	0.536516
75.000000	0.543978
80.000000	0.568659
85.000000	0.611039
90.000000	0.678516
95.000000	0.756449
100.000000	0.816473
105.000000	0.880171
110.000000	0.919292
115.000000	0.935072
120.000000	0.951814
125.000000	0.966191
130.000000	0.977946
135.000000	0.984386
140.000000	0.990344
145.000000	0.992563
150.000000	0.993731
155.000000	0.995702
160.000000	0.995849
165.000000	0.995102
170.000000	0.995784
175.000000	0.996842
180.000000	0.996744
185.000000	0.997591
190.000000	0.998168
195.000000	0.998303
200.000000	0.998474
205.000000	0.998829
210.000000	0.998683
215.000000	0.999166
220.000000	0.999299
225.000000	0.997989
230.000000	0.998490
235.000000	0.999912
240.000000	1.000000
245.000000	0.999552
250.000000	0.999718
255.000000	0.999335
