255.000000	0.000000	0.000000	0.000000	0.414402	0.084231	0.454243	0.080247
250.000000	0.003503	-0.007933	0.000928	0.413615	0.081341	0.456674	0.078837
245.000000	0.000068	-0.011865	0.011730	0.414408	0.079819	0.457936	0.076716
240.000000	0.109756	-0.039895	0.259406	0.421337	0.077721	0.468153	0.058301
235.000000	0.138393	-0.028548	0.305335	0.422618	0.077630	0.471890	0.054940
230.000000	0.154482	-0.026646	0.335610	0.420545	0.077206	0.473610	0.051943
225.000000	0.249833	-0.000471	0.500138	0.423226	0.081576	0.472966	0.046099
220.000000	0.349806	0.032882	0.666730	0.415546	0.086068	0.477539	0.043610
215.000000	0.333718	0.038820	0.628616	0.422902	0.085731	0.490163	0.043654
210.000000	0.514792	0.132445	0.897139	0.421164	0.098717	0.489059	0.052112
205.000000	0.136161	-0.038200	0.310522	0.424274	0.068508	0.475736	0.038460
200.000000	0.595552	0.167903	1.023200	0.422068	0.114092	0.485514	0.065734
195.000000	0.585969	0.173974	0.997964	0.417847	0.106468	0.475279	0.055912
190.000000	0.611246	0.187743	1.034749	0.424376	0.107967	0.478756	0.059635
185.000000	0.637786	0.211027	1.064546	0.421892	0.100844	0.472665	0.052668
180.000000	0.550674	0.183865	0.917484	0.419046	0.084723	0.477867	0.034495
175.000000	0.715618	0.274066	1.157170	0.418096	0.087804	0.477668	0.041591
170.000000	0.708905	0.280936	1.136875	0.416878	0.085814	0.473513	0.042776
165.000000	0.785508	0.378213	1.192803	0.419294	0.066481	0.478679	0.024309
160.000000	0.803028	0.324154	1.281903	0.418945	0.084118	0.475919	0.048268
155.000000	0.851137	0.349667	1.352607	0.419005	0.078970	0.476774	0.047037
150.000000	0.917889	0.396711	1.439067	0.418253	0.068305	0.477634	0.044830
145.000000	1.004634	0.529122	1.480145	0.418266	0.051892	0.477558	0.030716
140.000000	1.107514	0.699973	1.515054	0.417262	0.045041	0.480522	0.018006
135.000000	1.110343	0.727764	1.492922	0.419808	0.044001	0.478865	0.016793
130.000000	1.079584	0.710770	1.448398	0.417287	0.040619	0.477787	0.020463
125.000000	0.890113	0.474340	1.305885	0.414265	0.059230	0.477414	0.032200
120.000000	0.893594	0.416588	1.370601	0.415533	0.067908	0.476986	0.045777
115.000000	0.855267	0.347513	1.363021	0.414614	0.084166	0.471945	0.060348
110.000000	0.839125	0.363625	1.314625	0.412853	0.079830	0.475338	0.053501
105.000000	0.874246	0.375530	1.372962	0.413840	0.075524	0.475166	0.056322
100.000000	0.872866	0.416337	1.329396	0.414843	0.068594	0.475472	0.047148
95.000000	0.907328	0.438433	1.376224	0.415667	0.062055	0.476148	0.046313
90.000000	0.882821	0.356048	1.409593	0.415619	0.081587	0.473200	0.064995
85.000000	0.924159	0.361138	1.487179	0.415974	0.075691	0.471937	0.067540
80.000000	0.938980	0.360561	1.517399	0.416470	0.072093	0.471663	0.068061
75.000000	0.971276	0.384512	1.558039	0.417778	0.063502	0.472196	0.063214
70.000000	0.941421	0.311736	1.571106	0.416918	0.084223	0.464580	0.082260
65.000000	0.948007	0.309395	1.586620	0.417591	0.082433	0.462754	0.084041
60.000000	0.982514	0.348124	1.616905	0.421244	0.063631	0.467180	0.070245
55.000000	0.996365	0.373098	1.619631	0.422278	0.058884	0.467976	0.065320
50.000000	1.031547	0.409329	1.653765	0.421814	0.048249	0.469267	0.059323
45.000000	1.083126	0.521024	1.645227	0.420593	0.033892	0.474685	0.045712
40.000000	1.118810	0.570520	1.667100	0.421321	0.027492	0.475543	0.043195
35.000000	1.131261	0.609539	1.652982	0.421812	0.024791	0.476456	0.040640
30.000000	1.316133	1.161462	1.470804	0.422211	0.007846	0.474890	0.038337
25.000000	1.468977	1.711743	1.226210	0.420794	0.024039	0.480075	0.043012
20.000000	1.476786	1.741695	1.211876	0.420896	0.028159	0.478086	0.043565
15.000000	1.475944	1.753533	1.198354	0.422652	0.029330	0.481207	0.044901
10.000000	1.459471	1.747274	1.171668	0.423638	0.030022	0.480944	0.043354
5.000000	1.253933	1.098926	1.408940	0.421751	0.007775	0.474571	0.038737
0.000000	1.051188	0.450312	1.652063	0.422775	0.037815	0.474205	0.053875
