0.000000	0.963937
5.000000	0.966223
10.000000	0.967811
15.000000	0.968863
20.000000	0.970256
25.000000	0.972212
30.000000	0.975271
35.000000	0.977228
40.000000	0.983465
45.000000	0.990020
50.000000	0.997918
55.000000	1.000000
60.000000	0.996513
65.000000	0.984338
70.000000	0.954320
75.000000	0.902328
80.000000	0.827009
85.000000	0.738635
90.000000	0.648332
95.000000	0.572525
100.000000	0.519732
105.000000	0.504581
110.000000	0.469408
115.000000	0.448628
120.000000	0.437080
125.000000	0.429788
130.000000	0.427031
135.000000	0.424073
140.000000	0.426669
145.000000	0.426611
150.000000	0.422822
155.000000	0.419314
160.000000	0.414155
165.000000	0.410983
170.000000	0.412196
175.000000	0.408462
180.000000	0.417225
185.000000	0.421074
190.000000	0.418954
195.000000	0.416645
200.000000	0.413965
205.000000	0.411998
210.000000	0.410756
215.000000	0.410610
220.000000	0.411712
225.000000	0.412787
230.000000	0.412654
235.000000	0.412947
240.000000	0.412928
245.000000	0.412419
250.000000	0.412894
255.000000	0.412640
