255.000000	0.000000	0.000000	0.000000	0.501348	0.159217	0.594942	0.177777
250.000000	0.006713	-0.006713	-0.146265	0.504825	0.158792	0.582790	0.174163
245.000000	0.027644	-0.027644	-0.281861	0.502998	0.159696	0.565041	0.171048
240.000000	0.031103	-0.031103	-0.313821	0.507851	0.158980	0.550255	0.169032
235.000000	0.023635	-0.023635	-0.343254	0.502983	0.160110	0.537580	0.164100
230.000000	0.027211	-0.027211	-0.303580	0.508429	0.158738	0.522941	0.162185
225.000000	0.050745	-0.050745	-0.137694	0.510779	0.157272	0.505865	0.161333
220.000000	0.061006	-0.061006	-0.347713	0.510386	0.158954	0.508288	0.157947
215.000000	0.046917	-0.046917	-0.411385	0.504613	0.160247	0.509669	0.155621
210.000000	0.065795	-0.065795	-0.610893	0.500740	0.164559	0.515321	0.152474
205.000000	0.071351	-0.071351	-0.808224	0.497519	0.168732	0.516837	0.149811
200.000000	0.040424	-0.040424	-1.170981	0.501532	0.173162	0.511620	0.148166
195.000000	0.043011	-0.043011	-0.908893	0.497651	0.169678	0.513888	0.149401
190.000000	0.048373	-0.048373	-1.086418	0.491188	0.155107	0.505475	0.132291
185.000000	0.069692	-0.069692	-1.309448	0.495885	0.172892	0.521241	0.142356
180.000000	0.056979	-0.056979	-0.933335	0.501805	0.170320	0.508556	0.150617
175.000000	0.021124	-0.021124	-1.074489	0.496274	0.173654	0.504632	0.150595
170.000000	0.048145	-0.048145	-1.275340	0.490976	0.179521	0.520281	0.143895
165.000000	0.100375	-0.100375	-0.941665	0.497815	0.171119	0.515486	0.147814
160.000000	0.075743	-0.075743	-0.810096	0.500175	0.167728	0.516558	0.147260
155.000000	0.112627	-0.112627	-0.929297	0.501485	0.170524	0.522233	0.146358
150.000000	0.179214	-0.179214	-1.525105	0.506682	0.181327	0.523601	0.139049
145.000000	0.164441	-0.164441	-1.607102	0.498254	0.186616	0.521719	0.139640
140.000000	0.066549	-0.066549	-1.216225	0.508165	0.173923	0.519924	0.145234
135.000000	0.122319	-0.122319	-2.326726	0.513769	0.171116	0.494783	0.154609
130.000000	0.018444	0.018444	-1.720063	0.491347	0.184735	0.526889	0.137080
125.000000	0.056672	-0.056672	-2.167339	0.501145	0.175515	0.510989	0.145565
120.000000	0.118064	-0.118064	-1.645508	0.494071	0.184358	0.521493	0.139810
115.000000	0.202909	-0.202909	-1.344099	0.513776	0.176154	0.518677	0.140733
110.000000	0.138268	-0.138268	-1.501680	0.494470	0.182182	0.524473	0.137132
105.000000	0.100089	-0.100089	-1.619275	0.492206	0.184373	0.525680	0.138966
100.000000	0.084912	-0.084912	-1.366410	0.498667	0.175684	0.521260	0.142434
95.000000	0.093154	-0.093154	-1.052681	0.509092	0.169025	0.516633	0.148304
90.000000	0.139444	-0.139444	-1.687996	0.496202	0.183789	0.521249	0.139284
85.000000	0.109925	-0.109925	-1.641797	0.497773	0.184019	0.524235	0.139250
80.000000	0.101136	-0.101136	-1.366598	0.498974	0.180331	0.525070	0.142331
75.000000	0.087409	-0.087409	-1.169624	0.510170	0.172961	0.525091	0.145375
70.000000	0.087357	-0.087357	-1.107791	0.502528	0.172605	0.522639	0.146220
65.000000	0.102192	-0.102192	-0.491014	0.503512	0.160331	0.511520	0.148315
60.000000	0.107351	-0.107351	-0.556496	0.517652	0.157466	0.510758	0.149138
55.000000	0.089682	-0.089682	-0.408430	0.508032	0.159427	0.505894	0.149350
50.000000	0.116791	-0.116791	-0.329792	0.514332	0.156864	0.503799	0.150477
45.000000	0.123832	-0.123832	-1.499321	0.492301	0.162232	0.515084	0.125126
40.000000	0.134563	-0.134563	-0.462123	0.515518	0.154726	0.507212	0.146439
35.000000	0.103879	-0.103879	-0.831784	0.499568	0.168299	0.521111	0.147793
30.000000	0.027822	-0.027822	-1.050315	0.499124	0.171783	0.519008	0.147338
25.000000	0.069038	-0.069038	-0.982928	0.498017	0.169090	0.518445	0.147074
20.000000	0.076989	-0.076989	-1.463620	0.501437	0.179701	0.531009	0.139274
15.000000	0.090807	-0.090807	-1.315482	0.506889	0.175655	0.525798	0.142087
10.000000	0.087666	-0.087666	-1.103591	0.500067	0.173442	0.519155	0.146968
5.000000	0.101717	-0.101717	-1.330883	0.505156	0.176604	0.528021	0.142102
0.000000	0.096856	-0.096856	-1.195994	0.503084	0.174672	0.523387	0.144689
