255.000000	0.000000	0.000000	0.000000	0.379399	0.157303	0.375906	0.163472
250.000000	0.026503	-0.026503	-0.951934	0.429369	0.189947	0.422803	0.166098
245.000000	0.010951	0.010951	-0.801564	0.411264	0.184605	0.401775	0.154040
240.000000	0.034746	0.034746	-1.008818	0.425089	0.192334	0.430236	0.154134
235.000000	0.005542	0.005542	-1.038641	0.413365	0.189106	0.432381	0.153359
230.000000	0.082183	0.082183	-1.187881	0.426093	0.190458	0.448985	0.150637
225.000000	0.108484	0.108484	-1.021348	0.434897	0.191994	0.440777	0.149074
220.000000	0.086168	0.086168	-0.697894	0.408182	0.175477	0.428451	0.149615
215.000000	0.144389	0.144389	-0.595347	0.388623	0.177122	0.413073	0.153783
210.000000	0.038710	0.038710	-0.506182	0.385228	0.170202	0.418069	0.145063
205.000000	0.069011	0.069011	-0.632483	0.396050	0.178190	0.429317	0.148585
200.000000	0.139919	0.139919	-0.357226	0.384847	0.169599	0.401463	0.159346
195.000000	0.261847	0.261847	-0.346515	0.380399	0.170988	0.405760	0.157216
190.000000	0.238946	0.238946	-0.634048	0.410719	0.175642	0.421045	0.150720
185.000000	0.197618	0.197618	-1.241214	0.397644	0.188177	0.457849	0.148830
180.000000	0.151511	0.151511	-1.336144	0.402270	0.192928	0.458460	0.149286
175.000000	0.136186	0.136186	-1.297785	0.394758	0.189550	0.460084	0.149940
170.000000	0.136048	0.136048	-0.580797	0.404053	0.179719	0.412230	0.149254
165.000000	0.151727	0.151727	-0.503246	0.393219	0.176104	0.399189	0.153194
160.000000	0.134479	0.134479	-1.281743	0.394763	0.188182	0.458717	0.150136
155.000000	0.232779	0.232779	-0.381453	0.379432	0.164208	0.391457	0.154242
150.000000	0.229310	0.229310	0.242972	0.359134	0.152733	0.422546	0.148823
145.000000	0.105983	0.105983	-0.713350	0.417862	0.185109	0.420778	0.145430
140.000000	0.097822	0.097822	-1.072482	0.408026	0.186442	0.442469	0.145304
135.000000	0.103724	0.103724	-0.858677	0.430149	0.194676	0.427881	0.143222
130.000000	0.166383	0.166383	-0.736719	0.423026	0.190503	0.413143	0.144460
125.000000	0.194566	0.194566	-0.397832	0.400102	0.178941	0.408190	0.148051
120.000000	0.136358	0.136358	0.243830	0.388860	0.154181	0.431748	0.149704
115.000000	0.294229	0.294229	0.856580	0.362451	0.145273	0.433661	0.147629
110.000000	0.155712	0.155712	0.027851	0.375826	0.153907	0.418495	0.149077
105.000000	0.243667	0.243667	-0.174220	0.381174	0.171173	0.405139	0.148773
100.000000	0.237637	0.237637	-0.466367	0.398769	0.172861	0.391729	0.151221
95.000000	0.218111	0.218111	-0.327780	0.371877	0.166657	0.395601	0.150486
90.000000	0.291141	0.291141	0.157326	0.372269	0.154797	0.436351	0.151328
85.000000	0.090859	0.090859	0.798099	0.392359	0.144272	0.456830	0.148682
80.000000	0.280913	0.280913	1.157550	0.404388	0.153685	0.425010	0.150356
75.000000	0.125069	0.125069	1.522320	0.421030	0.160489	0.427123	0.151108
70.000000	0.196268	0.196268	1.232919	0.421850	0.155196	0.426834	0.149782
65.000000	0.194253	0.194253	1.107335	0.407289	0.156224	0.439019	0.152644
60.000000	0.126493	0.126493	1.788422	0.409825	0.164414	0.401343	0.149257
55.000000	0.185884	0.185884	0.647099	0.387116	0.154646	0.463752	0.155028
50.000000	0.165169	0.165169	0.740145	0.372057	0.153837	0.460107	0.153780
45.000000	0.232910	0.232910	1.043940	0.393672	0.151617	0.428483	0.148241
40.000000	0.021667	0.021667	1.682369	0.398979	0.163893	0.414996	0.151495
35.000000	0.196819	0.196819	1.269384	0.416801	0.154406	0.422973	0.147705
30.000000	0.177735	0.177735	1.489191	0.422510	0.161522	0.414262	0.150085
25.000000	0.036451	0.036451	1.363522	0.428248	0.161634	0.417348	0.149133
20.000000	0.116065	0.116065	1.237124	0.430619	0.162417	0.425887	0.151339
15.000000	0.230020	0.230020	0.903691	0.385007	0.152299	0.438187	0.151517
10.000000	0.200314	0.200314	0.292613	0.371740	0.150164	0.432740	0.154958
5.000000	0.211871	0.211871	0.422972	0.363339	0.149689	0.436934	0.156453
0.000000	0.210010	0.210010	0.330315	0.376778	0.149085	0.440310	0.157323
