0.000000	0.980769
5.000000	0.980728
10.000000	0.981021
15.000000	0.980921
20.000000	0.980331
25.000000	0.980124
30.000000	0.981486
35.000000	0.980386
40.000000	0.981089
45.000000	0.980841
50.000000	0.978831
55.000000	0.979932
60.000000	0.979609
65.000000	0.979568
70.000000	0.979884
75.000000	0.979631
80.000000	0.980576
85.000000	0.980819
90.000000	0.979409
95.000000	0.985056
100.000000	0.979140
105.000000	0.980520
110.000000	0.980063
115.000000	0.979801
120.000000	0.979213
125.000000	0.978443
130.000000	0.977689
135.000000	0.977020
140.000000	0.976355
145.000000	0.975349
150.000000	0.974502
155.000000	0.973380
160.000000	0.973064
165.000000	0.972676
170.000000	0.972983
175.000000	0.971993
180.000000	0.972359
185.000000	0.972474
190.000000	0.974435
195.000000	0.974156
200.000000	0.976923
205.000000	0.979066
210.000000	0.981568
215.000000	0.984911
220.000000	0.987884
225.000000	0.991576
230.000000	0.994350
235.000000	0.997195
240.000000	0.999244
245.000000	1.000000
250.000000	0.996010
255.000000	0.988276
