0.000000	0.778286
5.000000	0.776296
10.000000	0.778468
15.000000	0.778046
20.000000	0.777564
25.000000	0.778111
30.000000	0.778630
35.000000	0.777445
40.000000	0.777134
45.000000	0.778809
50.000000	0.778154
55.000000	0.776568
60.000000	0.777405
65.000000	0.778431
70.000000	0.777674
75.000000	0.777481
80.000000	0.780779
85.000000	0.781049
90.000000	0.780687
95.000000	0.784546
100.000000	0.784390
105.000000	0.787967
110.000000	0.792127
115.000000	0.797223
120.000000	0.797187
125.000000	0.805043
130.000000	0.805538
135.000000	0.812790
140.000000	0.821386
145.000000	0.826594
150.000000	0.832021
155.000000	0.845823
160.000000	0.856821
165.000000	0.865594
170.000000	0.882236
175.000000	0.897028
180.000000	0.910806
185.000000	0.930285
190.000000	0.947881
195.000000	0.961095
200.000000	0.975581
205.000000	0.992291
210.000000	0.991714
215.000000	1.000000
220.000000	0.980174
225.000000	0.944885
230.000000	0.904370
235.000000	0.829260
240.000000	0.740692
245.000000	0.630290
250.000000	0.500779
255.000000	0.388969
