0.000000	0.948231
5.000000	0.948226
10.000000	0.948710
15.000000	0.946834
20.000000	0.947279
25.000000	0.948239
30.000000	0.948870
35.000000	0.947425
40.000000	0.947496
45.000000	0.946321
50.000000	0.946886
55.000000	0.948419
60.000000	0.947393
65.000000	0.947352
70.000000	0.945596
75.000000	0.948406
80.000000	0.950102
85.000000	0.951011
90.000000	0.953029
95.000000	0.954076
100.000000	0.956810
105.000000	0.955544
110.000000	0.960244
115.000000	0.961443
120.000000	0.960695
125.000000	0.964850
130.000000	0.967897
135.000000	0.974417
140.000000	0.979150
145.000000	0.978727
150.000000	0.980877
155.000000	0.986803
160.000000	0.989246
165.000000	0.991905
170.000000	0.993267
175.000000	1.000000
180.000000	0.997643
185.000000	0.997271
190.000000	0.994559
195.000000	0.994910
200.000000	0.980364
205.000000	0.967453
210.000000	0.940667
215.000000	0.926707
220.000000	0.883435
225.000000	0.839778
230.000000	0.768947
235.000000	0.711801
240.000000	0.614341
245.000000	0.532034
250.000000	0.424273
255.000000	0.317192
