0.000000	0.714689
5.000000	0.715420
10.000000	0.714696
15.000000	0.714500
20.000000	0.714421
25.000000	0.714205
30.000000	0.715029
35.000000	0.715254
40.000000	0.714641
45.000000	0.715828
50.000000	0.715520
55.000000	0.715917
60.000000	0.715573
65.000000	0.715936
70.000000	0.715499
75.000000	0.714211
80.000000	0.712044
85.000000	0.709836
90.000000	0.705861
95.000000	0.704481
100.000000	0.701053
105.000000	0.696390
110.000000	0.694586
115.000000	0.688995
120.000000	0.687373
125.000000	0.682363
130.000000	0.679340
135.000000	0.674084
140.000000	0.669733
145.000000	0.667708
150.000000	0.662240
155.000000	0.660789
160.000000	0.654901
165.000000	0.654807
170.000000	0.654526
175.000000	0.654066
180.000000	0.652317
185.000000	0.661581
190.000000	0.660702
195.000000	0.676303
200.000000	0.686042
205.000000	0.697424
210.000000	0.724613
215.000000	0.751604
220.000000	0.778996
225.000000	0.807418
230.000000	0.846044
235.000000	0.880871
240.000000	0.920286
245.000000	0.954078
250.000000	0.980833
255.000000	1.000000
