0.000000	0.228308
5.000000	0.227173
10.000000	0.226621
15.000000	0.225849
20.000000	0.225212
25.000000	0.224919
30.000000	0.224477
35.000000	0.227486
40.000000	0.235648
45.000000	0.249091
50.000000	0.270972
55.000000	0.308646
60.000000	0.397350
65.000000	0.447134
70.000000	0.549110
75.000000	0.607594
80.000000	0.696390
85.000000	0.799516
90.000000	0.871912
95.000000	0.920349
100.000000	0.945776
105.000000	0.960143
110.000000	0.964967
115.000000	0.971839
120.000000	0.975116
125.000000	0.978393
130.000000	0.979312
135.000000	0.980465
140.000000	0.982190
145.000000	0.985827
150.000000	0.988762
155.000000	0.989199
160.000000	0.991204
165.000000	0.989477
170.000000	0.992114
175.000000	0.989259
180.000000	0.988572
185.000000	0.993253
190.000000	1.000000
195.000000	0.995393
200.000000	0.995762
205.000000	0.993497
210.000000	0.990941
215.000000	0.989716
220.000000	0.989339
225.000000	0.989120
230.000000	0.989499
235.000000	0.990473
240.000000	0.990670
245.000000	0.991342
250.000000	0.991971
255.000000	0.993345
