255.000000	0.000000	0.000000	0.000000	0.418562	0.140153	0.422981	0.092152
250.000000	0.004899	0.004899	0.053239	0.420587	0.139478	0.418154	0.092879
245.000000	0.005664	-0.005664	0.031157	0.423074	0.138955	0.418046	0.092912
240.000000	0.006455	-0.006455	0.021076	0.421100	0.140006	0.413388	0.093130
235.000000	0.038852	0.038852	0.125237	0.418181	0.138680	0.413620	0.097224
230.000000	0.065042	0.065042	0.354608	0.417838	0.136867	0.409857	0.110482
225.000000	0.056586	0.056586	0.406241	0.415638	0.135950	0.415052	0.115288
220.000000	0.054878	0.054878	0.406155	0.418607	0.136117	0.415054	0.116101
215.000000	0.059289	0.059289	0.410510	0.419063	0.135423	0.414412	0.117876
210.000000	0.054903	0.054903	0.408404	0.415608	0.135756	0.418040	0.117455
205.000000	0.047933	0.047933	0.340886	0.418347	0.136625	0.414519	0.113014
200.000000	0.035798	0.035798	0.288502	0.417173	0.137226	0.417523	0.109663
195.000000	0.028857	0.028857	0.214887	0.417703	0.138236	0.416341	0.105496
190.000000	0.026652	0.026652	0.214870	0.419264	0.137866	0.414846	0.105931
185.000000	0.014796	0.014796	0.160473	0.416459	0.138821	0.421898	0.103813
180.000000	0.020308	0.020308	0.188099	0.418232	0.138219	0.416878	0.104617
175.000000	0.041573	0.041573	0.288278	0.413564	0.137971	0.418100	0.111290
170.000000	0.048045	0.048045	0.397670	0.421494	0.135839	0.415927	0.118499
165.000000	0.042361	0.042361	0.468289	0.421234	0.136184	0.419113	0.124189
160.000000	0.042772	0.042772	0.495984	0.424386	0.136565	0.418435	0.127948
155.000000	0.041254	0.041254	0.418850	0.416550	0.137913	0.421402	0.121232
150.000000	0.037229	0.037229	0.389539	0.417489	0.138226	0.419931	0.118132
145.000000	0.034657	0.034657	0.396447	0.420080	0.136776	0.415224	0.117795
140.000000	0.032754	0.032754	0.448357	0.421225	0.136467	0.420112	0.121912
135.000000	0.025950	0.025950	0.456315	0.421935	0.136480	0.418621	0.122246
130.000000	0.031577	0.031577	0.357229	0.419125	0.137676	0.418533	0.114985
125.000000	0.020859	0.020859	0.372343	0.419089	0.138018	0.418472	0.114346
120.000000	0.007167	0.007167	0.325338	0.421445	0.137394	0.417751	0.110346
115.000000	0.001721	-0.001721	0.296075	0.422328	0.137489	0.420087	0.107874
110.000000	0.002957	-0.002957	0.304543	0.417306	0.138366	0.422759	0.108643
105.000000	0.003733	-0.003733	0.311704	0.422686	0.137759	0.422896	0.109823
100.000000	0.000733	-0.000733	0.343291	0.421403	0.138045	0.430123	0.111144
95.000000	0.008261	0.008261	0.386407	0.421455	0.138013	0.428504	0.114430
90.000000	0.008879	0.008879	0.434344	0.419120	0.137736	0.430091	0.118907
85.000000	0.006084	0.006084	0.463100	0.426593	0.136621	0.432063	0.120678
80.000000	0.007756	0.007756	0.490377	0.425534	0.136932	0.432455	0.123432
75.000000	0.004496	0.004496	0.581449	0.433142	0.136561	0.433812	0.132203
70.000000	0.004573	-0.004573	0.660789	0.441690	0.135238	0.436126	0.138612
65.000000	0.014485	-0.014485	0.696030	0.437591	0.134410	0.440364	0.141802
60.000000	0.017224	-0.017224	0.718780	0.437217	0.133297	0.441477	0.144546
55.000000	0.014309	-0.014309	0.746554	0.436872	0.133741	0.441421	0.148411
50.000000	0.013879	-0.013879	0.795141	0.435334	0.133129	0.448905	0.153356
45.000000	0.023320	-0.023320	0.869355	0.438446	0.132889	0.441003	0.155503
40.000000	0.027916	-0.027916	0.944121	0.437626	0.132205	0.431917	0.159067
35.000000	0.039678	-0.039678	1.031934	0.428014	0.130286	0.428270	0.156286
30.000000	0.045296	-0.045296	1.014716	0.434143	0.130937	0.428335	0.157329
25.000000	0.043855	-0.043855	1.053863	0.426932	0.130431	0.431755	0.155786
20.000000	0.054307	-0.054307	1.092436	0.427806	0.130159	0.429833	0.154548
15.000000	0.046128	-0.046128	1.000968	0.428674	0.131098	0.432222	0.157021
10.000000	0.047235	-0.047235	0.992850	0.433872	0.130987	0.427276	0.156975
5.000000	0.048803	-0.048803	0.985955	0.429142	0.130508	0.429824	0.157801
0.000000	0.049787	-0.049787	0.982167	0.433305	0.131064	0.432227	0.158544
