0.000000	0.737712
5.000000	0.737739
10.000000	0.737898
15.000000	0.737879
20.000000	0.737900
25.000000	0.738760
30.000000	0.737772
35.000000	0.737611
40.000000	0.737867
45.000000	0.737725
50.000000	0.738203
55.000000	0.737251
60.000000	0.738088
65.000000	0.737138
70.000000	0.737044
75.000000	0.735400
80.000000	0.733144
85.000000	0.730586
90.000000	0.727725
95.000000	0.725248
100.000000	0.722939
105.000000	0.719150
110.000000	0.715273
115.000000	0.711351
120.000000	0.705390
125.000000	0.703534
130.000000	0.698201
135.000000	0.694365
140.000000	0.690952
145.000000	0.685740
150.000000	0.684120
155.000000	0.680833
160.000000	0.674100
165.000000	0.674275
170.000000	0.671785
175.000000	0.675311
180.000000	0.674660
185.000000	0.681108
190.000000	0.682230
195.000000	0.693599
200.000000	0.707334
205.000000	0.715492
210.000000	0.740226
215.000000	0.765808
220.000000	0.792943
225.000000	0.818989
230.000000	0.856812
235.000000	0.889893
240.000000	0.924156
245.000000	0.957467
250.000000	0.981199
255.000000	1.000000
