255.000000	0.000000	0.000000	0.000000	0.368347	0.317765	0.283839	0.264576
250.000000	0.107509	-0.109756	-0.107509	0.377304	0.326245	0.271997	0.287295
245.000000	0.178862	-0.186397	-0.178862	0.359428	0.310841	0.275087	0.322040
240.000000	0.213970	-0.270901	-0.213970	0.368129	0.316316	0.277788	0.345616
235.000000	0.245278	-0.308227	-0.245278	0.364430	0.303833	0.281534	0.369202
230.000000	0.273680	-0.272920	-0.273680	0.366155	0.318340	0.292537	0.358974
225.000000	0.297430	-0.258096	-0.297430	0.377273	0.335982	0.296606	0.359739
220.000000	0.314106	-0.276277	-0.314106	0.366271	0.321953	0.298909	0.376982
215.000000	0.331710	-0.267428	-0.331710	0.377357	0.336797	0.302633	0.377738
210.000000	0.357104	-0.213791	-0.357104	0.368216	0.337938	0.299784	0.367278
205.000000	0.370949	-0.216810	-0.370949	0.381850	0.351423	0.307628	0.375051
200.000000	0.379964	-0.197185	-0.379964	0.367579	0.345055	0.308692	0.372210
195.000000	0.385439	-0.215612	-0.385439	0.367418	0.345548	0.300964	0.374856
190.000000	0.382205	-0.250720	-0.382205	0.366458	0.336644	0.298188	0.384250
185.000000	0.379384	-0.287241	-0.379384	0.356058	0.321588	0.293132	0.391421
180.000000	0.367763	-0.345426	-0.367763	0.372180	0.324885	0.284162	0.393419
175.000000	0.345098	-0.425042	-0.345098	0.350407	0.295072	0.278837	0.395544
170.000000	0.321155	-0.499524	-0.321155	0.368335	0.300036	0.279525	0.393256
165.000000	0.310924	-0.529273	-0.310924	0.354068	0.284620	0.278015	0.389776
160.000000	0.313188	-0.535326	-0.313188	0.374619	0.301093	0.278694	0.392961
155.000000	0.319108	-0.526476	-0.319108	0.365692	0.293185	0.276874	0.393597
150.000000	0.325202	-0.511215	-0.325202	0.364948	0.297053	0.278359	0.399453
145.000000	0.332302	-0.493439	-0.332302	0.354359	0.282831	0.275720	0.393096
140.000000	0.337303	-0.483524	-0.337303	0.367524	0.304547	0.276420	0.400909
135.000000	0.346381	-0.465198	-0.346381	0.357287	0.295886	0.271430	0.399765
130.000000	0.364182	-0.424721	-0.364182	0.363543	0.306844	0.276522	0.405719
125.000000	0.377563	-0.387411	-0.377563	0.374413	0.320705	0.281302	0.410329
120.000000	0.386076	-0.361380	-0.386076	0.348646	0.304235	0.278651	0.411776
115.000000	0.388406	-0.349308	-0.388406	0.369092	0.328282	0.278565	0.408836
110.000000	0.389974	-0.341168	-0.389974	0.364384	0.325092	0.280403	0.411135
105.000000	0.394935	-0.323007	-0.394935	0.374275	0.332422	0.282424	0.413508
100.000000	0.403205	-0.309602	-0.403205	0.378021	0.342762	0.279826	0.406189
95.000000	0.399818	-0.322435	-0.399818	0.373253	0.336412	0.279986	0.408710
90.000000	0.409533	-0.283019	-0.409533	0.379226	0.345761	0.282655	0.404811
85.000000	0.427422	-0.202928	-0.427422	0.380025	0.359439	0.283988	0.389942
80.000000	0.445523	-0.094120	-0.445523	0.371814	0.370506	0.290322	0.367352
75.000000	0.453415	-0.022982	-0.453415	0.372351	0.375466	0.294601	0.350311
70.000000	0.453166	-0.003015	-0.453166	0.375012	0.382951	0.301387	0.347747
65.000000	0.454412	0.012984	-0.454412	0.374770	0.381778	0.300503	0.341137
60.000000	0.449530	0.034541	-0.449530	0.381963	0.390480	0.298912	0.334831
55.000000	0.447419	0.055294	-0.447419	0.375051	0.385376	0.304292	0.331350
50.000000	0.442738	0.080758	-0.442738	0.380813	0.392272	0.297184	0.316438
45.000000	0.444358	0.051145	-0.444358	0.372982	0.382094	0.296968	0.327113
40.000000	0.445437	0.067565	-0.445437	0.372409	0.379875	0.298202	0.323664
35.000000	0.442708	0.054213	-0.442708	0.378817	0.387682	0.298463	0.327015
30.000000	0.445571	0.050396	-0.445571	0.371281	0.376247	0.297498	0.326500
25.000000	0.445909	0.026654	-0.445909	0.381300	0.392097	0.299429	0.335614
20.000000	0.447133	0.000293	-0.447133	0.376993	0.379848	0.301272	0.342884
15.000000	0.446055	-0.046217	-0.446055	0.378074	0.379706	0.297394	0.356491
10.000000	0.445794	-0.053247	-0.445794	0.372901	0.370306	0.292013	0.353822
5.000000	0.442357	-0.085058	-0.442357	0.374134	0.372893	0.296311	0.365778
0.000000	0.444598	-0.075546	-0.444598	0.371583	0.371649	0.291280	0.357495
