0.000000	1.000000
5.000000	0.996540
10.000000	0.991599
15.000000	0.983727
20.000000	0.972933
25.000000	0.958206
30.000000	0.936833
35.000000	0.915190
40.000000	0.884174
45.000000	0.851391
50.000000	0.806196
55.000000	0.766704
60.000000	0.720968
65.000000	0.683805
70.000000	0.655613
75.000000	0.646477
80.000000	0.662062
85.000000	0.695719
90.000000	0.727579
95.000000	0.767775
100.000000	0.801776
105.000000	0.830640
110.000000	0.845183
115.000000	0.860269
120.000000	0.866126
125.000000	0.872479
130.000000	0.876431
135.000000	0.878440
140.000000	0.880407
145.000000	0.881348
150.000000	0.882997
155.000000	0.883823
160.000000	0.883512
165.000000	0.883069
170.000000	0.882932
175.000000	0.883741
180.000000	0.885169
185.000000	0.886139
190.000000	0.886269
195.000000	0.885608
200.000000	0.885492
205.000000	0.885700
210.000000	0.886092
215.000000	0.886105
220.000000	0.885283
225.000000	0.886580
230.000000	0.886149
235.000000	0.886168
240.000000	0.886382
245.000000	0.886593
250.000000	0.886481
255.000000	0.886536
