255.000000	0.000000	0.000000	0.000000	0.439958	0.066587	0.439410	0.108527
250.000000	0.149056	0.149056	-0.491209	0.437653	0.082822	0.404301	0.105748
245.000000	0.148403	0.148403	-0.266814	0.435945	0.075654	0.418851	0.105949
240.000000	0.156918	0.156918	-0.583752	0.444164	0.087730	0.393928	0.105750
235.000000	0.161156	0.161156	-0.414704	0.437663	0.082551	0.402760	0.103401
230.000000	0.144282	0.144282	-0.303877	0.440606	0.075395	0.411024	0.102222
225.000000	0.142482	0.142482	-0.338655	0.443970	0.076571	0.410227	0.100351
220.000000	0.133742	0.133742	-0.511935	0.443140	0.084809	0.403673	0.101923
215.000000	0.180171	0.180171	-0.415505	0.443516	0.082226	0.404637	0.098265
210.000000	0.167120	0.167120	-0.397382	0.443340	0.081043	0.406469	0.098056
205.000000	0.174919	0.174919	-0.285732	0.439594	0.077972	0.412313	0.095777
200.000000	0.160445	0.160445	-0.697063	0.439849	0.090300	0.395998	0.099907
195.000000	0.167559	0.167559	-0.817599	0.429737	0.092367	0.399013	0.099702
190.000000	0.163330	0.163330	-0.705488	0.433361	0.091341	0.397505	0.098547
185.000000	0.183436	0.183436	-0.527288	0.440945	0.087253	0.405918	0.094503
180.000000	0.193328	0.193328	-0.509199	0.441814	0.088536	0.407271	0.095130
175.000000	0.194423	0.194423	-0.533193	0.441446	0.090760	0.407922	0.092418
170.000000	0.204229	0.204229	-0.456694	0.442590	0.089053	0.410564	0.091553
165.000000	0.226823	0.226823	-0.257550	0.437302	0.080853	0.405343	0.087444
160.000000	0.191205	0.191205	-0.357110	0.447219	0.081709	0.410327	0.087993
155.000000	0.190782	0.190782	-0.582693	0.439404	0.088349	0.413415	0.090553
150.000000	0.184998	0.184998	-0.722329	0.438738	0.091808	0.405149	0.094387
145.000000	0.192018	0.192018	-0.833076	0.436836	0.092314	0.412252	0.093270
140.000000	0.198913	0.198913	-0.826093	0.438796	0.093496	0.413459	0.092817
135.000000	0.197440	0.197440	-0.842763	0.438529	0.093264	0.416403	0.092263
130.000000	0.198422	0.198422	-0.665848	0.439608	0.093210	0.412081	0.092194
125.000000	0.216786	0.216786	-0.592720	0.446221	0.089764	0.419517	0.089153
120.000000	0.215399	0.215399	-0.764431	0.448252	0.092264	0.420035	0.090285
115.000000	0.221083	0.221083	-0.832518	0.444520	0.092819	0.418496	0.089585
110.000000	0.243823	0.243823	-0.691521	0.445130	0.092920	0.414757	0.088384
105.000000	0.242302	0.242302	-0.655356	0.444878	0.090268	0.416385	0.086204
100.000000	0.254796	0.254796	-0.565421	0.447197	0.089632	0.422307	0.085289
95.000000	0.270477	0.270477	-0.426757	0.442459	0.082517	0.417258	0.080659
90.000000	0.276355	0.276355	-0.453689	0.445936	0.084694	0.417471	0.080899
85.000000	0.284398	0.284398	-0.429063	0.444669	0.083672	0.414555	0.078851
80.000000	0.279857	0.279857	-0.525113	0.452001	0.087373	0.416716	0.079388
75.000000	0.274863	0.274863	-0.607386	0.447097	0.091544	0.418899	0.081064
70.000000	0.269808	0.269808	-0.613406	0.445308	0.090953	0.416531	0.079619
65.000000	0.253866	0.253866	-0.729348	0.442296	0.093222	0.410919	0.082324
60.000000	0.248066	0.248066	-0.767503	0.443890	0.094485	0.412794	0.081999
55.000000	0.255310	0.255310	-0.681771	0.440254	0.093466	0.415379	0.081250
50.000000	0.232545	0.232545	-0.790022	0.434152	0.094592	0.411446	0.083571
45.000000	0.242711	0.242711	-0.765128	0.436848	0.095815	0.411656	0.084245
40.000000	0.251191	0.251191	-0.713128	0.436723	0.094642	0.416100	0.080787
35.000000	0.245012	0.245012	-0.655305	0.441178	0.092019	0.417905	0.081670
30.000000	0.277996	0.277996	-0.481659	0.446841	0.090692	0.415021	0.076778
25.000000	0.315354	0.315354	-0.165354	0.441220	0.078212	0.407862	0.080063
20.000000	0.322531	0.322531	-0.087582	0.438960	0.072883	0.410177	0.080682
15.000000	0.314779	0.314779	-0.146093	0.444005	0.074751	0.411443	0.079312
10.000000	0.306890	0.306890	-0.100416	0.441129	0.072845	0.412566	0.080905
5.000000	0.297301	0.297301	-0.159578	0.440125	0.073118	0.414152	0.078227
0.000000	0.291643	0.291643	-0.160405	0.443264	0.073658	0.413509	0.079251
