0.000000	0.256048
5.000000	0.256353
10.000000	0.255192
15.000000	0.253595
20.000000	0.252909
25.000000	0.251936
30.000000	0.253563
35.000000	0.256303
40.000000	0.262899
45.000000	0.275496
50.000000	0.296968
55.000000	0.338294
60.000000	0.378281
65.000000	0.448941
70.000000	0.537256
75.000000	0.625535
80.000000	0.726505
85.000000	0.817646
90.000000	0.873269
95.000000	0.930140
100.000000	0.952319
105.000000	0.967349
110.000000	0.976223
115.000000	0.981741
120.000000	0.985231
125.000000	0.988607
130.000000	0.991443
135.000000	0.993914
140.000000	0.996202
145.000000	0.996918
150.000000	0.997271
155.000000	0.997641
160.000000	0.997902
165.000000	0.997709
170.000000	0.997115
175.000000	0.996953
180.000000	0.996321
185.000000	0.995959
190.000000	0.995747
195.000000	0.995877
200.000000	0.996325
205.000000	0.997336
210.000000	0.997549
215.000000	0.998414
220.000000	0.998286
225.000000	0.998567
230.000000	0.999059
235.000000	0.999207
240.000000	0.999677
245.000000	0.999824
250.000000	1.000000
255.000000	0.999308
