0.000000	0.949329
5.000000	0.949922
10.000000	0.950046
15.000000	0.949666
20.000000	0.950088
25.000000	0.950176
30.000000	0.950192
35.000000	0.950115
40.000000	0.950374
45.000000	0.950169
50.000000	0.950497
55.000000	0.950084
60.000000	0.950470
65.000000	0.950047
70.000000	0.950197
75.000000	0.949364
80.000000	0.949248
85.000000	0.949374
90.000000	0.949359
95.000000	0.949391
100.000000	0.949697
105.000000	0.949260
110.000000	0.949524
115.000000	0.949713
120.000000	0.949408
125.000000	0.949004
130.000000	0.950191
135.000000	0.949426
140.000000	0.951043
145.000000	0.951987
150.000000	0.952161
155.000000	0.953715
160.000000	0.954933
165.000000	0.957560
170.000000	0.960034
175.000000	0.960547
180.000000	0.965307
185.000000	0.967218
190.000000	0.971000
195.000000	0.975490
200.000000	0.979801
205.000000	0.986514
210.000000	0.991459
215.000000	0.996271
220.000000	1.000000
225.000000	0.999586
230.000000	0.997755
235.000000	0.993248
240.000000	0.972415
245.000000	0.953017
250.000000	0.914299
255.000000	0.868392
