0.000000	0.997402
5.000000	0.997550
10.000000	0.995553
15.000000	0.996445
20.000000	0.992928
25.000000	0.996675
30.000000	0.996903
35.000000	1.000000
40.000000	0.998203
45.000000	0.997288
50.000000	0.995585
55.000000	0.996962
60.000000	0.998255
65.000000	0.998471
70.000000	0.999810
75.000000	0.996910
80.000000	0.997710
85.000000	0.997319
90.000000	0.998478
95.000000	0.998114
100.000000	0.996795
105.000000	0.999971
110.000000	0.997967
115.000000	0.997894
120.000000	0.998173
125.000000	0.998159
130.000000	0.998634
135.000000	0.996395
140.000000	0.999761
145.000000	0.998699
150.000000	0.998994
155.000000	0.997838
160.000000	0.997090
165.000000	0.997173
170.000000	0.997660
175.000000	0.999268
180.000000	0.996610
185.000000	0.997905
190.000000	0.999056
195.000000	0.999171
200.000000	0.996786
205.000000	0.997787
210.000000	0.997920
215.000000	0.997304
220.000000	0.999176
225.000000	0.996859
230.000000	0.997369
235.000000	0.997588
240.000000	0.996724
245.000000	0.997102
250.000000	0.996758
255.000000	0.996928
