255.000000	0.000000	0.000000	0.000000	0.363816	0.038787	0.422201	0.081285
250.000000	0.041683	0.057123	-0.140489	0.357289	0.025651	0.417019	0.076217
245.000000	0.021913	0.032639	-0.076464	0.356698	0.030198	0.418816	0.080061
240.000000	0.015930	0.008957	-0.040817	0.357295	0.034335	0.419589	0.081450
235.000000	0.064436	0.075052	-0.203923	0.354009	0.023515	0.415376	0.077569
230.000000	0.127918	0.311243	-0.567080	0.355097	0.020089	0.414548	0.071524
225.000000	0.145366	0.380754	-0.671486	0.353534	0.022492	0.418924	0.069633
220.000000	0.086194	0.248697	-0.421084	0.356501	0.019121	0.421337	0.071201
215.000000	0.038413	0.121909	-0.198735	0.356748	0.022641	0.417557	0.072821
210.000000	0.005954	0.071457	-0.083365	0.361786	0.028758	0.419980	0.077174
205.000000	0.059926	0.024567	0.095286	0.364646	0.050083	0.418145	0.087579
200.000000	0.026697	0.027566	0.025828	0.363068	0.040116	0.421885	0.082958
195.000000	0.028575	0.021954	0.035197	0.362885	0.040808	0.419830	0.083909
190.000000	0.019563	0.027638	0.011487	0.360319	0.037605	0.417763	0.082060
185.000000	0.035626	0.016644	0.054607	0.360850	0.043597	0.416547	0.084932
180.000000	0.014718	0.009057	0.020379	0.358530	0.040406	0.421576	0.082351
175.000000	0.039034	0.000360	0.077708	0.365906	0.049456	0.419846	0.086518
170.000000	0.042511	0.002471	0.082552	0.366014	0.050151	0.422367	0.086480
165.000000	0.043905	0.009105	0.078704	0.361253	0.049106	0.421162	0.086637
160.000000	0.028598	0.013689	0.043506	0.360765	0.043547	0.423201	0.083752
155.000000	0.046096	0.017520	0.074672	0.361856	0.047880	0.419212	0.086766
150.000000	0.025511	0.026395	0.024626	0.355850	0.040574	0.419473	0.083189
145.000000	0.031674	0.022832	0.040517	0.360222	0.042203	0.421665	0.084508
140.000000	0.021692	0.019369	0.024015	0.358469	0.040384	0.419698	0.083620
135.000000	0.017885	0.045571	-0.081341	0.354415	0.029483	0.420869	0.078688
130.000000	0.034775	0.068476	-0.138026	0.356067	0.026308	0.420987	0.077040
125.000000	0.044904	0.096729	-0.186537	0.353918	0.023814	0.421535	0.075490
120.000000	0.028561	0.086403	-0.143525	0.353861	0.025706	0.421364	0.077798
115.000000	0.023501	0.098389	-0.145391	0.355497	0.025623	0.420942	0.077764
110.000000	0.000831	0.068193	-0.069855	0.359713	0.030114	0.420715	0.080761
105.000000	0.032071	0.053016	0.011126	0.359989	0.037035	0.423229	0.086038
100.000000	0.058978	0.051399	0.066556	0.368423	0.043066	0.421645	0.090875
95.000000	0.077337	0.045291	0.109384	0.367202	0.048308	0.420432	0.095813
90.000000	0.068576	0.033965	0.103187	0.365933	0.046553	0.422362	0.097878
85.000000	0.031298	0.003603	0.058993	0.366616	0.039896	0.419241	0.093192
80.000000	0.020149	-0.037705	-0.002594	0.364667	0.032566	0.421546	0.088027
75.000000	0.078248	-0.110027	-0.046469	0.361252	0.028481	0.417511	0.082083
70.000000	0.117661	-0.193285	-0.042037	0.362436	0.030789	0.415682	0.077012
65.000000	0.165291	-0.271874	-0.058708	0.359334	0.030011	0.409567	0.070026
60.000000	0.196704	-0.330949	-0.062458	0.356527	0.032140	0.402494	0.061571
55.000000	0.236358	-0.390456	-0.082259	0.357820	0.030136	0.403236	0.054894
50.000000	0.272135	-0.446877	-0.097392	0.358116	0.027992	0.398516	0.048685
45.000000	0.308984	-0.494705	-0.123262	0.360929	0.024996	0.397645	0.043395
40.000000	0.334544	-0.526976	-0.142111	0.357807	0.022843	0.407079	0.039871
35.000000	0.347939	-0.550175	-0.145703	0.356864	0.021726	0.399927	0.035836
30.000000	0.384452	-0.594026	-0.174879	0.355015	0.016174	0.398868	0.034550
25.000000	0.392803	-0.596305	-0.189302	0.353396	0.013528	0.405297	0.033013
20.000000	0.335621	-0.528141	-0.143101	0.356623	0.018398	0.400723	0.028558
15.000000	0.367322	-0.549137	-0.185507	0.355220	0.009800	0.404888	0.027855
10.000000	0.439630	-1.553501	0.674242	0.349778	0.004319	0.407286	0.031305
5.000000	0.458464	-1.619900	0.702971	0.348200	0.011320	0.408766	0.031382
0.000000	0.457465	-1.630088	0.715158	0.346646	0.014460	0.411918	0.030343
