255.000000	0.000000	0.000000	0.000000	0.409949	0.157205	0.442477	0.109547
250.000000	0.020799	-0.020799	-0.021874	0.417008	0.160006	0.442815	0.110909
245.000000	0.040955	-0.040955	-0.041210	0.410978	0.160876	0.445280	0.111554
240.000000	0.060546	-0.060546	-0.073268	0.413042	0.161551	0.438077	0.115469
235.000000	0.077852	-0.077852	-0.085899	0.412164	0.168067	0.438870	0.116863
230.000000	0.085749	-0.085749	-0.089022	0.412468	0.173134	0.438925	0.119474
225.000000	0.090996	-0.090996	-0.092778	0.411386	0.176180	0.443557	0.122772
220.000000	0.105861	-0.105861	-0.128521	0.405676	0.174511	0.446771	0.122679
215.000000	0.128534	-0.128534	-0.185793	0.402633	0.168567	0.446058	0.126435
210.000000	0.155010	-0.155010	-0.260344	0.401546	0.156395	0.449059	0.131023
205.000000	0.176024	-0.176024	-0.364063	0.396064	0.141253	0.441374	0.135305
200.000000	0.179461	-0.179461	-0.413084	0.393210	0.133400	0.441466	0.142314
195.000000	0.176001	-0.176001	-0.383919	0.395503	0.139788	0.443630	0.139702
190.000000	0.165195	-0.165195	-0.328557	0.405835	0.152626	0.438075	0.134098
185.000000	0.169194	-0.169194	-0.313571	0.405554	0.158211	0.443850	0.136958
180.000000	0.172711	-0.172711	-0.330418	0.407698	0.156809	0.438976	0.134726
175.000000	0.178699	-0.178699	-0.344671	0.404609	0.155617	0.442150	0.139647
170.000000	0.180897	-0.180897	-0.392687	0.405071	0.148522	0.437731	0.140100
165.000000	0.180313	-0.180313	-0.405776	0.402502	0.146154	0.438271	0.142752
160.000000	0.181450	-0.181450	-0.443710	0.401739	0.141539	0.438881	0.146547
155.000000	0.182362	-0.182362	-0.442038	0.408632	0.144215	0.436069	0.144240
150.000000	0.186077	-0.186077	-0.448372	0.407800	0.143986	0.440583	0.147759
145.000000	0.188276	-0.188276	-0.507002	0.404182	0.136166	0.439009	0.150067
140.000000	0.175725	-0.175725	-0.611284	0.396604	0.121870	0.447232	0.157011
135.000000	0.183516	-0.183516	-0.635734	0.399075	0.121798	0.446771	0.156168
130.000000	0.197083	-0.197083	-0.562389	0.408450	0.133631	0.442541	0.148324
125.000000	0.204622	-0.204622	-0.541442	0.413437	0.138181	0.448873	0.148647
120.000000	0.201721	-0.201721	-0.543867	0.414319	0.138334	0.439934	0.146063
115.000000	0.204612	-0.204612	-0.543930	0.420013	0.138997	0.445585	0.147430
110.000000	0.201922	-0.201922	-0.544590	0.418705	0.138298	0.442028	0.146861
105.000000	0.202894	-0.202894	-0.565902	0.416328	0.135528	0.449567	0.150027
100.000000	0.201441	-0.201441	-0.606546	0.419851	0.131312	0.446066	0.151165
95.000000	0.202066	-0.202066	-0.625718	0.415396	0.127999	0.450498	0.154447
90.000000	0.211615	-0.211615	-0.589962	0.421066	0.134910	0.447592	0.149794
85.000000	0.218810	-0.218810	-0.528007	0.421772	0.142673	0.449452	0.147947
80.000000	0.215366	-0.215366	-0.443706	0.427044	0.154060	0.439335	0.139984
75.000000	0.214216	-0.214216	-0.381948	0.428992	0.165672	0.446095	0.137866
70.000000	0.217659	-0.217659	-0.417943	0.428083	0.158823	0.445313	0.137678
65.000000	0.217863	-0.217863	-0.501315	0.423607	0.145330	0.446414	0.146747
60.000000	0.214702	-0.214702	-0.529083	0.421614	0.141941	0.442880	0.146588
55.000000	0.213404	-0.213404	-0.542422	0.420186	0.138049	0.445793	0.148977
50.000000	0.209515	-0.209515	-0.503557	0.418467	0.146059	0.447025	0.146388
45.000000	0.208895	-0.208895	-0.460065	0.424628	0.150904	0.440621	0.142085
40.000000	0.210234	-0.210234	-0.454552	0.424459	0.150859	0.445865	0.140893
35.000000	0.203969	-0.203969	-0.387379	0.428662	0.163652	0.444309	0.133901
30.000000	0.203897	-0.203897	-0.391856	0.425691	0.159148	0.451996	0.137865
25.000000	0.199256	-0.199256	-0.357411	0.430200	0.168130	0.449129	0.132081
20.000000	0.215035	-0.215035	-0.465757	0.424305	0.153570	0.448087	0.144080
15.000000	0.205523	-0.205523	-0.613378	0.417026	0.128374	0.446683	0.153955
10.000000	0.199553	-0.199553	-0.647741	0.415704	0.121764	0.433947	0.152259
5.000000	0.212123	-0.212123	-0.500816	0.418613	0.141177	0.446632	0.144864
0.000000	0.216210	-0.216210	-0.413254	0.427502	0.155945	0.450161	0.137413
