255.000000	0.000000	0.000000	0.000000	0.401075	0.263921	0.398303	0.269663
250.000000	0.082434	0.082434	-0.386533	0.394850	0.254180	0.384330	0.236774
245.000000	0.060450	0.060450	-1.462976	0.402952	0.245488	0.357767	0.191761
240.000000	0.093677	0.093677	-0.994164	0.394554	0.240886	0.378518	0.176214
235.000000	0.144593	0.144593	-0.734046	0.386154	0.247260	0.403612	0.188183
230.000000	0.165531	0.165531	-0.023587	0.384376	0.248250	0.397081	0.196745
225.000000	0.137206	0.137206	0.486911	0.397054	0.269306	0.395891	0.203989
220.000000	0.138831	0.138831	-1.400396	0.413006	0.249367	0.373511	0.160608
215.000000	0.180014	0.180014	0.168691	0.403972	0.258766	0.405976	0.196352
210.000000	0.176757	0.176757	-0.238089	0.384301	0.249551	0.387980	0.184345
205.000000	0.195952	0.195952	0.239484	0.393961	0.255075	0.416002	0.197732
200.000000	0.182366	0.182366	0.105095	0.396939	0.255941	0.406382	0.191403
195.000000	0.205895	0.205895	0.001239	0.367975	0.242858	0.408219	0.192118
190.000000	0.219973	0.219973	0.158823	0.408197	0.259374	0.409765	0.192138
185.000000	0.210896	0.210896	0.169662	0.383602	0.247492	0.414935	0.195112
180.000000	0.209556	0.209556	0.119318	0.384539	0.252546	0.404075	0.190945
175.000000	0.199551	0.199551	-0.501508	0.387544	0.247904	0.396707	0.177665
170.000000	0.224923	0.224923	-0.382818	0.399005	0.252152	0.393517	0.185666
165.000000	0.219778	0.219778	-0.391799	0.383806	0.243876	0.391855	0.182453
160.000000	0.238502	0.238502	1.493429	0.367348	0.209158	0.423683	0.154097
155.000000	0.224131	0.224131	3.416051	0.384342	0.255187	0.398991	0.178013
150.000000	0.192585	0.192585	5.110655	0.402092	0.248658	0.450984	0.188620
145.000000	0.216661	0.216661	3.513138	0.394116	0.248403	0.392435	0.181131
140.000000	0.264200	0.264200	4.021434	0.380091	0.245346	0.410898	0.197549
135.000000	0.232385	0.232385	3.915150	0.387218	0.245553	0.400302	0.197821
130.000000	0.240348	0.240348	3.766321	0.398727	0.249311	0.394767	0.188143
125.000000	0.232602	0.232602	4.236309	0.388276	0.251310	0.415943	0.197619
120.000000	0.250844	0.250844	3.477887	0.404958	0.260388	0.399571	0.186540
115.000000	0.226839	0.226839	3.397657	0.374983	0.253158	0.391914	0.184291
110.000000	0.219676	0.219676	3.580686	0.379517	0.250534	0.397571	0.186118
105.000000	0.221619	0.221619	3.743723	0.398893	0.256047	0.409618	0.193376
100.000000	0.227800	0.227800	3.412865	0.372645	0.251208	0.393980	0.181853
95.000000	0.228979	0.228979	3.124868	0.390632	0.266323	0.415974	0.182839
90.000000	0.219051	0.219051	3.165903	0.383579	0.254938	0.408414	0.182729
85.000000	0.222579	0.222579	2.876739	0.393755	0.268492	0.396359	0.175680
80.000000	0.240826	0.240826	2.559961	0.400828	0.259860	0.369444	0.178460
75.000000	0.266086	0.266086	2.699025	0.406463	0.274692	0.383832	0.176797
70.000000	0.251740	0.251740	3.007495	0.380243	0.254711	0.402244	0.181858
65.000000	0.250353	0.250353	3.128063	0.388481	0.264045	0.410957	0.184693
60.000000	0.249778	0.249778	3.112022	0.386749	0.257960	0.405700	0.184631
55.000000	0.242846	0.242846	2.810741	0.389401	0.264309	0.372245	0.178218
50.000000	0.265724	0.265724	2.858037	0.388326	0.267792	0.393339	0.177923
45.000000	0.235282	0.235282	3.068335	0.381916	0.253561	0.397647	0.182951
40.000000	0.228131	0.228131	3.405112	0.385912	0.262533	0.405028	0.183446
35.000000	0.241339	0.241339	3.033070	0.379849	0.254126	0.410173	0.181785
30.000000	0.243076	0.243076	3.111363	0.390771	0.263145	0.410290	0.183296
25.000000	0.253900	0.253900	3.459339	0.374772	0.254360	0.396622	0.184201
20.000000	0.258879	0.258879	3.272356	0.385985	0.259476	0.404711	0.186308
15.000000	0.284064	0.284064	3.768838	0.393185	0.249306	0.401673	0.193774
10.000000	0.239543	0.239543	3.591131	0.386699	0.244545	0.398060	0.185706
5.000000	0.326035	0.326035	3.959354	0.377123	0.242364	0.400282	0.196069
0.000000	0.238157	0.238157	4.157397	0.363839	0.240658	0.407124	0.196035
