255.000000	0.000000	0.000000	0.000000	0.455033	0.018637	0.423690	0.085380
250.000000	0.009329	0.054389	-0.035730	0.451729	0.019091	0.416932	0.082115
245.000000	0.013282	0.128792	-0.102228	0.451120	0.021778	0.406999	0.072458
240.000000	0.024403	0.177381	-0.128576	0.451001	0.022664	0.403351	0.065603
235.000000	0.035677	0.236437	-0.165083	0.458273	0.025425	0.399735	0.056987
230.000000	0.078977	0.267587	-0.109633	0.462503	0.021573	0.393933	0.058190
225.000000	0.112918	0.301985	-0.076149	0.460888	0.018875	0.395170	0.057839
220.000000	0.136320	0.308005	-0.035365	0.453576	0.018036	0.406553	0.058602
215.000000	0.160582	0.363526	-0.042362	0.458498	0.013065	0.397628	0.059600
210.000000	0.180866	0.321813	0.039918	0.454112	0.012054	0.404476	0.060234
205.000000	0.199499	0.382671	0.016326	0.462295	0.010314	0.400890	0.057099
200.000000	0.213060	0.396002	0.030117	0.453427	0.008146	0.407007	0.056165
195.000000	0.225410	0.434875	0.015946	0.459275	0.007654	0.404555	0.052822
190.000000	0.228666	0.538787	-0.081456	0.460297	0.005997	0.403823	0.053079
185.000000	0.241983	0.392738	0.091229	0.449946	0.004543	0.412550	0.056294
180.000000	0.246811	1.283022	-0.789399	0.455134	0.002105	0.407430	0.059319
175.000000	0.253849	1.744599	-1.236900	0.451351	0.002519	0.411770	0.061010
170.000000	0.257221	1.371547	-0.857105	0.456103	0.004774	0.408797	0.058518
165.000000	0.264963	1.243458	-0.713532	0.458319	0.003880	0.409842	0.053800
160.000000	0.271910	0.859964	-0.316144	0.452034	0.002650	0.410038	0.049158
155.000000	0.279537	0.896862	-0.337788	0.459417	0.008826	0.412028	0.043126
150.000000	0.285154	0.808563	-0.238254	0.452341	0.008457	0.416977	0.042305
145.000000	0.281528	0.935258	-0.372203	0.461725	0.010298	0.412335	0.042244
140.000000	0.285317	1.048280	-0.477647	0.459678	0.008272	0.414794	0.045241
135.000000	0.296338	0.972472	-0.379796	0.456774	0.010197	0.417981	0.040375
130.000000	0.319730	0.908839	-0.269379	0.451989	0.012871	0.417775	0.033887
125.000000	0.323316	0.910917	-0.264286	0.459182	0.013303	0.414154	0.031839
120.000000	0.309569	1.013723	-0.394584	0.457398	0.013111	0.416375	0.034659
115.000000	0.305572	1.156127	-0.544983	0.451796	0.009319	0.421742	0.042191
110.000000	0.297757	1.315919	-0.720404	0.459033	0.012899	0.419678	0.048779
105.000000	0.295951	1.329664	-0.737762	0.453457	0.013604	0.414327	0.047789
100.000000	0.298868	1.333069	-0.735333	0.459051	0.014169	0.419730	0.045749
95.000000	0.291291	1.412803	-0.830221	0.453670	0.016133	0.421416	0.051919
90.000000	0.296207	1.295585	-0.703170	0.461935	0.015464	0.414316	0.043900
85.000000	0.319631	1.179004	-0.539741	0.453597	0.012920	0.424185	0.034986
80.000000	0.357442	1.022314	-0.307431	0.453626	0.015785	0.420782	0.022972
75.000000	0.542773	1.109424	-0.023877	0.459066	0.026174	0.417946	0.010321
70.000000	0.954756	1.438724	0.470787	0.444814	0.034342	0.421458	0.012950
65.000000	0.992315	1.496253	0.488377	0.457263	0.036489	0.412838	0.012633
60.000000	0.792482	1.320049	0.264915	0.448730	0.029348	0.428411	0.009620
55.000000	0.629347	1.203424	0.055271	0.453744	0.025944	0.417224	0.009001
50.000000	0.604294	1.166854	0.041734	0.448058	0.024845	0.423278	0.010330
45.000000	0.630251	1.176248	0.084254	0.457172	0.027146	0.418404	0.009557
40.000000	0.805247	1.331890	0.278603	0.453081	0.031483	0.419284	0.009539
35.000000	0.794748	1.293680	0.295816	0.440125	0.030522	0.422405	0.010186
30.000000	0.856591	1.374730	0.338453	0.458459	0.032516	0.419517	0.009950
25.000000	0.516453	1.093557	-0.060652	0.450801	0.023065	0.419940	0.011304
20.000000	0.442644	1.059412	-0.174125	0.454104	0.020437	0.418215	0.014851
15.000000	0.453170	1.045432	-0.139093	0.450136	0.019651	0.421188	0.014623
10.000000	0.432056	1.068810	-0.204698	0.457024	0.020914	0.419092	0.014657
5.000000	0.471098	1.061615	-0.119418	0.452864	0.020814	0.422370	0.013190
0.000000	0.515149	1.066233	-0.035936	0.448530	0.021736	0.423094	0.012090
