0.000000	0.925827
5.000000	0.926533
10.000000	0.926529
15.000000	0.926337
20.000000	0.926504
25.000000	0.926477
30.000000	0.926012
35.000000	0.930492
40.000000	0.926381
45.000000	0.927828
50.000000	0.926626
55.000000	0.924041
60.000000	0.923063
65.000000	0.927280
70.000000	0.927656
75.000000	0.924780
80.000000	0.928571
85.000000	0.928891
90.000000	0.935721
95.000000	0.934512
100.000000	0.936513
105.000000	0.938443
110.000000	0.943708
115.000000	0.944276
120.000000	0.949359
125.000000	0.955352
130.000000	0.955701
135.000000	0.961768
140.000000	0.962269
145.000000	0.971185
150.000000	0.973864
155.000000	0.977294
160.000000	0.985087
165.000000	0.984925
170.000000	0.994707
175.000000	0.998451
180.000000	1.000000
185.000000	0.995562
190.000000	0.989641
195.000000	0.985197
200.000000	0.977079
205.000000	0.953974
210.000000	0.928511
215.000000	0.885309
220.000000	0.836241
225.000000	0.779753
230.000000	0.707872
235.000000	0.608313
240.000000	0.490642
245.000000	0.390676
250.000000	0.272745
255.000000	0.158281
