0.000000	0.824470
5.000000	0.824872
10.000000	0.825322
15.000000	0.825868
20.000000	0.825232
25.000000	0.825806
30.000000	0.827993
35.000000	0.826011
40.000000	0.826020
45.000000	0.825348
50.000000	0.825129
55.000000	0.825583
60.000000	0.825964
65.000000	0.826109
70.000000	0.825927
75.000000	0.825914
80.000000	0.826135
85.000000	0.826062
90.000000	0.826718
95.000000	0.828651
100.000000	0.827620
105.000000	0.827103
110.000000	0.825985
115.000000	0.826359
120.000000	0.824489
125.000000	0.825135
130.000000	0.825432
135.000000	0.824719
140.000000	0.821888
145.000000	0.822947
150.000000	0.822806
155.000000	0.824080
160.000000	0.824953
165.000000	0.825489
170.000000	0.824914
175.000000	0.823254
180.000000	0.827487
185.000000	0.827201
190.000000	0.826089
195.000000	0.829494
200.000000	0.829575
205.000000	0.834605
210.000000	0.842715
215.000000	0.849023
220.000000	0.858281
225.000000	0.869953
230.000000	0.887928
235.000000	0.907554
240.000000	0.932200
245.000000	0.951437
250.000000	0.976126
255.000000	1.000000
