0.000000	0.954681
5.000000	0.952449
10.000000	0.952097
15.000000	0.952187
20.000000	0.951556
25.000000	0.952400
30.000000	0.952889
35.000000	0.951379
40.000000	0.951985
45.000000	0.950555
50.000000	0.950514
55.000000	0.950933
60.000000	0.950710
65.000000	0.950229
70.000000	0.949694
75.000000	0.950910
80.000000	0.951142
85.000000	0.953151
90.000000	0.951715
95.000000	0.949795
100.000000	0.950814
105.000000	0.959650
110.000000	0.950053
115.000000	0.950086
120.000000	0.949909
125.000000	0.950136
130.000000	0.951124
135.000000	0.951496
140.000000	0.950350
145.000000	0.950395
150.000000	0.950754
155.000000	0.951428
160.000000	0.953372
165.000000	0.954510
170.000000	0.953660
175.000000	0.953498
180.000000	0.953826
185.000000	0.956239
190.000000	0.956709
195.000000	0.958796
200.000000	0.960052
205.000000	0.963354
210.000000	0.968626
215.000000	0.974272
220.000000	0.976925
225.000000	0.982703
230.000000	0.989333
235.000000	0.993048
240.000000	0.998108
245.000000	1.000000
250.000000	0.996932
255.000000	0.988893
