255.000000	0.000000	0.000000	0.000000	0.460579	0.134580	0.448528	0.199768
250.000000	0.017790	-0.017790	0.244646	0.461961	0.149822	0.429435	0.184759
245.000000	0.023590	-0.023590	0.298382	0.464888	0.153065	0.414882	0.178232
240.000000	0.039850	-0.039850	0.251355	0.457390	0.151500	0.405760	0.172043
235.000000	0.006377	-0.006377	-0.079117	0.461902	0.128418	0.406021	0.176947
230.000000	0.020432	0.020432	-0.230379	0.471896	0.121762	0.405497	0.182293
225.000000	0.023372	0.023372	0.081308	0.456304	0.137412	0.388814	0.160605
220.000000	0.009366	-0.009366	0.145000	0.462779	0.140493	0.382811	0.158673
215.000000	0.015129	-0.015129	0.048216	0.459019	0.137323	0.383467	0.159883
210.000000	0.026178	-0.026178	0.065271	0.457789	0.138479	0.379999	0.158719
205.000000	0.006724	0.006724	-0.034250	0.464684	0.131118	0.382749	0.160919
200.000000	0.008466	-0.008466	0.069897	0.465575	0.131910	0.377303	0.154584
195.000000	0.038366	-0.038366	-0.002762	0.464062	0.135651	0.384297	0.162443
190.000000	0.008827	-0.008827	0.386038	0.469833	0.156533	0.384270	0.150675
185.000000	0.015173	-0.015173	0.429363	0.469284	0.158447	0.385258	0.151350
180.000000	0.005872	-0.005872	0.474933	0.467117	0.162684	0.389164	0.151067
175.000000	0.011767	-0.011767	0.472641	0.468198	0.160998	0.389711	0.150528
170.000000	0.008897	-0.008897	0.442020	0.463461	0.160196	0.391111	0.149987
165.000000	0.008637	-0.008637	0.497585	0.467845	0.163224	0.392954	0.150821
160.000000	0.024260	-0.024260	0.504821	0.460232	0.167185	0.399409	0.148932
155.000000	0.030566	-0.030566	0.474176	0.467640	0.162790	0.395353	0.149138
150.000000	0.033611	-0.033611	0.479067	0.457684	0.163401	0.397207	0.148511
145.000000	0.047060	-0.047060	0.420235	0.462175	0.159850	0.397306	0.147104
140.000000	0.059513	-0.059513	0.371441	0.464817	0.156686	0.398161	0.146083
135.000000	0.051589	-0.051589	0.398156	0.458436	0.160963	0.394147	0.148851
130.000000	0.040137	-0.040137	0.365324	0.464535	0.157109	0.398182	0.148469
125.000000	0.045816	-0.045816	0.320279	0.459774	0.157630	0.399945	0.147803
120.000000	0.044857	-0.044857	0.584127	0.453350	0.157192	0.400078	0.141092
115.000000	0.039427	-0.039427	0.202314	0.460992	0.144388	0.399084	0.146202
110.000000	0.042673	-0.042673	0.144253	0.461735	0.142609	0.400958	0.147832
105.000000	0.018102	0.018102	0.169731	0.441213	0.143765	0.417199	0.189397
100.000000	0.025363	0.025363	0.076766	0.465074	0.143052	0.432396	0.206884
95.000000	0.011071	0.011071	0.163465	0.462594	0.148827	0.426477	0.206431
90.000000	0.004252	0.004252	0.128953	0.458225	0.149066	0.426467	0.208543
85.000000	0.008759	0.008759	0.115010	0.458221	0.148394	0.425764	0.207992
80.000000	0.001004	0.001004	0.084479	0.462041	0.145755	0.426320	0.209385
75.000000	0.003957	0.003957	0.075485	0.457589	0.146043	0.427821	0.209338
70.000000	0.002420	-0.002420	0.098601	0.463865	0.146131	0.425396	0.209010
65.000000	0.010874	-0.010874	0.164996	0.457844	0.150433	0.426519	0.206255
60.000000	0.005381	0.005381	0.220898	0.460562	0.152116	0.423580	0.205429
55.000000	0.002325	0.002325	0.175899	0.462166	0.148796	0.424773	0.206269
50.000000	0.009277	-0.009277	0.278557	0.458290	0.156182	0.423585	0.204633
45.000000	0.004617	-0.004617	0.387310	0.453580	0.164643	0.423882	0.204591
40.000000	0.003152	-0.003152	0.535031	0.447656	0.172959	0.451023	0.198421
35.000000	0.061676	-0.061676	0.550658	0.456532	0.168410	0.406132	0.148565
30.000000	0.075296	-0.075296	0.449768	0.458230	0.164693	0.405814	0.145753
25.000000	0.074775	-0.074775	0.431914	0.456855	0.161778	0.402157	0.144643
20.000000	0.077631	-0.077631	0.358974	0.460285	0.159307	0.406629	0.144645
15.000000	0.072327	-0.072327	0.415714	0.460473	0.161221	0.406316	0.144639
10.000000	0.072058	-0.072058	0.458840	0.462919	0.162339	0.406198	0.144689
5.000000	0.059719	-0.059719	0.519767	0.460026	0.167616	0.411431	0.145633
0.000000	0.060138	-0.060138	0.533150	0.457996	0.166624	0.407834	0.146479
