0.000000	0.848206
5.000000	0.851320
10.000000	0.851197
15.000000	0.851736
20.000000	0.850869
25.000000	0.852359
30.000000	0.853637
35.000000	0.851822
40.000000	0.852952
45.000000	0.853012
50.000000	0.854292
55.000000	0.852994
60.000000	0.851782
65.000000	0.853395
70.000000	0.850922
75.000000	0.852824
80.000000	0.854237
85.000000	0.853591
90.000000	0.854391
95.000000	0.857227
100.000000	0.857805
105.000000	0.856893
110.000000	0.861051
115.000000	0.862612
120.000000	0.863242
125.000000	0.867571
130.000000	0.867149
135.000000	0.871663
140.000000	0.875899
145.000000	0.884191
150.000000	0.883241
155.000000	0.893290
160.000000	0.897383
165.000000	0.907589
170.000000	0.913818
175.000000	0.922974
180.000000	0.936901
185.000000	0.946914
190.000000	0.957030
195.000000	0.966174
200.000000	0.977902
205.000000	0.987502
210.000000	1.000000
215.000000	0.999386
220.000000	0.998268
225.000000	0.986013
230.000000	0.956609
235.000000	0.919879
240.000000	0.860655
245.000000	0.818924
250.000000	0.740245
255.000000	0.651147
