255.000000	0.000000	0.000000	0.000000	0.383070	0.049304	0.394395	0.181481
250.000000	0.054766	0.053242	-0.162775	0.373704	0.070768	0.387952	0.179386
245.000000	0.115898	0.058097	-0.289893	0.369295	0.100985	0.379200	0.174229
240.000000	0.158823	0.041191	-0.358837	0.370924	0.117070	0.378323	0.171311
235.000000	0.146429	0.050198	-0.343057	0.368670	0.112527	0.379083	0.174897
230.000000	0.068656	0.070128	-0.207441	0.370010	0.076568	0.393909	0.185936
225.000000	0.043588	0.027977	-0.115153	0.373179	0.060633	0.390209	0.183292
220.000000	0.137295	0.037720	-0.312310	0.371352	0.099895	0.382238	0.174786
215.000000	0.152782	0.036988	-0.342552	0.366276	0.108813	0.379504	0.173560
210.000000	0.112310	0.065251	-0.289871	0.368408	0.101052	0.378239	0.178147
205.000000	0.023568	0.071495	-0.118630	0.371675	0.065444	0.395830	0.183815
200.000000	0.132423	-0.323915	0.588762	0.360904	0.050150	0.385960	0.158074
195.000000	0.086365	-0.188043	0.360772	0.364595	0.037286	0.384475	0.168229
190.000000	0.119994	-0.285652	0.525641	0.357871	0.042463	0.380344	0.161587
185.000000	0.117977	-0.252330	0.488283	0.352721	0.040050	0.385243	0.161867
180.000000	0.037938	0.031567	0.044309	0.380936	0.046211	0.391572	0.175137
175.000000	0.075666	-0.083163	0.234495	0.366758	0.035940	0.380177	0.167847
170.000000	0.070060	-0.056775	0.196894	0.369134	0.037568	0.385138	0.169873
165.000000	0.075898	-0.067011	0.218808	0.375077	0.037868	0.382332	0.168549
160.000000	0.092743	-0.121053	0.306539	0.381316	0.037533	0.383460	0.166163
155.000000	0.118818	-0.208624	0.446260	0.363750	0.038399	0.384088	0.161650
150.000000	0.125653	-0.232993	0.484298	0.362730	0.040309	0.384131	0.160499
145.000000	0.101618	-0.161975	0.365211	0.373448	0.036872	0.384513	0.165770
140.000000	0.046789	0.017400	0.076178	0.372619	0.042636	0.385545	0.174216
135.000000	0.025769	0.059293	-0.007755	0.383515	0.051158	0.388334	0.179816
130.000000	0.019449	0.070148	-0.031250	0.384681	0.053524	0.388639	0.182600
125.000000	0.002982	0.094968	-0.089003	0.376111	0.060419	0.395294	0.185915
120.000000	0.013423	0.102943	-0.076097	0.380405	0.059021	0.393514	0.186526
115.000000	0.056768	0.054760	0.058776	0.382548	0.042905	0.389941	0.178621
110.000000	0.084600	0.062581	0.106619	0.380734	0.038380	0.384811	0.175100
105.000000	0.095055	0.109262	0.080849	0.379729	0.037302	0.383844	0.176087
100.000000	0.111311	0.182052	0.040570	0.372952	0.036024	0.386038	0.180346
95.000000	0.127594	0.290516	-0.035327	0.369600	0.038546	0.380513	0.181429
90.000000	0.183007	0.427010	-0.060996	0.361414	0.028808	0.383639	0.186955
85.000000	0.244961	0.612072	-0.122151	0.356757	0.031876	0.377805	0.188923
80.000000	0.311220	0.749773	-0.127332	0.365002	0.047534	0.351093	0.188946
75.000000	0.451365	0.969839	-0.067108	0.364777	0.050288	0.327400	0.194435
70.000000	0.611139	1.156970	0.065307	0.364718	0.060516	0.360504	0.200139
65.000000	0.799664	1.388577	0.210751	0.366815	0.064713	0.323529	0.177783
60.000000	0.934448	1.511369	0.357527	0.364960	0.072953	0.371039	0.218446
55.000000	1.037248	1.629292	0.445205	0.368228	0.075564	0.374652	0.220775
50.000000	1.086946	1.660990	0.512903	0.373345	0.082230	0.354235	0.204683
45.000000	1.115717	1.665020	0.566414	0.373563	0.087717	0.370982	0.210330
40.000000	1.142671	1.686944	0.598397	0.380065	0.090100	0.366285	0.202464
35.000000	1.172873	1.721998	0.623748	0.381081	0.087315	0.367844	0.200753
30.000000	1.204992	1.753590	0.656394	0.376482	0.086743	0.347516	0.187587
25.000000	1.214169	1.743879	0.684459	0.377507	0.091984	0.344602	0.186380
20.000000	1.242204	1.784747	0.699661	0.374988	0.086692	0.335193	0.181898
15.000000	1.254271	1.794027	0.714515	0.377911	0.086983	0.325797	0.176323
10.000000	1.282538	1.839122	0.725954	0.380593	0.081501	0.325630	0.175946
5.000000	1.310965	1.891074	0.730856	0.381360	0.075174	0.320560	0.173620
0.000000	1.321330	1.900597	0.742063	0.383181	0.074740	0.313553	0.172264
