0.000000	0.891225
5.000000	0.890666
10.000000	0.890861
15.000000	0.891152
20.000000	0.890236
25.000000	0.891455
30.000000	0.891490
35.000000	0.891256
40.000000	0.889339
45.000000	0.890412
50.000000	0.890198
55.000000	0.891117
60.000000	0.890705
65.000000	0.890903
70.000000	0.891262
75.000000	0.891404
80.000000	0.891516
85.000000	0.891713
90.000000	0.891392
95.000000	0.892666
100.000000	0.891394
105.000000	0.893611
110.000000	0.895397
115.000000	0.895167
120.000000	0.896621
125.000000	0.898117
130.000000	0.899352
135.000000	0.900260
140.000000	0.901323
145.000000	0.903804
150.000000	0.907193
155.000000	0.909257
160.000000	0.912322
165.000000	0.918215
170.000000	0.923385
175.000000	0.929685
180.000000	0.935750
185.000000	0.941621
190.000000	0.950621
195.000000	0.957122
200.000000	0.967244
205.000000	0.976450
210.000000	0.986639
215.000000	0.992791
220.000000	1.000000
225.000000	0.996074
230.000000	0.993051
235.000000	0.970964
240.000000	0.949169
245.000000	0.901457
250.000000	0.851272
255.000000	0.768306
