255.000000	0.000000	0.000000	0.000000	0.368245	0.217530	0.422620	0.271052
250.000000	0.126848	0.006151	-0.259846	0.350127	0.210897	0.392248	0.256009
245.000000	0.126516	0.004311	-0.257343	0.347209	0.209305	0.408295	0.254258
240.000000	0.201594	0.018366	-0.421553	0.353994	0.211174	0.413588	0.240497
235.000000	0.254396	-0.003694	-0.505098	0.352974	0.219345	0.416373	0.244245
230.000000	0.275582	-0.003769	-0.547395	0.358876	0.222483	0.426343	0.256299
225.000000	0.267525	-0.003190	-0.531861	0.362393	0.218045	0.417610	0.250566
220.000000	0.266222	-0.000191	-0.532254	0.354237	0.222790	0.412587	0.252162
215.000000	0.246315	-0.002304	-0.490326	0.343459	0.216760	0.404027	0.241730
210.000000	0.169703	-0.007985	-0.331420	0.348262	0.209132	0.399027	0.240654
205.000000	0.175082	-0.003846	-0.346317	0.356120	0.209159	0.407808	0.242103
200.000000	0.200786	-0.005961	-0.395611	0.344168	0.209998	0.409688	0.245577
195.000000	0.180181	-0.006324	-0.354039	0.338579	0.210556	0.415029	0.253555
190.000000	0.129994	-0.013238	-0.246751	0.347976	0.214244	0.409554	0.258635
185.000000	0.063302	-0.018486	-0.108117	0.355481	0.206626	0.408451	0.268319
180.000000	0.068836	-0.020121	-0.117551	0.353913	0.212125	0.398205	0.261365
175.000000	0.023757	-0.000778	-0.046736	0.362753	0.214040	0.425896	0.258647
170.000000	0.097539	-0.007197	0.202276	0.381290	0.217543	0.412049	0.257121
165.000000	0.112867	-0.030421	0.256156	0.387794	0.213743	0.418895	0.264848
160.000000	0.155399	-0.039667	0.350465	0.394478	0.219611	0.412533	0.265436
155.000000	0.853068	0.109087	1.597049	0.378444	0.082256	0.415956	0.121348
150.000000	0.090177	-0.046495	0.226849	0.391907	0.215896	0.412199	0.263525
145.000000	0.034431	-0.021820	0.090681	0.388461	0.218857	0.401132	0.270697
140.000000	0.019562	-0.008399	-0.030726	0.375000	0.215007	0.416127	0.279761
135.000000	0.010031	-0.012060	-0.008002	0.370142	0.217933	0.410658	0.279846
130.000000	0.061838	-0.024785	0.148460	0.388433	0.213124	0.401199	0.277754
125.000000	0.093875	-0.032258	0.220008	0.370934	0.211631	0.398167	0.279773
120.000000	0.895739	-1.868914	0.077437	0.397640	0.224850	0.361504	0.199278
115.000000	0.042421	0.011685	0.073157	0.380211	0.213354	0.389283	0.303979
110.000000	0.079524	0.159197	-0.318245	0.343161	0.086039	0.358816	0.188013
105.000000	0.083406	0.006173	0.160638	0.383764	0.215806	0.386227	0.318121
100.000000	0.131211	-0.011602	0.274023	0.387633	0.214611	0.388676	0.305746
95.000000	0.123602	-0.010997	0.258201	0.399234	0.204653	0.388951	0.290345
90.000000	0.193316	-0.031966	0.418598	0.381284	0.211488	0.398713	0.264717
85.000000	0.137807	-0.026573	0.302187	0.367002	0.198128	0.392532	0.249227
80.000000	0.016087	-0.000955	0.033129	0.332880	0.187759	0.402171	0.247680
75.000000	0.021528	-0.008188	-0.034868	0.323382	0.179146	0.404334	0.237991
70.000000	0.031560	-0.021457	-0.041664	0.321418	0.171922	0.399758	0.220387
65.000000	0.022801	-0.068152	0.022550	0.303963	0.161877	0.403780	0.206958
60.000000	0.036016	-0.131764	0.203797	0.305980	0.165661	0.409386	0.209697
55.000000	0.056015	-0.189540	0.301571	0.320380	0.161303	0.408496	0.207983
50.000000	0.061886	-0.185180	0.308952	0.321570	0.163708	0.412806	0.206918
45.000000	0.014578	-0.148056	0.118900	0.301530	0.155028	0.403824	0.199508
40.000000	0.044113	-0.113398	0.025171	0.302374	0.154798	0.401093	0.199434
35.000000	0.087358	-0.114370	-0.060347	0.320336	0.155079	0.400389	0.192927
30.000000	0.088926	-0.078979	-0.098874	0.301405	0.155921	0.399575	0.183837
25.000000	0.055976	-0.170570	0.282522	0.305210	0.162255	0.413332	0.198759
20.000000	0.216171	-0.294025	0.726367	0.310579	0.158021	0.397816	0.174356
15.000000	0.154014	-0.338811	0.646840	0.303648	0.153969	0.408300	0.186493
10.000000	0.050103	-0.298637	0.398842	0.316390	0.150775	0.415094	0.206881
5.000000	0.033065	-0.268493	0.202364	0.316564	0.151992	0.408474	0.201705
0.000000	0.087197	-0.184640	0.010247	0.308737	0.157540	0.404753	0.191804
