255.000000	0.000000	0.000000	0.000000	0.387493	0.089790	0.410425	0.102298
250.000000	0.005163	-0.005163	0.005061	0.390180	0.087223	0.401526	0.096262
245.000000	0.010087	-0.010087	0.102740	0.383682	0.089691	0.401372	0.092641
240.000000	0.023882	-0.023882	0.142221	0.395634	0.090294	0.400048	0.087000
235.000000	0.025470	-0.025470	0.166140	0.385669	0.091113	0.405905	0.085592
230.000000	0.031401	-0.031401	0.160867	0.394419	0.091674	0.408824	0.081389
225.000000	0.013656	-0.013656	0.199364	0.390580	0.092652	0.412626	0.080626
220.000000	0.001416	0.001416	0.257546	0.396792	0.096706	0.411848	0.078868
215.000000	0.006772	-0.006772	0.306441	0.401612	0.098102	0.405638	0.077343
210.000000	0.009215	-0.009215	0.082014	0.394768	0.089912	0.416579	0.074976
205.000000	0.000556	0.000556	0.010036	0.390164	0.087329	0.417708	0.074887
200.000000	0.005624	0.005624	-0.265998	0.386321	0.086285	0.424534	0.078397
195.000000	0.025669	0.025669	-0.556987	0.384513	0.091792	0.431301	0.086032
190.000000	0.042501	0.042501	-0.637983	0.391290	0.097874	0.438197	0.088541
185.000000	0.036445	0.036445	-0.503701	0.386016	0.092617	0.434234	0.084223
180.000000	0.036119	0.036119	-0.424877	0.385053	0.090987	0.428409	0.081009
175.000000	0.046711	0.046711	-0.334342	0.385622	0.090976	0.434044	0.080333
170.000000	0.049945	0.049945	-0.335666	0.385542	0.091203	0.427346	0.079791
165.000000	0.046497	0.046497	-0.259010	0.389786	0.092135	0.430714	0.078314
160.000000	0.056191	0.056191	-0.233003	0.392881	0.092293	0.424948	0.077885
155.000000	0.063097	0.063097	-0.141322	0.396599	0.092424	0.429186	0.077718
150.000000	0.073816	0.073816	-0.009690	0.393988	0.094597	0.424243	0.078134
145.000000	0.067837	0.067837	0.109242	0.402950	0.100098	0.425331	0.079695
140.000000	0.076953	0.076953	0.092887	0.395077	0.098382	0.437087	0.082185
135.000000	0.086480	0.086480	0.175163	0.395791	0.102811	0.442716	0.084320
130.000000	0.090341	0.090341	0.216213	0.406432	0.104465	0.439268	0.084429
125.000000	0.097303	0.097303	0.232591	0.404479	0.106816	0.430645	0.083178
120.000000	0.113063	0.113063	0.284094	0.412257	0.108364	0.435701	0.086281
115.000000	0.119599	0.119599	0.280228	0.400789	0.109712	0.442228	0.088386
110.000000	0.114213	0.114213	0.265248	0.400030	0.110971	0.444243	0.089115
105.000000	0.099387	0.099387	0.100801	0.395398	0.105315	0.450567	0.087895
100.000000	0.102514	0.102514	0.058246	0.395478	0.105369	0.461547	0.089933
95.000000	0.105236	0.105236	-0.077457	0.394098	0.103221	0.462974	0.090084
90.000000	0.098562	0.098562	0.042408	0.399429	0.106601	0.456949	0.089332
85.000000	0.092967	0.092967	-0.024768	0.394561	0.104866	0.458142	0.090664
80.000000	0.073926	0.073926	0.048272	0.397071	0.106580	0.457767	0.092024
75.000000	0.090953	0.090953	0.207104	0.401366	0.111893	0.446857	0.091777
70.000000	0.091695	0.091695	0.023373	0.399736	0.106956	0.458896	0.091358
65.000000	0.106240	0.106240	-0.014211	0.398655	0.105699	0.460130	0.091040
60.000000	0.095380	0.095380	-0.173193	0.398131	0.104752	0.461825	0.091521
55.000000	0.101392	0.101392	-0.249871	0.400955	0.105493	0.465022	0.092473
50.000000	0.096019	0.096019	-0.281185	0.399244	0.104199	0.452379	0.091527
45.000000	0.096305	0.096305	-0.258883	0.396198	0.104267	0.450534	0.089957
40.000000	0.112162	0.112162	-0.272342	0.396744	0.104398	0.447499	0.090299
35.000000	0.121182	0.121182	-0.176600	0.396928	0.103551	0.449029	0.088704
30.000000	0.124710	0.124710	-0.110201	0.397302	0.104201	0.446036	0.087561
25.000000	0.118160	0.118160	-0.245825	0.401517	0.103543	0.445903	0.087572
20.000000	0.154294	0.154294	-0.189503	0.415829	0.107498	0.422275	0.080428
15.000000	0.139265	0.139265	0.411525	0.422692	0.116750	0.439158	0.089022
10.000000	0.109652	0.109652	0.032703	0.399751	0.106162	0.431621	0.085269
5.000000	0.109894	0.109894	-0.098724	0.401554	0.102734	0.431807	0.084772
0.000000	0.109913	0.109913	-0.060246	0.404121	0.103085	0.425417	0.083535
