255.000000	0.000000	0.000000	0.000000	0.407166	0.234260	0.413014	0.221145
250.000000	0.038823	0.038823	0.065527	0.405288	0.230253	0.416345	0.223355
245.000000	0.060201	0.060201	0.054164	0.411110	0.232121	0.420156	0.219610
240.000000	0.078072	0.078072	0.150526	0.396492	0.227993	0.428042	0.225561
235.000000	0.092029	0.092029	0.222001	0.416456	0.233756	0.424619	0.223316
230.000000	0.106250	0.106250	0.159687	0.400670	0.230353	0.419385	0.223527
225.000000	0.122859	0.122859	0.128769	0.400062	0.227124	0.413312	0.218996
220.000000	0.133183	0.133183	-0.021564	0.397050	0.235540	0.416109	0.224484
215.000000	0.130395	0.130395	-0.006019	0.396498	0.232949	0.415563	0.224594
210.000000	0.141755	0.141755	0.013331	0.403227	0.235959	0.415495	0.227809
205.000000	0.139262	0.139262	0.323463	0.393472	0.224138	0.418208	0.224799
200.000000	0.147737	0.147737	0.265591	0.412703	0.223635	0.420479	0.221580
195.000000	0.164346	0.164346	0.050465	0.397284	0.232140	0.416256	0.229169
190.000000	0.159905	0.159905	0.130633	0.402594	0.228195	0.413173	0.227629
185.000000	0.169909	0.169909	0.012582	0.396034	0.233134	0.417388	0.231073
180.000000	0.170633	0.170633	0.174664	0.389936	0.227720	0.413928	0.226324
175.000000	0.161016	0.161016	0.132531	0.407284	0.231338	0.419354	0.230645
170.000000	0.184063	0.184063	0.027835	0.391943	0.219655	0.406920	0.208564
165.000000	0.177056	0.177056	-0.119767	0.392116	0.232349	0.413583	0.228023
160.000000	0.166449	0.166449	0.888993	0.403606	0.222698	0.410254	0.219492
155.000000	0.163948	0.163948	0.208661	0.411300	0.229264	0.409157	0.222455
150.000000	0.174420	0.174420	-0.003149	0.397084	0.229584	0.411562	0.220247
145.000000	0.180532	0.180532	0.788786	0.414371	0.231962	0.422236	0.232373
140.000000	0.169845	0.169845	0.240846	0.396956	0.219780	0.414518	0.216969
135.000000	0.166209	0.166209	0.554631	0.423582	0.231229	0.414708	0.223972
130.000000	0.171434	0.171434	0.839692	0.409865	0.230401	0.414758	0.229381
125.000000	0.195494	0.195494	0.607359	0.419335	0.234194	0.418821	0.230250
120.000000	0.194390	0.194390	0.740402	0.419628	0.230836	0.417018	0.228731
115.000000	0.194017	0.194017	0.247498	0.400151	0.224318	0.409619	0.215409
110.000000	0.200623	0.200623	0.934014	0.404848	0.228682	0.402557	0.227415
105.000000	0.193412	0.193412	0.630768	0.416697	0.233483	0.414203	0.226060
100.000000	0.167959	0.167959	0.800487	0.406714	0.218289	0.415005	0.206957
95.000000	0.196082	0.196082	0.642244	0.420475	0.232672	0.415046	0.224705
90.000000	0.195503	0.195503	0.072570	0.387023	0.228908	0.398021	0.217995
85.000000	0.190824	0.190824	0.159228	0.407509	0.227989	0.407282	0.217736
80.000000	0.182395	0.182395	-0.392042	0.386090	0.232886	0.426244	0.225940
75.000000	0.208953	0.208953	-0.210167	0.405146	0.234751	0.413916	0.220084
70.000000	0.199536	0.199536	-0.707842	0.387204	0.223495	0.423390	0.227860
65.000000	0.208379	0.208379	-0.249930	0.402871	0.235925	0.413563	0.220088
60.000000	0.198266	0.198266	-0.101465	0.394107	0.234431	0.402918	0.216344
55.000000	0.199644	0.199644	-0.239174	0.398980	0.238684	0.413086	0.218746
50.000000	0.223737	0.223737	-0.430841	0.388683	0.233472	0.425364	0.224577
45.000000	0.222061	0.222061	-0.080022	0.395058	0.231247	0.402658	0.213952
40.000000	0.224432	0.224432	-0.720910	0.388315	0.211605	0.423540	0.222714
35.000000	0.204617	0.204617	-0.158289	0.392687	0.237628	0.406401	0.222443
30.000000	0.206947	0.206947	-0.353091	0.391679	0.229719	0.425841	0.224921
25.000000	0.213487	0.213487	-0.401744	0.386218	0.230556	0.428744	0.218006
20.000000	0.212690	0.212690	-0.218561	0.401369	0.239116	0.405743	0.219376
15.000000	0.212451	0.212451	-0.182034	0.401798	0.236895	0.407121	0.220120
10.000000	0.202144	0.202144	0.129769	0.404949	0.231025	0.396009	0.212153
5.000000	0.202274	0.202274	0.119708	0.413957	0.231898	0.402387	0.214897
0.000000	0.197058	0.197058	0.036698	0.407999	0.234628	0.401566	0.214604
