255.000000	0.000000	0.000000	0.000000	0.468274	0.154812	0.533181	0.185724
250.000000	0.017637	0.016020	-0.051294	0.468456	0.156104	0.569274	0.187465
245.000000	0.005351	0.035005	-0.024302	0.470298	0.150863	0.584007	0.191971
240.000000	0.134428	0.058481	-0.327337	0.476196	0.150029	0.597558	0.165972
235.000000	0.214508	0.018652	0.410364	0.456455	0.152528	0.597256	0.198287
230.000000	0.189308	0.021198	0.357418	0.466409	0.151178	0.599106	0.200261
225.000000	0.280882	0.031923	0.529841	0.459486	0.152201	0.600150	0.197306
220.000000	0.041922	0.076124	0.007721	0.472574	0.154263	0.608812	0.196040
215.000000	0.148179	0.057666	0.238692	0.467598	0.151781	0.604590	0.195429
210.000000	0.256802	0.117083	-0.630688	0.441148	0.145992	0.595711	0.159574
205.000000	0.076692	0.073708	0.079676	0.466794	0.149984	0.604050	0.188576
200.000000	0.320156	0.042459	0.597853	0.462710	0.147514	0.580144	0.190634
195.000000	0.075308	0.086540	0.064076	0.468645	0.152822	0.594543	0.190826
190.000000	0.258651	0.084417	0.432885	0.463391	0.150870	0.581155	0.193732
185.000000	0.101141	0.083836	0.118446	0.470349	0.152544	0.590663	0.190787
180.000000	0.230987	0.127179	0.334796	0.465112	0.149705	0.583277	0.188132
175.000000	0.305138	0.068995	0.541282	0.461741	0.150148	0.579324	0.189714
170.000000	0.242048	0.097694	0.386401	0.464207	0.144691	0.570576	0.182088
165.000000	0.353260	0.096666	0.609853	0.457925	0.149375	0.578788	0.185972
160.000000	0.487450	0.042550	0.932350	0.463404	0.144805	0.591360	0.168897
155.000000	0.250633	0.096631	0.404634	0.468434	0.149874	0.572504	0.189690
150.000000	0.730167	0.073047	1.387288	0.465298	0.128013	0.593118	0.143415
145.000000	0.600851	0.004307	1.197394	0.464700	0.131701	0.582819	0.150501
140.000000	1.317542	0.040170	2.594914	0.456911	0.105102	0.577391	0.110102
135.000000	0.964159	0.013245	1.915073	0.479600	0.137308	0.601041	0.133636
130.000000	0.648806	0.053978	1.243635	0.466882	0.151354	0.604451	0.164204
125.000000	0.243040	0.116071	-0.602150	0.431582	0.145276	0.577454	0.153502
120.000000	1.134667	0.113059	-2.382392	0.475178	0.123075	0.592930	0.120916
115.000000	1.708924	0.053007	-3.470854	0.455261	0.129226	0.563943	0.166923
110.000000	1.695558	0.104122	-3.495239	0.449095	0.135654	0.563835	0.175256
105.000000	1.474641	0.058988	-3.008269	0.424951	0.111005	0.579888	0.126295
100.000000	1.613029	0.093630	-3.319689	0.458735	0.145384	0.572321	0.180587
95.000000	1.180884	0.105343	-2.467111	0.473870	0.132372	0.604216	0.142624
90.000000	1.366409	0.117557	-2.850375	0.460595	0.146368	0.588243	0.163189
85.000000	0.970330	0.133897	-2.074557	0.479149	0.135428	0.591594	0.136540
80.000000	1.427078	0.120567	-2.974723	0.457594	0.145407	0.582274	0.170074
75.000000	2.006851	0.161504	-4.175205	0.468434	0.140042	0.573961	0.152110
70.000000	1.728095	0.223900	-3.680089	0.459241	0.132836	0.563645	0.165094
65.000000	0.815530	2.084956	-3.716016	0.466452	0.142522	0.585377	0.137739
60.000000	0.911068	2.147013	-3.969150	0.476923	0.129670	0.593824	0.130207
55.000000	0.026332	2.149140	-2.201805	0.462136	0.146238	0.568376	0.161347
50.000000	0.454986	2.113595	-1.203623	0.461537	0.149467	0.578466	0.178882
45.000000	0.867999	2.095894	-0.359895	0.474766	0.137300	0.600217	0.145559
40.000000	0.488203	2.108773	-1.132366	0.460089	0.150517	0.579644	0.178426
35.000000	0.550120	2.088276	-0.988035	0.463304	0.153659	0.589315	0.175947
30.000000	0.104117	2.167221	-1.958987	0.467629	0.159331	0.574060	0.188693
25.000000	0.865482	2.115426	-3.846391	0.474725	0.135810	0.583443	0.133404
20.000000	1.159132	2.122651	-4.440915	0.459175	0.063451	0.571116	0.073097
15.000000	1.614561	2.092149	-5.321271	0.457521	0.126518	0.569827	0.157243
10.000000	0.689993	2.118909	-3.498896	0.460190	0.143487	0.577602	0.141030
5.000000	1.051859	2.094185	-4.197904	0.484110	0.138066	0.593421	0.138346
0.000000	1.465321	2.138564	-5.069206	0.462000	0.137830	0.582586	0.152743
