255.000000	0.000000	0.000000	0.000000	0.423741	0.159241	0.451286	0.156620
250.000000	0.060412	-0.060412	1.275724	0.387890	0.134084	0.463519	0.152340
245.000000	0.009729	-0.009729	-0.142988	0.412616	0.169685	0.471043	0.172841
240.000000	0.027055	-0.027055	-0.897361	0.420771	0.140434	0.471258	0.117138
235.000000	0.037741	-0.037741	-0.765638	0.403907	0.174052	0.487214	0.178267
230.000000	0.039068	-0.039068	-0.536347	0.394366	0.169782	0.503315	0.177729
225.000000	0.049098	-0.049098	-0.955695	0.406057	0.167258	0.493056	0.171281
220.000000	0.048727	-0.048727	-0.152811	0.414539	0.166871	0.509861	0.174899
215.000000	0.020995	-0.020995	-0.906818	0.410941	0.173640	0.510799	0.172114
210.000000	0.051318	-0.051318	-0.314370	0.394795	0.171023	0.519155	0.182232
205.000000	0.046338	-0.046338	-0.242561	0.405861	0.162437	0.517229	0.175800
200.000000	0.100066	-0.100066	1.520388	0.406051	0.136478	0.533755	0.160366
195.000000	0.018749	0.018749	0.766941	0.405062	0.139166	0.503010	0.172491
190.000000	0.040579	-0.040579	-0.358284	0.403581	0.169554	0.518335	0.184305
185.000000	0.031924	-0.031924	-0.173373	0.409529	0.171281	0.521646	0.187614
180.000000	0.041890	-0.041890	-0.027984	0.420664	0.170886	0.519339	0.187230
175.000000	0.059779	-0.059779	-0.342735	0.397065	0.170506	0.527609	0.186001
170.000000	0.050670	-0.050670	0.030834	0.428864	0.168926	0.516773	0.190551
165.000000	0.057895	-0.057895	0.087532	0.422680	0.168123	0.508303	0.194501
160.000000	0.059762	-0.059762	-0.010977	0.422306	0.168984	0.513186	0.190418
155.000000	0.080724	-0.080724	0.012300	0.426696	0.169636	0.515669	0.191045
150.000000	0.060604	-0.060604	-0.319882	0.401047	0.171281	0.517333	0.185236
145.000000	0.077191	-0.077191	0.421235	0.410486	0.150763	0.507891	0.189698
140.000000	0.078757	-0.078757	0.368956	0.413914	0.148094	0.500145	0.187727
135.000000	0.059721	-0.059721	0.467783	0.413763	0.145500	0.506077	0.181381
130.000000	0.085786	-0.085786	0.719305	0.404063	0.153867	0.517676	0.193183
125.000000	0.078061	-0.078061	0.458096	0.409035	0.157838	0.512674	0.193571
120.000000	0.073920	-0.073920	0.352349	0.417153	0.160901	0.504100	0.196065
115.000000	0.079626	-0.079626	0.404363	0.410689	0.156969	0.504380	0.196021
110.000000	0.080003	-0.080003	0.342997	0.413969	0.160446	0.506048	0.194661
105.000000	0.086282	-0.086282	0.408601	0.413495	0.157929	0.507449	0.194375
100.000000	0.099778	-0.099778	0.491449	0.409506	0.155563	0.508521	0.194667
95.000000	0.109334	-0.109334	0.506095	0.414656	0.156277	0.506264	0.194747
90.000000	0.104904	-0.104904	0.569389	0.408575	0.154391	0.505170	0.193162
85.000000	0.113738	-0.113738	0.424944	0.410344	0.157064	0.502689	0.195664
80.000000	0.111865	-0.111865	0.618709	0.406187	0.156557	0.511350	0.194279
75.000000	0.114353	-0.114353	0.602597	0.406917	0.156716	0.510220	0.193490
70.000000	0.097349	-0.097349	0.687259	0.402802	0.156256	0.512849	0.193302
65.000000	0.116003	-0.116003	0.602380	0.406732	0.156811	0.508140	0.193499
60.000000	0.080273	-0.080273	0.824465	0.401456	0.157380	0.515538	0.196286
55.000000	0.105775	-0.105775	0.702473	0.402430	0.155194	0.505658	0.195277
50.000000	0.106090	-0.106090	0.391635	0.415310	0.159108	0.502560	0.195059
45.000000	0.115788	-0.115788	0.790704	0.402971	0.155954	0.507778	0.195513
40.000000	0.108424	-0.108424	0.433464	0.411823	0.156308	0.506992	0.193809
35.000000	0.130549	-0.130549	0.384728	0.414519	0.157869	0.504094	0.193545
30.000000	0.148782	-0.148782	0.616607	0.407241	0.155746	0.509069	0.193743
25.000000	0.129571	-0.129571	0.646966	0.409160	0.156055	0.512841	0.193873
20.000000	0.152788	-0.152788	1.079436	0.394895	0.155740	0.513954	0.194429
15.000000	0.118175	-0.118175	0.791235	0.399754	0.156990	0.514226	0.195101
10.000000	0.141844	-0.141844	0.951574	0.401562	0.156329	0.518717	0.193437
5.000000	0.084117	-0.084117	0.670892	0.402238	0.155571	0.512167	0.194904
0.000000	0.117052	-0.117052	0.977807	0.400704	0.155473	0.521370	0.193910
