0.000000	0.896163
5.000000	0.895984
10.000000	0.893570
15.000000	0.896098
20.000000	0.894985
25.000000	0.895605
30.000000	0.897380
35.000000	0.897977
40.000000	0.897850
45.000000	0.897865
50.000000	0.888683
55.000000	0.897971
60.000000	0.898523
65.000000	0.898644
70.000000	0.896194
75.000000	0.900896
80.000000	0.898419
85.000000	0.901394
90.000000	0.901254
95.000000	0.903280
100.000000	0.906004
105.000000	0.907802
110.000000	0.908155
115.000000	0.913827
120.000000	0.915939
125.000000	0.917316
130.000000	0.922819
135.000000	0.927372
140.000000	0.930705
145.000000	0.937189
150.000000	0.941021
155.000000	0.947432
160.000000	0.954967
165.000000	0.962747
170.000000	0.967858
175.000000	0.975022
180.000000	0.984481
185.000000	0.989798
190.000000	0.993572
195.000000	1.000000
200.000000	0.994173
205.000000	0.995595
210.000000	0.980350
215.000000	0.958959
220.000000	0.933327
225.000000	0.881549
230.000000	0.833158
235.000000	0.754703
240.000000	0.652271
245.000000	0.567442
250.000000	0.458350
255.000000	0.345016
