0.000000	0.889808
5.000000	0.892211
10.000000	0.890354
15.000000	0.893893
20.000000	0.891132
25.000000	0.893509
30.000000	0.889814
35.000000	0.891419
40.000000	0.890026
45.000000	0.891346
50.000000	0.891641
55.000000	0.892392
60.000000	0.892555
65.000000	0.892887
70.000000	0.890695
75.000000	0.892926
80.000000	0.892697
85.000000	0.895562
90.000000	0.895244
95.000000	0.893865
100.000000	0.898511
105.000000	0.900685
110.000000	0.901026
115.000000	0.901537
120.000000	0.906480
125.000000	0.911311
130.000000	0.911339
135.000000	0.918255
140.000000	0.919823
145.000000	0.926355
150.000000	0.929396
155.000000	0.939206
160.000000	0.945567
165.000000	0.951873
170.000000	0.960077
175.000000	0.968333
180.000000	0.977319
185.000000	0.986921
190.000000	0.991844
195.000000	0.998185
200.000000	1.000000
205.000000	0.997859
210.000000	0.999071
215.000000	0.976826
220.000000	0.957430
225.000000	0.917137
230.000000	0.877024
235.000000	0.816359
240.000000	0.723089
245.000000	0.646609
250.000000	0.540041
255.000000	0.427659
