0.000000	0.948173
5.000000	0.949311
10.000000	0.950747
15.000000	0.953355
20.000000	0.952907
25.000000	0.957770
30.000000	0.964211
35.000000	0.970728
40.000000	0.978379
45.000000	0.982160
50.000000	0.982268
55.000000	0.988047
60.000000	1.000000
65.000000	0.992544
70.000000	0.958859
75.000000	0.923788
80.000000	0.847149
85.000000	0.812603
90.000000	0.720521
95.000000	0.620646
100.000000	0.572285
105.000000	0.532732
110.000000	0.508161
115.000000	0.486407
120.000000	0.482717
125.000000	0.475900
130.000000	0.468889
135.000000	0.463798
140.000000	0.460758
145.000000	0.459262
150.000000	0.456564
155.000000	0.453212
160.000000	0.451110
165.000000	0.450746
170.000000	0.452779
175.000000	0.454651
180.000000	0.454154
185.000000	0.453212
190.000000	0.452722
195.000000	0.452202
200.000000	0.450992
205.000000	0.449020
210.000000	0.448150
215.000000	0.447319
220.000000	0.448331
225.000000	0.448266
230.000000	0.447644
235.000000	0.445852
240.000000	0.443891
245.000000	0.442758
250.000000	0.442937
255.000000	0.443659
