255.000000	0.000000	0.000000	0.000000	0.355545	0.231864	0.377443	0.200997
250.000000	0.000977	-0.000977	0.031007	0.353230	0.234597	0.378546	0.201160
245.000000	0.002375	-0.002375	0.056228	0.346296	0.238936	0.376499	0.201641
240.000000	0.003323	-0.003323	0.075946	0.344861	0.238070	0.377482	0.201388
235.000000	0.003600	-0.003600	0.105328	0.339467	0.236697	0.371002	0.198152
230.000000	0.002256	-0.002256	0.140218	0.333761	0.239230	0.372471	0.197827
225.000000	0.001064	0.001064	0.178388	0.334856	0.238995	0.376562	0.198549
220.000000	0.003445	0.003445	0.200010	0.331464	0.238166	0.379150	0.199287
215.000000	0.004970	0.004970	0.209472	0.331832	0.239297	0.380681	0.197532
210.000000	0.007233	0.007233	0.225428	0.333806	0.240427	0.381424	0.199134
205.000000	0.010634	0.010634	0.246338	0.331224	0.244002	0.383976	0.200164
200.000000	0.013606	0.013606	0.267793	0.328134	0.243070	0.381793	0.196544
195.000000	0.019131	0.019131	0.294486	0.325978	0.242087	0.384682	0.196599
190.000000	0.024581	0.024581	0.320941	0.329384	0.245516	0.388664	0.197500
185.000000	0.026098	0.026098	0.332080	0.329758	0.245189	0.392236	0.199036
180.000000	0.024637	0.024637	0.333068	0.328295	0.244215	0.389467	0.197549
175.000000	0.021948	0.021948	0.332597	0.323686	0.242855	0.390792	0.197278
170.000000	0.020360	0.020360	0.338918	0.327916	0.244711	0.388197	0.196945
165.000000	0.017563	0.017563	0.328055	0.326917	0.243354	0.388504	0.198186
160.000000	0.015709	0.015709	0.323365	0.324675	0.242878	0.386330	0.197641
155.000000	0.015017	0.015017	0.322532	0.325681	0.244266	0.388880	0.198568
150.000000	0.014510	0.014510	0.321088	0.326507	0.243757	0.386191	0.196603
145.000000	0.015430	0.015430	0.328396	0.328668	0.246586	0.387659	0.196714
140.000000	0.018821	0.018821	0.351431	0.326613	0.244489	0.390729	0.197019
135.000000	0.023552	0.023552	0.377489	0.324603	0.244294	0.394666	0.197561
130.000000	0.031786	0.031786	0.415130	0.328456	0.246283	0.398151	0.196174
125.000000	0.045157	0.045157	0.469834	0.330679	0.246344	0.406859	0.198664
120.000000	0.049830	0.049830	0.491796	0.325770	0.246084	0.407423	0.196152
115.000000	0.041024	0.041024	0.464485	0.327148	0.245815	0.404274	0.194214
110.000000	0.027188	0.027188	0.427198	0.330348	0.246836	0.400287	0.191988
105.000000	0.005012	0.005012	0.381849	0.330948	0.246907	0.396500	0.186586
100.000000	0.023747	-0.023747	0.341072	0.330311	0.246107	0.390771	0.181413
95.000000	0.062487	-0.062487	0.293669	0.336940	0.245004	0.385547	0.173976
90.000000	0.114602	-0.114602	0.223238	0.334540	0.237146	0.388535	0.167736
85.000000	0.168308	-0.168308	0.165492	0.338101	0.231740	0.393482	0.161483
80.000000	0.220451	-0.220451	0.098637	0.343276	0.222916	0.406512	0.153845
75.000000	0.267967	-0.267967	0.042858	0.345856	0.211667	0.420571	0.154865
70.000000	0.309117	-0.309117	-0.008703	0.350275	0.196275	0.435241	0.155206
65.000000	0.344270	-0.344270	-0.056921	0.340424	0.179822	0.437671	0.153302
60.000000	0.373960	-0.373960	-0.109482	0.332955	0.165835	0.442713	0.156627
55.000000	0.396544	-0.396544	-0.158753	0.329624	0.156903	0.442821	0.153624
50.000000	0.413902	-0.413902	-0.209034	0.322602	0.149674	0.434875	0.154088
45.000000	0.426316	-0.426316	-0.264365	0.324156	0.144283	0.433968	0.157480
40.000000	0.438405	-0.438405	-0.298651	0.320478	0.141282	0.430019	0.155605
35.000000	0.445908	-0.445908	-0.341703	0.318223	0.139029	0.424075	0.159524
30.000000	0.454152	-0.454152	-0.369718	0.318282	0.138940	0.423150	0.160552
25.000000	0.458767	-0.458767	-0.402679	0.321389	0.137346	0.419445	0.163355
20.000000	0.463507	-0.463507	-0.432097	0.318506	0.135387	0.413631	0.163909
15.000000	0.465218	-0.465218	-0.467590	0.322485	0.136709	0.412459	0.164379
10.000000	0.463561	-0.463561	-0.508037	0.324051	0.136721	0.404647	0.166481
5.000000	0.460092	-0.460092	-0.550169	0.325978	0.136295	0.405441	0.165847
0.000000	0.456281	-0.456281	-0.583742	0.327626	0.137323	0.394544	0.165022
