0.000000	0.558810
5.000000	0.567104
10.000000	0.581474
15.000000	0.601945
20.000000	0.631346
25.000000	0.667578
30.000000	0.697812
35.000000	0.742897
40.000000	0.796642
45.000000	0.866510
50.000000	0.911594
55.000000	0.965409
60.000000	0.998067
65.000000	1.000000
70.000000	0.980957
75.000000	0.921216
80.000000	0.800246
85.000000	0.698399
90.000000	0.580384
95.000000	0.483005
100.000000	0.414000
105.000000	0.370007
110.000000	0.343266
115.000000	0.336097
120.000000	0.320783
125.000000	0.314031
130.000000	0.308903
135.000000	0.304139
140.000000	0.301693
145.000000	0.299050
150.000000	0.297489
155.000000	0.296148
160.000000	0.295557
165.000000	0.295076
170.000000	0.294902
175.000000	0.294546
180.000000	0.294143
185.000000	0.293987
190.000000	0.293896
195.000000	0.294072
200.000000	0.294117
205.000000	0.294199
210.000000	0.293799
215.000000	0.293878
220.000000	0.294087
225.000000	0.293991
230.000000	0.293666
235.000000	0.293705
240.000000	0.293567
245.000000	0.293881
250.000000	0.294047
255.000000	0.294000
