0.000000	0.929811
5.000000	0.929217
10.000000	0.926939
15.000000	0.926740
20.000000	0.927068
25.000000	0.927575
30.000000	0.927287
35.000000	0.927678
40.000000	0.926084
45.000000	0.928968
50.000000	0.927093
55.000000	0.927091
60.000000	0.927714
65.000000	0.927645
70.000000	0.927705
75.000000	0.927820
80.000000	0.932443
85.000000	0.933158
90.000000	0.936266
95.000000	0.935764
100.000000	0.938354
105.000000	0.943200
110.000000	0.945699
115.000000	0.948530
120.000000	0.951047
125.000000	0.955456
130.000000	0.959947
135.000000	0.963162
140.000000	0.967341
145.000000	0.976154
150.000000	0.977507
155.000000	0.979233
160.000000	0.983570
165.000000	0.995634
170.000000	0.992911
175.000000	1.000000
180.000000	0.991300
185.000000	0.997064
190.000000	0.988480
195.000000	0.983675
200.000000	0.987028
205.000000	0.954424
210.000000	0.952334
215.000000	0.916123
220.000000	0.892079
225.000000	0.840492
230.000000	0.783339
235.000000	0.721356
240.000000	0.630374
245.000000	0.571058
250.000000	0.484338
255.000000	0.401999
