0.000000	0.281593
5.000000	0.294084
10.000000	0.306252
15.000000	0.330834
20.000000	0.366670
25.000000	0.396264
30.000000	0.455185
35.000000	0.501103
40.000000	0.569270
45.000000	0.619983
50.000000	0.697466
55.000000	0.754822
60.000000	0.814972
65.000000	0.862807
70.000000	0.876512
75.000000	0.876682
80.000000	0.864926
85.000000	0.857014
90.000000	0.867754
95.000000	0.892889
100.000000	0.917689
105.000000	0.948584
110.000000	0.964100
115.000000	0.975504
120.000000	0.983908
125.000000	0.991340
130.000000	0.994192
135.000000	0.996208
140.000000	0.997257
145.000000	0.997826
150.000000	0.999025
155.000000	0.998936
160.000000	0.998881
165.000000	0.998909
170.000000	0.999062
175.000000	0.999266
180.000000	0.999580
185.000000	0.999663
190.000000	0.999585
195.000000	0.999305
200.000000	0.999432
205.000000	0.999159
210.000000	0.999039
215.000000	0.999296
220.000000	0.999515
225.000000	0.999148
230.000000	0.999312
235.000000	0.997446
240.000000	0.997258
245.000000	0.998295
250.000000	0.999420
255.000000	1.000000
