0.000000	0.141128
5.000000	0.138786
10.000000	0.132952
15.000000	0.129542
20.000000	0.123500
25.000000	0.122173
30.000000	0.122288
35.000000	0.129197
40.000000	0.145173
45.000000	0.171477
50.000000	0.239686
55.000000	0.283296
60.000000	0.367955
65.000000	0.471240
70.000000	0.610983
75.000000	0.740028
80.000000	0.828962
85.000000	0.911521
90.000000	0.961354
95.000000	0.982265
100.000000	0.993930
105.000000	0.998302
110.000000	0.999322
115.000000	1.000000
120.000000	0.999261
125.000000	0.998835
130.000000	0.998568
135.000000	0.998049
140.000000	0.997455
145.000000	0.997440
150.000000	0.997044
155.000000	0.996708
160.000000	0.996747
165.000000	0.996404
170.000000	0.996090
175.000000	0.995627
180.000000	0.995371
185.000000	0.995126
190.000000	0.995594
195.000000	0.995951
200.000000	0.996069
205.000000	0.996002
210.000000	0.995638
215.000000	0.995487
220.000000	0.995130
225.000000	0.995535
230.000000	0.995843
235.000000	0.995692
240.000000	0.995367
245.000000	0.995314
250.000000	0.994862
255.000000	0.994716
