255.000000	0.000000	0.000000	0.000000	0.336525	0.271531	0.450838	0.226144
250.000000	0.016886	0.101893	-0.016886	0.335832	0.292080	0.444753	0.246481
245.000000	0.069699	-0.022338	-0.069699	0.336392	0.278340	0.441496	0.238089
240.000000	0.067259	0.106212	-0.067259	0.346018	0.296601	0.429829	0.263490
235.000000	0.096873	-0.002895	-0.096873	0.340226	0.283423	0.407496	0.254617
230.000000	0.062658	-1.742782	0.062658	0.280583	0.184219	0.349949	0.184053
225.000000	0.121785	-0.010894	-0.121785	0.331369	0.278259	0.387849	0.269465
220.000000	0.112025	0.029966	-0.112025	0.347491	0.289156	0.377632	0.278089
215.000000	0.104755	0.043075	-0.104755	0.333521	0.280447	0.361086	0.282927
210.000000	0.096120	0.074777	-0.096120	0.329853	0.279655	0.359800	0.293912
205.000000	0.071071	0.134591	-0.071071	0.343881	0.292062	0.344827	0.291112
200.000000	0.055845	0.092121	-0.055845	0.322988	0.275407	0.343647	0.299270
195.000000	0.018993	0.121152	-0.018993	0.332768	0.276974	0.342124	0.304288
190.000000	0.014605	0.181460	0.014605	0.323890	0.276772	0.362161	0.323131
185.000000	0.033441	0.208111	0.033441	0.328564	0.286121	0.356756	0.321091
180.000000	0.057720	0.264967	0.057720	0.335162	0.291021	0.346467	0.311845
175.000000	0.075121	0.266771	0.075121	0.322229	0.278748	0.353622	0.315637
170.000000	0.095354	0.306580	0.095354	0.331456	0.287621	0.348504	0.303864
165.000000	0.100123	0.140831	0.100123	0.327579	0.259353	0.355089	0.309970
160.000000	0.103627	0.147291	0.103627	0.341232	0.277693	0.346195	0.305609
155.000000	0.107362	0.122294	0.107362	0.335247	0.266055	0.350092	0.308057
150.000000	0.110735	0.126413	0.110735	0.331063	0.259657	0.343488	0.301624
145.000000	0.121464	0.149965	0.121464	0.338114	0.266214	0.351792	0.303230
140.000000	0.124875	0.156933	0.124875	0.321142	0.262193	0.353673	0.304441
135.000000	0.134534	0.239677	0.134534	0.335257	0.279142	0.352593	0.300418
130.000000	0.146540	0.332257	0.146540	0.319651	0.280431	0.364718	0.298229
125.000000	0.148939	0.365158	0.148939	0.329235	0.287961	0.362293	0.295327
120.000000	0.141621	0.321281	0.141621	0.332474	0.285217	0.363854	0.295311
115.000000	0.135621	0.300126	0.135621	0.318585	0.278303	0.362628	0.299041
110.000000	0.148091	0.383114	0.148091	0.332839	0.290447	0.364936	0.293094
105.000000	0.168446	0.503873	0.168446	0.336623	0.278161	0.372285	0.289003
100.000000	0.184227	0.536052	0.184227	0.341696	0.280510	0.368232	0.280523
95.000000	0.192488	0.573084	0.192488	0.342172	0.269766	0.372984	0.278555
90.000000	0.187360	0.603725	0.187360	0.354755	0.280772	0.361278	0.267452
85.000000	0.196271	0.638689	0.196271	0.352514	0.268378	0.370408	0.269394
80.000000	0.175578	0.572112	0.175578	0.350545	0.277181	0.367673	0.276543
75.000000	0.174777	0.444700	0.174777	0.325083	0.281326	0.377023	0.290769
70.000000	0.167599	0.482262	0.167599	0.335164	0.280284	0.375032	0.289056
65.000000	0.153860	0.407303	0.153860	0.333777	0.288809	0.370580	0.290054
60.000000	0.153238	0.380089	0.153238	0.318657	0.280319	0.375316	0.298320
55.000000	0.148380	0.356751	0.148380	0.328326	0.288942	0.367537	0.292470
50.000000	0.145297	0.343126	0.145297	0.319107	0.281263	0.367530	0.294624
45.000000	0.129310	0.271223	0.129310	0.329861	0.283047	0.361927	0.294137
40.000000	0.128570	0.256055	0.128570	0.324546	0.277999	0.363631	0.296021
35.000000	0.126290	0.224409	0.126290	0.327726	0.277621	0.363923	0.294924
30.000000	0.137666	0.264942	0.137666	0.318703	0.275592	0.365639	0.297376
25.000000	0.132441	0.252990	0.132441	0.322922	0.276599	0.366635	0.295743
20.000000	0.115284	0.186936	0.115284	0.338868	0.277727	0.362676	0.292620
15.000000	0.134364	0.256366	0.134364	0.316530	0.274051	0.366896	0.297117
10.000000	0.137539	0.293674	0.137539	0.328188	0.281726	0.363473	0.293190
5.000000	0.127137	0.229853	0.127137	0.332591	0.276841	0.361283	0.293403
0.000000	0.117132	0.108620	0.117132	0.327786	0.257720	0.367414	0.297521
