255.000000	0.000000	0.000000	0.000000	0.370229	0.059185	0.435569	0.166963
250.000000	0.009707	0.009707	0.024230	0.372006	0.058567	0.433861	0.167777
245.000000	0.013334	0.013334	0.044273	0.374142	0.057125	0.436747	0.168998
240.000000	0.009971	0.009971	0.084772	0.362302	0.052379	0.437823	0.168975
235.000000	0.006130	0.006130	0.107685	0.365531	0.050598	0.439050	0.171274
230.000000	0.004260	-0.004260	0.137561	0.361801	0.048073	0.437889	0.171432
225.000000	0.007579	-0.007579	0.148584	0.358261	0.047083	0.439095	0.172769
220.000000	0.016342	-0.016342	0.168884	0.361807	0.046132	0.435742	0.170858
215.000000	0.022754	-0.022754	0.179243	0.363665	0.045474	0.440168	0.172937
210.000000	0.029610	-0.029610	0.186048	0.351597	0.043626	0.440459	0.173238
205.000000	0.038469	-0.038469	0.188237	0.360111	0.044261	0.438692	0.173118
200.000000	0.037480	-0.037480	0.165606	0.360315	0.045254	0.432074	0.172435
195.000000	0.031605	-0.031605	0.121697	0.359860	0.047060	0.435528	0.171096
190.000000	0.029262	-0.029262	0.077884	0.364917	0.050927	0.434058	0.171227
185.000000	0.033222	-0.033222	0.047484	0.360179	0.052554	0.432625	0.169234
180.000000	0.033438	-0.033438	0.009079	0.367099	0.055362	0.436162	0.169672
175.000000	0.038784	-0.038784	-0.007152	0.366135	0.056736	0.433019	0.169269
170.000000	0.041227	-0.041227	-0.014793	0.363860	0.056213	0.435990	0.168977
165.000000	0.043226	-0.043226	-0.010505	0.362865	0.055717	0.438933	0.170133
160.000000	0.046129	-0.046129	0.005750	0.360678	0.052705	0.436166	0.168299
155.000000	0.043989	-0.043989	0.000616	0.369294	0.054185	0.437768	0.169519
150.000000	0.050588	-0.050588	0.036270	0.370127	0.050917	0.430939	0.167998
145.000000	0.052925	-0.052925	0.053915	0.363975	0.048547	0.436687	0.169537
140.000000	0.054269	-0.054269	0.070686	0.360597	0.047416	0.437036	0.170207
135.000000	0.051627	-0.051627	0.070976	0.359185	0.048030	0.434629	0.168909
130.000000	0.055398	-0.055398	0.092971	0.363629	0.047243	0.439680	0.171995
125.000000	0.053501	-0.053501	0.103852	0.350920	0.045168	0.444507	0.174166
120.000000	0.050048	-0.050048	0.116232	0.362457	0.045628	0.441447	0.176421
115.000000	0.051144	-0.051144	0.155018	0.353286	0.043043	0.444816	0.179219
110.000000	0.061731	-0.061731	0.226505	0.358667	0.039711	0.448199	0.188511
105.000000	0.089726	-0.089726	0.348360	0.346423	0.034099	0.446594	0.192988
100.000000	0.129647	-0.129647	0.521169	0.349862	0.031348	0.421509	0.189317
95.000000	0.198092	-0.198092	0.786208	0.352405	0.033202	0.386275	0.189135
90.000000	0.203112	-0.203112	1.053444	0.357544	0.038483	0.389689	0.188077
85.000000	0.151114	-0.151114	1.330292	0.349955	0.046742	0.395954	0.195480
80.000000	0.087375	-0.087375	1.581606	0.350772	0.052760	0.415815	0.191705
75.000000	0.049078	-0.049078	1.801012	0.361475	0.060026	0.408982	0.180079
70.000000	0.023630	-0.023630	1.975862	0.366062	0.067716	0.396570	0.161275
65.000000	0.005606	-0.005606	2.115380	0.373726	0.071275	0.412324	0.170854
60.000000	0.007216	-0.007216	2.233455	0.383140	0.076371	0.429184	0.169949
55.000000	0.008663	-0.008663	2.329316	0.377766	0.078132	0.425521	0.165380
50.000000	0.031000	-0.031000	2.419892	0.373945	0.076908	0.414106	0.165549
45.000000	0.059830	-0.059830	2.500128	0.371137	0.076931	0.416920	0.163071
40.000000	0.074310	-0.074310	2.565650	0.368546	0.077476	0.421718	0.166192
35.000000	0.089353	-0.089353	2.625936	0.369264	0.077316	0.411245	0.161943
30.000000	0.078004	-0.078004	2.676438	0.361247	0.076529	0.416194	0.162814
25.000000	0.056004	-0.056004	2.716944	0.363471	0.074392	0.413268	0.162016
20.000000	0.038319	-0.038319	2.754034	0.361187	0.071944	0.419424	0.164809
15.000000	0.022108	-0.022108	2.788410	0.362880	0.070636	0.407629	0.160478
10.000000	0.014503	-0.014503	2.816591	0.364026	0.068935	0.414834	0.162869
5.000000	0.018648	-0.018648	2.843067	0.363671	0.067752	0.414041	0.164090
0.000000	0.034269	-0.034269	2.863787	0.355630	0.068077	0.412195	0.162453
