255.000000	0.000000	0.000000	0.000000	0.378978	0.071582	0.382504	0.264333
250.000000	0.236604	-0.236604	-0.328871	0.376253	0.071250	0.373850	0.308512
245.000000	0.406809	-0.406809	-0.334852	0.338207	0.080597	0.389584	0.356916
240.000000	0.412958	-0.412958	-0.348289	0.375620	0.081335	0.368517	0.320266
235.000000	0.452003	-0.452003	-0.292814	0.351561	0.080427	0.388745	0.320055
230.000000	0.486799	-0.486799	-0.165885	0.331518	0.063481	0.423973	0.338254
225.000000	0.433160	-0.433160	-0.138349	0.348223	0.045936	0.401874	0.310789
220.000000	0.549262	-0.549262	-0.107242	0.332549	0.087424	0.440128	0.296340
215.000000	0.582501	-0.582501	-0.119887	0.327155	0.100933	0.447080	0.272764
210.000000	0.583684	-0.583684	-0.132202	0.337817	0.113234	0.446648	0.256957
205.000000	0.614997	-0.614997	-0.006709	0.306237	0.102506	0.465091	0.273756
200.000000	0.581116	-0.581116	0.037405	0.337899	0.086543	0.440281	0.266566
195.000000	0.653371	-0.653371	0.149730	0.331813	0.097434	0.446925	0.267382
190.000000	0.614916	-0.614916	0.078024	0.334306	0.094044	0.451166	0.255170
185.000000	0.630488	-0.630488	0.001961	0.326355	0.122690	0.466734	0.242812
180.000000	0.628392	-0.628392	0.099399	0.331781	0.109657	0.456093	0.251123
175.000000	0.778457	-0.778457	0.475978	0.333771	0.091144	0.428346	0.245322
170.000000	0.840278	-0.840278	0.577956	0.355846	0.088941	0.432968	0.239627
165.000000	0.817658	-0.817658	0.572367	0.356398	0.096975	0.439631	0.238745
160.000000	0.793328	-0.793328	0.543024	0.351339	0.101233	0.431849	0.233233
155.000000	0.733940	-0.733940	0.464600	0.354349	0.081166	0.446963	0.241643
150.000000	0.747595	-0.747595	0.484833	0.349552	0.110321	0.426437	0.231360
145.000000	0.719946	-0.719946	0.457500	0.352491	0.091996	0.436686	0.235510
140.000000	0.739753	-0.739753	0.463078	0.357036	0.106933	0.434922	0.235401
135.000000	0.794172	-0.794172	0.632302	0.358481	0.096422	0.434631	0.219423
130.000000	0.884419	-0.884419	0.825602	0.351193	0.102744	0.438021	0.203740
125.000000	0.820090	-0.820090	0.634111	0.353632	0.103150	0.438170	0.219963
120.000000	0.728966	-0.728966	0.465620	0.343937	0.112374	0.435767	0.231559
115.000000	0.770620	-0.770620	0.603900	0.349769	0.109258	0.427911	0.215754
110.000000	0.735701	-0.735701	0.536869	0.339277	0.088225	0.437821	0.223173
105.000000	0.728513	-0.728513	0.482606	0.340477	0.112627	0.433392	0.226994
100.000000	0.773182	-0.773182	0.647365	0.353264	0.090681	0.435730	0.212156
95.000000	0.772558	-0.772558	0.693510	0.344560	0.107645	0.429281	0.203680
90.000000	0.808918	-0.808918	0.822441	0.318870	0.080456	0.441996	0.197242
85.000000	0.813352	-0.813352	0.886591	0.346835	0.111327	0.430691	0.185303
80.000000	0.847054	-0.847054	0.983607	0.352547	0.113155	0.433105	0.178330
75.000000	0.855885	-0.855885	0.912650	0.330929	0.083925	0.434263	0.187582
70.000000	0.764052	-0.764052	0.696624	0.341032	0.102081	0.430366	0.202074
65.000000	0.745498	-0.745498	0.674670	0.331272	0.083027	0.444522	0.207854
60.000000	0.729345	-0.729345	0.634417	0.347669	0.108508	0.433038	0.207198
55.000000	0.754024	-0.754024	0.656914	0.338992	0.099978	0.435343	0.207357
50.000000	0.784240	-0.784240	0.770354	0.345724	0.101585	0.439857	0.198018
45.000000	0.807068	-0.807068	0.881119	0.348231	0.108664	0.435398	0.186166
40.000000	0.857903	-0.857903	0.973163	0.329415	0.088628	0.435388	0.181699
35.000000	0.824503	-0.824503	1.026534	0.332266	0.116546	0.435948	0.174406
30.000000	0.870164	-0.870164	1.144600	0.334968	0.108981	0.436253	0.168115
25.000000	0.845079	-0.845079	1.076271	0.331936	0.119081	0.435609	0.170137
20.000000	0.826644	-0.826644	1.110112	0.336897	0.125675	0.440945	0.169699
15.000000	0.846357	-0.846357	1.298716	0.318151	0.119150	0.442085	0.161016
10.000000	0.810921	-0.810921	1.153844	0.333735	0.125567	0.440809	0.162444
5.000000	0.840210	-0.840210	1.014465	0.354897	0.116873	0.437448	0.172028
0.000000	0.829927	-0.829927	0.858582	0.331888	0.103359	0.435847	0.189515
