255.000000	0.000000	0.000000	0.000000	0.423464	0.089607	0.483665	0.108696
250.000000	0.039996	-0.104728	0.039996	0.418463	0.097958	0.483355	0.117343
245.000000	0.064080	-0.199077	0.064080	0.411613	0.108696	0.485877	0.126558
240.000000	0.078531	-0.234576	0.078531	0.409555	0.113308	0.477875	0.130404
235.000000	0.104589	-0.214384	0.104589	0.408670	0.112589	0.478075	0.128840
230.000000	0.108181	-0.215392	0.108181	0.414321	0.112561	0.467989	0.129146
225.000000	0.129545	-0.261523	0.129545	0.408452	0.120166	0.465618	0.131658
220.000000	0.145655	-0.245623	0.145655	0.415388	0.120256	0.461748	0.130727
215.000000	0.146628	-0.097913	0.146628	0.413899	0.107393	0.476325	0.124024
210.000000	0.148588	-0.212290	0.148588	0.411214	0.118315	0.463836	0.131112
205.000000	0.150540	-0.200376	0.150540	0.414437	0.118772	0.456609	0.132777
200.000000	0.153678	-0.149133	0.153678	0.411153	0.114631	0.461414	0.129933
195.000000	0.155308	-0.097731	0.155308	0.416630	0.110563	0.473876	0.127395
190.000000	0.162982	-0.056584	0.162982	0.411962	0.109848	0.474835	0.127093
185.000000	0.162777	-0.059036	0.162777	0.419642	0.108679	0.475798	0.126079
180.000000	0.164341	-0.051870	0.164341	0.417004	0.109617	0.471698	0.127053
175.000000	0.151501	0.143944	0.151501	0.417234	0.097778	0.489704	0.120161
170.000000	0.152590	0.142250	0.152590	0.419090	0.096550	0.486390	0.120330
165.000000	0.155175	0.043571	0.155175	0.414143	0.101544	0.478888	0.123821
160.000000	0.153826	0.067994	0.153826	0.419381	0.101229	0.485407	0.124271
155.000000	0.151993	0.170497	0.151993	0.413080	0.096577	0.487632	0.121109
150.000000	0.160847	0.230814	0.160847	0.418967	0.094721	0.494505	0.118697
145.000000	0.146660	0.296710	0.146660	0.405653	0.089986	0.487502	0.117446
140.000000	0.155342	0.195969	0.155342	0.419367	0.088367	0.489528	0.118338
135.000000	0.167735	0.146509	0.167735	0.416189	0.091147	0.483339	0.118831
130.000000	0.156114	0.221312	0.156114	0.423852	0.084308	0.487769	0.116100
125.000000	0.126545	0.437742	0.126545	0.407768	0.078587	0.490510	0.114062
120.000000	0.139941	0.383765	0.139941	0.416897	0.078654	0.491763	0.112843
115.000000	0.151149	0.367748	0.151149	0.417600	0.079664	0.491693	0.115236
110.000000	0.150239	0.365462	0.150239	0.408772	0.079937	0.489823	0.113477
105.000000	0.160968	0.333965	0.160968	0.422647	0.080535	0.491063	0.114407
100.000000	0.174591	0.292994	0.174591	0.413268	0.081535	0.488797	0.114092
95.000000	0.187384	0.273645	0.187384	0.423376	0.081860	0.490398	0.113856
90.000000	0.184332	0.319309	0.184332	0.416191	0.083564	0.488692	0.114598
85.000000	0.179290	0.350219	0.179290	0.421917	0.080600	0.492064	0.114398
80.000000	0.195957	0.308713	0.195957	0.416717	0.086456	0.492705	0.116237
75.000000	0.199384	0.302816	0.199384	0.419151	0.088639	0.492654	0.116007
70.000000	0.200418	0.156478	0.200418	0.413170	0.093922	0.487956	0.119369
65.000000	0.214246	0.030463	0.214246	0.411230	0.104452	0.480845	0.120659
60.000000	0.223389	0.105032	0.223389	0.412040	0.104434	0.489859	0.122342
55.000000	0.205920	0.215403	0.205920	0.412405	0.099130	0.489155	0.118459
50.000000	0.200643	0.115553	0.200643	0.412274	0.105070	0.491031	0.123666
45.000000	0.207007	0.060195	0.207007	0.410254	0.111538	0.485003	0.126095
40.000000	0.218610	0.043161	0.218610	0.416848	0.114008	0.482779	0.125058
35.000000	0.229724	0.119965	0.229724	0.410970	0.109112	0.495481	0.122967
30.000000	0.236124	0.095921	0.236124	0.411536	0.113453	0.488475	0.123724
25.000000	0.229473	0.163282	0.229473	0.414187	0.106413	0.494729	0.121886
20.000000	0.223099	0.170280	0.223099	0.412605	0.105144	0.490344	0.121985
15.000000	0.222878	0.220372	0.222878	0.414182	0.101219	0.485132	0.118250
10.000000	0.227445	0.222095	0.227445	0.413330	0.102134	0.495690	0.121216
5.000000	0.226407	0.248900	0.226407	0.410344	0.103360	0.485497	0.118701
0.000000	0.219262	0.274638	0.219262	0.412725	0.099047	0.495137	0.120079
