255.000000	0.000000	0.000000	0.000000	0.400346	0.162427	0.419976	0.067838
250.000000	0.121333	-0.121333	-0.077928	0.401992	0.159449	0.426672	0.045828
245.000000	0.373301	-0.373301	-0.276346	0.399159	0.160094	0.436501	0.036316
240.000000	0.549141	-0.549141	-0.426998	0.402070	0.159619	0.431382	0.039808
235.000000	0.628581	-0.628581	-0.500479	0.397336	0.161243	0.427849	0.042579
230.000000	0.650999	-0.650999	-0.591257	0.403585	0.159911	0.408094	0.029531
225.000000	0.596807	-0.596807	-0.644452	0.402275	0.166322	0.412209	0.013464
220.000000	0.880522	-0.880522	-0.991117	0.402892	0.167220	0.397348	0.008147
215.000000	0.959654	-0.959654	-1.108692	0.397080	0.172161	0.412464	0.006719
210.000000	1.054462	-1.054462	-1.232831	0.403660	0.171138	0.402445	0.016324
205.000000	1.024751	-1.024751	-1.214051	0.401708	0.173949	0.415708	0.020084
200.000000	1.053375	-1.053375	-1.260838	0.400315	0.174316	0.408985	0.025391
195.000000	1.107165	-1.107165	-1.350046	0.403332	0.176383	0.415074	0.029583
190.000000	1.212169	-1.212169	-1.503954	0.393799	0.179381	0.412931	0.031467
185.000000	1.232983	-1.232983	-1.574414	0.402685	0.179919	0.411358	0.043630
180.000000	1.269962	-1.269962	-1.644882	0.396016	0.182838	0.410046	0.047699
175.000000	1.245499	-1.245499	-1.643488	0.399381	0.182426	0.415647	0.055163
170.000000	1.277095	-1.277095	-1.700958	0.390518	0.185544	0.411351	0.058526
165.000000	1.239901	-1.239901	-1.672764	0.398591	0.184287	0.415570	0.061407
160.000000	1.231231	-1.231231	-1.659025	0.392735	0.186449	0.418246	0.059991
155.000000	1.219852	-1.219852	-1.666041	0.401371	0.184499	0.420276	0.063342
150.000000	1.170923	-1.170923	-1.576376	0.400584	0.184903	0.426223	0.058153
145.000000	1.108736	-1.108736	-1.458583	0.400088	0.182116	0.417438	0.052264
140.000000	1.125622	-1.125622	-1.497096	0.401797	0.181782	0.431386	0.057134
135.000000	1.191904	-1.191904	-1.616285	0.393029	0.185867	0.426487	0.061945
130.000000	1.189567	-1.189567	-1.640908	0.400292	0.185112	0.423636	0.068190
125.000000	1.205453	-1.205453	-1.681596	0.396152	0.188093	0.425453	0.071281
120.000000	1.187537	-1.187537	-1.655565	0.401197	0.186387	0.423100	0.069834
115.000000	1.182291	-1.182291	-1.667379	0.401363	0.185492	0.424238	0.073466
110.000000	1.186683	-1.186683	-1.665886	0.401041	0.186816	0.421315	0.070860
105.000000	1.149249	-1.149249	-1.614416	0.402495	0.184725	0.429656	0.069923
100.000000	1.113297	-1.113297	-1.533279	0.392963	0.185950	0.417008	0.060187
95.000000	1.044344	-1.044344	-1.415504	0.397927	0.184309	0.421763	0.059984
90.000000	0.997720	-0.997720	-1.329503	0.401875	0.182214	0.424026	0.061377
85.000000	1.009538	-1.009538	-1.357919	0.406299	0.180052	0.436794	0.066984
80.000000	1.067630	-1.067630	-1.474537	0.392715	0.185735	0.416928	0.062637
75.000000	1.083554	-1.083554	-1.522190	0.402820	0.185123	0.435937	0.069419
70.000000	1.115709	-1.115709	-1.574482	0.393023	0.188337	0.418866	0.067798
65.000000	1.105050	-1.105050	-1.563775	0.401056	0.185372	0.428615	0.070958
60.000000	1.118439	-1.118439	-1.578013	0.395742	0.188353	0.419328	0.068001
55.000000	1.110831	-1.110831	-1.567875	0.401478	0.187041	0.421025	0.068907
50.000000	1.101587	-1.101587	-1.539780	0.399249	0.187742	0.426546	0.067330
45.000000	1.105601	-1.105601	-1.542352	0.400301	0.187480	0.415402	0.065927
40.000000	1.082445	-1.082445	-1.503149	0.403967	0.184142	0.427874	0.067972
35.000000	1.089372	-1.089372	-1.504094	0.392990	0.186701	0.415604	0.062967
30.000000	1.068541	-1.068541	-1.473516	0.403968	0.184758	0.429531	0.066926
25.000000	1.054434	-1.054434	-1.441222	0.400400	0.185636	0.421640	0.063616
20.000000	1.035833	-1.035833	-1.404238	0.406911	0.183468	0.418999	0.061991
15.000000	1.011379	-1.011379	-1.361304	0.406348	0.183002	0.418596	0.063978
10.000000	0.992495	-0.992495	-1.319997	0.398929	0.183087	0.422302	0.061460
5.000000	0.981883	-0.981883	-1.298976	0.408775	0.180218	0.426532	0.067028
0.000000	0.968127	-0.968127	-1.272985	0.399326	0.181835	0.423803	0.063949
