0.000000	0.999452
5.000000	0.998244
10.000000	0.998416
15.000000	0.999723
20.000000	0.998521
25.000000	0.998953
30.000000	0.998113
35.000000	0.999166
40.000000	0.998256
45.000000	1.000000
50.000000	0.999395
55.000000	0.999803
60.000000	0.998580
65.000000	0.999355
70.000000	0.998925
75.000000	0.997910
80.000000	0.997305
85.000000	0.994358
90.000000	0.994605
95.000000	0.989127
100.000000	0.987310
105.000000	0.984915
110.000000	0.982682
115.000000	0.976765
120.000000	0.972756
125.000000	0.969090
130.000000	0.964341
135.000000	0.958514
140.000000	0.951880
145.000000	0.944604
150.000000	0.938337
155.000000	0.928073
160.000000	0.919967
165.000000	0.907942
170.000000	0.897859
175.000000	0.882823
180.000000	0.868218
185.000000	0.852993
190.000000	0.837178
195.000000	0.819035
200.000000	0.799444
205.000000	0.783072
210.000000	0.762426
215.000000	0.744834
220.000000	0.731856
225.000000	0.718740
230.000000	0.715678
235.000000	0.718074
240.000000	0.732832
245.000000	0.749254
250.000000	0.783282
255.000000	0.829261
