255.000000	0.000000	0.000000	0.000000	0.386889	0.218175	0.504399	0.105747
250.000000	0.000245	0.000245	0.004403	0.376975	0.215740	0.496723	0.104624
245.000000	0.022649	-0.022649	-0.102535	0.362482	0.201318	0.486452	0.101714
240.000000	0.060416	-0.060416	-0.205341	0.369385	0.195654	0.482060	0.100200
235.000000	0.065685	-0.065685	-0.261923	0.368127	0.187851	0.477710	0.099599
230.000000	0.064964	-0.064964	-0.248966	0.373490	0.190847	0.478531	0.099189
225.000000	0.058060	-0.058060	-0.201579	0.372565	0.196961	0.484969	0.101080
220.000000	0.050979	-0.050979	-0.177476	0.367533	0.197765	0.483925	0.100735
215.000000	0.045686	-0.045686	-0.157577	0.367718	0.199525	0.489133	0.101441
210.000000	0.048650	-0.048650	-0.168459	0.369231	0.198769	0.485230	0.101026
205.000000	0.051689	-0.051689	-0.198322	0.372268	0.196472	0.483578	0.100236
200.000000	0.045586	-0.045586	-0.167519	0.371468	0.199503	0.488905	0.101623
195.000000	0.050090	-0.050090	-0.199220	0.372900	0.196151	0.485433	0.100568
190.000000	0.050242	-0.050242	-0.222425	0.372880	0.191845	0.484967	0.100210
185.000000	0.049320	-0.049320	-0.227663	0.374753	0.190585	0.486881	0.100595
180.000000	0.047118	-0.047118	-0.203138	0.372602	0.194991	0.487316	0.100986
175.000000	0.038272	-0.038272	-0.143628	0.370027	0.201884	0.490411	0.101749
170.000000	0.030088	-0.030088	-0.102982	0.374729	0.208117	0.495255	0.103222
165.000000	0.027133	-0.027133	-0.080939	0.373778	0.208710	0.496733	0.103208
160.000000	0.021587	-0.021587	-0.072129	0.373148	0.209367	0.498398	0.103666
155.000000	0.007461	-0.007461	-0.019457	0.372282	0.214477	0.498656	0.104612
150.000000	0.011942	0.011942	0.048305	0.373967	0.217184	0.503917	0.106054
145.000000	0.031210	0.031210	0.110588	0.372416	0.219000	0.504242	0.107195
140.000000	0.040794	0.040794	0.136028	0.373116	0.218001	0.501892	0.107453
135.000000	0.053403	0.053403	0.168343	0.373449	0.217283	0.499987	0.107353
130.000000	0.071384	0.071384	0.219861	0.375381	0.218309	0.500345	0.108536
125.000000	0.075056	0.075056	0.235074	0.373114	0.217429	0.496868	0.107821
120.000000	0.067489	0.067489	0.210210	0.368814	0.215536	0.500816	0.107557
115.000000	0.050951	0.050951	0.165335	0.368426	0.215217	0.502948	0.106191
110.000000	0.025595	0.025595	0.101415	0.367216	0.213899	0.506976	0.105312
105.000000	0.001118	0.001118	0.042287	0.367390	0.211755	0.507870	0.102897
100.000000	0.022450	-0.022450	-0.003550	0.369021	0.209631	0.503949	0.099500
95.000000	0.043177	-0.043177	-0.030053	0.372809	0.207869	0.507333	0.096704
90.000000	0.064992	-0.064992	-0.040177	0.374678	0.206483	0.502231	0.093145
85.000000	0.092320	-0.092320	-0.047307	0.383876	0.206648	0.499692	0.090053
80.000000	0.125425	-0.125425	-0.065488	0.391018	0.205692	0.490432	0.086639
75.000000	0.155746	-0.155746	-0.074608	0.396834	0.202601	0.489802	0.086035
70.000000	0.185096	-0.185096	-0.095742	0.396816	0.198365	0.487205	0.086305
65.000000	0.216763	-0.216763	-0.132588	0.392723	0.194557	0.485344	0.087824
60.000000	0.254090	-0.254090	-0.229389	0.390889	0.188431	0.480467	0.091000
55.000000	0.289318	-0.289318	-0.332228	0.388696	0.179677	0.478616	0.097019
50.000000	0.333100	-0.333100	-0.474825	0.383622	0.166004	0.476932	0.102658
45.000000	0.357158	-0.357158	-0.578801	0.372241	0.146304	0.475966	0.107750
40.000000	0.350243	-0.350243	-0.539697	0.369596	0.152038	0.479020	0.108333
35.000000	0.348674	-0.348674	-0.720114	0.367344	0.127300	0.481016	0.113116
30.000000	0.326241	-0.326241	-0.511018	0.375194	0.157197	0.477379	0.107495
25.000000	0.298623	-0.298623	-0.165150	0.396907	0.186789	0.481029	0.097654
20.000000	0.358908	-0.358908	-0.362445	0.388122	0.176808	0.488706	0.105115
15.000000	0.369238	-0.369238	-0.492139	0.358490	0.145376	0.480560	0.109198
10.000000	0.434944	-0.434944	-0.866290	0.366902	0.123295	0.490147	0.116807
5.000000	0.390475	-0.390475	-0.429557	0.378350	0.167307	0.490370	0.107230
0.000000	0.217072	-0.217072	-1.133722	0.344196	0.080579	0.443661	0.112840
