255.000000	0.000000	0.000000	0.000000	0.481525	0.115870	0.509066	0.117149
250.000000	0.010928	-0.002975	0.024832	0.476677	0.125134	0.506972	0.112200
245.000000	0.032204	0.019873	0.044534	0.452141	0.121377	0.501404	0.111878
240.000000	0.052947	0.017329	0.088566	0.488139	0.134323	0.509552	0.105724
235.000000	0.090607	0.059969	0.121246	0.449379	0.116063	0.502053	0.107929
230.000000	0.133807	0.082455	0.185159	0.470320	0.115984	0.514668	0.102502
225.000000	0.186449	0.141635	0.231263	0.456951	0.085303	0.505312	0.105790
220.000000	0.237188	0.176587	0.297789	0.467394	0.072401	0.504948	0.102098
215.000000	0.233250	0.174055	0.292445	0.467621	0.066284	0.503173	0.107443
210.000000	0.212961	0.131863	0.294060	0.469058	0.098592	0.515686	0.105806
205.000000	0.207186	0.111061	0.303310	0.460684	0.109855	0.501843	0.106461
200.000000	0.259071	0.149283	0.368858	0.464534	0.100696	0.507303	0.105467
195.000000	0.291849	0.165164	0.418534	0.466235	0.079040	0.508960	0.107626
190.000000	0.320302	0.183020	0.457583	0.466522	0.075274	0.508286	0.106642
185.000000	0.319355	0.173330	0.465380	0.467732	0.071037	0.512232	0.109310
180.000000	0.311796	0.171320	0.452272	0.460416	0.084625	0.509055	0.106348
175.000000	0.293856	0.155695	0.432017	0.454932	0.096358	0.507045	0.107320
170.000000	0.294560	0.147297	0.441822	0.456808	0.089285	0.501699	0.105708
165.000000	0.332979	0.178001	0.487956	0.463223	0.087240	0.505213	0.106467
160.000000	0.338591	0.170174	0.507008	0.464891	0.075112	0.511799	0.107583
155.000000	0.321040	0.167223	0.474857	0.462766	0.091796	0.507227	0.105171
150.000000	0.332625	0.168863	0.496387	0.461458	0.089547	0.509192	0.106235
145.000000	0.363171	0.181844	0.544498	0.466748	0.076413	0.504074	0.105075
140.000000	0.371781	0.186429	0.557133	0.471124	0.075779	0.506222	0.105637
135.000000	0.372203	0.171858	0.572549	0.469858	0.066272	0.512748	0.105412
130.000000	0.390257	0.193986	0.586528	0.469534	0.072925	0.508773	0.105820
125.000000	0.395139	0.171275	0.619003	0.465091	0.059742	0.508700	0.105505
120.000000	0.399656	0.195121	0.604191	0.471420	0.071780	0.507231	0.105427
115.000000	0.386356	0.187873	0.584838	0.467553	0.075017	0.507144	0.102652
110.000000	0.389790	0.200031	0.579549	0.470873	0.083959	0.504971	0.102437
105.000000	0.405595	0.181381	0.629809	0.471068	0.064724	0.507515	0.103553
100.000000	0.447249	0.186441	0.708056	0.464441	0.053339	0.507717	0.105175
95.000000	0.459372	0.119067	0.799678	0.458387	0.037125	0.512547	0.107174
90.000000	0.464789	0.149855	0.779723	0.464323	0.042322	0.510651	0.105641
85.000000	0.451800	0.137101	0.766499	0.461715	0.042224	0.512078	0.105757
80.000000	0.447790	0.176325	0.719255	0.469645	0.052646	0.510402	0.104046
75.000000	0.443271	0.187002	0.699540	0.472885	0.057534	0.511439	0.104375
70.000000	0.438285	0.168130	0.708441	0.465181	0.051706	0.508886	0.103328
65.000000	0.434616	0.192638	0.676593	0.472035	0.063458	0.511154	0.102527
60.000000	0.432087	0.182659	0.681515	0.475854	0.060977	0.514768	0.103371
55.000000	0.432007	0.159585	0.704428	0.470385	0.051819	0.511171	0.101456
50.000000	0.441343	0.190972	0.691714	0.473823	0.060087	0.509974	0.102040
45.000000	0.442601	0.162083	0.723118	0.473397	0.049210	0.516717	0.102500
40.000000	0.446356	0.188901	0.703811	0.473879	0.056819	0.510552	0.101820
35.000000	0.449993	0.168492	0.731494	0.477404	0.049209	0.512480	0.102368
30.000000	0.453192	0.178979	0.727405	0.477667	0.050533	0.512457	0.101664
25.000000	0.444013	0.173287	0.714739	0.479691	0.051502	0.512269	0.101052
20.000000	0.444827	0.188906	0.700747	0.476181	0.054732	0.507625	0.099680
15.000000	0.440293	0.209245	0.671342	0.476396	0.065993	0.509643	0.100226
10.000000	0.403664	0.189434	0.617895	0.476285	0.069727	0.505740	0.096313
5.000000	0.406776	0.200515	0.613038	0.476257	0.075768	0.510803	0.097130
0.000000	0.418416	0.189291	0.647540	0.476451	0.063652	0.507884	0.098374
