255.000000	0.000000	0.000000	0.000000	0.338820	0.168068	0.382349	0.188852
250.000000	0.011893	0.010564	-0.034350	0.339132	0.165583	0.383021	0.189623
245.000000	0.026187	0.020491	-0.072865	0.339942	0.165193	0.381694	0.190161
240.000000	0.039066	0.026859	-0.104990	0.341055	0.164247	0.379807	0.191053
235.000000	0.048792	0.028393	-0.125978	0.344948	0.164967	0.381287	0.191837
230.000000	0.059320	0.026786	-0.145426	0.342830	0.163084	0.381443	0.192891
225.000000	0.054027	0.017313	-0.125367	0.342566	0.163973	0.379206	0.191180
220.000000	0.045203	0.009485	-0.099891	0.339826	0.164138	0.379516	0.191010
215.000000	0.037156	0.005949	-0.080261	0.341787	0.165751	0.380748	0.190395
210.000000	0.031314	0.001231	-0.063860	0.340537	0.167042	0.381579	0.190252
205.000000	0.028622	-0.000976	-0.056267	0.343014	0.168164	0.380368	0.189106
200.000000	0.032556	-0.001236	-0.063875	0.344461	0.169285	0.381740	0.190513
195.000000	0.031340	-0.003384	-0.059297	0.342364	0.168669	0.380504	0.189860
190.000000	0.018758	-0.010487	-0.027028	0.343598	0.170240	0.380432	0.188866
185.000000	0.003292	-0.020674	0.014090	0.341506	0.169400	0.384470	0.189503
180.000000	0.007429	-0.029338	0.044197	0.338736	0.168869	0.383829	0.187703
175.000000	0.011416	-0.030428	0.053261	0.341021	0.168748	0.383354	0.187927
170.000000	0.011318	-0.022904	0.045540	0.340807	0.170298	0.386049	0.189407
165.000000	0.005960	-0.011946	0.023866	0.339215	0.169265	0.385473	0.189281
160.000000	0.009852	-0.010519	0.030224	0.341926	0.169390	0.383309	0.187947
155.000000	0.004497	-0.010979	0.019972	0.343374	0.170028	0.382103	0.188764
150.000000	0.000231	-0.008187	0.007725	0.344164	0.171129	0.381580	0.188854
145.000000	0.002963	0.001427	0.004499	0.341593	0.169907	0.381663	0.189011
140.000000	0.033821	0.019726	0.047915	0.339448	0.171116	0.386607	0.187873
135.000000	0.057906	0.037237	0.078575	0.341995	0.172165	0.394308	0.188577
130.000000	0.071374	0.051214	0.091534	0.337044	0.171467	0.395106	0.188545
125.000000	0.078860	0.061353	0.096367	0.337850	0.170836	0.396473	0.186962
120.000000	0.083351	0.057529	0.109174	0.338129	0.172905	0.397459	0.188514
115.000000	0.080009	0.053707	0.106311	0.342148	0.174755	0.393885	0.189097
110.000000	0.095963	0.051665	0.140260	0.333031	0.172981	0.391448	0.186911
105.000000	0.109100	0.062671	0.155529	0.335708	0.174888	0.390366	0.188692
100.000000	0.133787	0.085366	0.182207	0.333452	0.176695	0.387524	0.191325
95.000000	0.160456	0.123162	0.197750	0.333225	0.174732	0.377528	0.189024
90.000000	0.208624	0.174947	0.242301	0.332694	0.173432	0.366080	0.194276
85.000000	0.316322	0.247435	0.385210	0.331643	0.168114	0.362558	0.205219
80.000000	0.469255	0.341706	0.596804	0.328481	0.163124	0.311274	0.205276
75.000000	0.653825	0.487909	0.819742	0.324757	0.158905	0.317476	0.198644
70.000000	1.034011	0.820006	1.248015	0.326549	0.156713	0.369114	0.183783
65.000000	1.425713	1.214078	1.637347	0.334344	0.148644	0.362694	0.212085
60.000000	1.500262	1.344228	1.656297	0.348772	0.137141	0.361260	0.231569
55.000000	1.514749	1.414864	1.614635	0.358114	0.129863	0.384970	0.227471
50.000000	1.552755	1.459221	1.646290	0.357464	0.125749	0.382059	0.209903
45.000000	1.749957	1.497932	2.001982	0.340719	0.138070	0.328153	0.208458
40.000000	1.828863	1.546566	2.111159	0.333691	0.148953	0.334036	0.210062
35.000000	1.848215	1.626075	2.070356	0.336763	0.144489	0.333728	0.206045
30.000000	1.865828	1.675268	2.056388	0.337834	0.142532	0.328691	0.199136
25.000000	1.862819	1.710198	2.015440	0.344459	0.140131	0.330788	0.200260
20.000000	1.852607	1.739921	1.965292	0.349447	0.137697	0.337209	0.196927
15.000000	1.846252	1.754875	1.937629	0.351912	0.136958	0.334630	0.192204
10.000000	1.838057	1.766723	1.909392	0.351601	0.135342	0.346530	0.195552
5.000000	1.831374	1.772169	1.890578	0.356324	0.136493	0.340427	0.191064
0.000000	1.838160	1.759746	1.916575	0.352630	0.137565	0.340303	0.191686
