255.000000	0.000000	0.000000	0.000000	0.378917	0.163060	0.415546	0.155456
250.000000	0.024305	-0.024305	-0.019511	0.372668	0.160975	0.408356	0.155183
245.000000	0.019392	-0.019392	0.007107	0.376728	0.162485	0.411417	0.155184
240.000000	0.003387	-0.003387	0.044754	0.379920	0.162230	0.415416	0.155494
235.000000	0.013444	-0.013444	0.064946	0.380191	0.162614	0.414712	0.156448
230.000000	0.004611	-0.004611	0.054004	0.379595	0.162973	0.417975	0.158008
225.000000	0.001231	-0.001231	0.057220	0.377541	0.162812	0.418554	0.156417
220.000000	0.015546	-0.015546	0.132185	0.379169	0.161285	0.423259	0.158724
215.000000	0.003989	-0.003989	0.257932	0.386396	0.162944	0.421322	0.161391
210.000000	0.007471	0.007471	0.242985	0.387420	0.162616	0.421968	0.161909
205.000000	0.000808	0.000808	0.204421	0.385542	0.162183	0.421310	0.162029
200.000000	0.008266	0.008266	0.139504	0.383889	0.162669	0.423745	0.161077
195.000000	0.035128	0.035128	0.173554	0.381217	0.161512	0.422025	0.161464
190.000000	0.022635	0.022635	0.302334	0.390470	0.164245	0.418462	0.160901
185.000000	0.000216	0.000216	0.332084	0.392676	0.164357	0.419964	0.159149
180.000000	0.001307	-0.001307	0.237329	0.385863	0.163313	0.423272	0.161999
175.000000	0.023727	0.023727	0.296370	0.390602	0.164448	0.415366	0.158553
170.000000	0.023808	0.023808	0.371396	0.395273	0.166088	0.412373	0.155724
165.000000	0.040991	0.040991	0.254184	0.389631	0.163321	0.410582	0.157489
160.000000	0.037925	0.037925	0.173166	0.381450	0.162090	0.414055	0.160474
155.000000	0.037895	0.037895	-0.067230	0.378684	0.160778	0.423411	0.160653
150.000000	0.060960	0.060960	-0.150097	0.383769	0.159662	0.424446	0.161999
145.000000	0.068092	0.068092	0.158736	0.379954	0.159509	0.407415	0.156200
140.000000	0.024491	0.024491	0.200360	0.386997	0.160513	0.415470	0.159233
135.000000	0.030109	0.030109	0.298017	0.393609	0.164279	0.411623	0.157348
130.000000	0.011250	0.011250	0.168519	0.381426	0.161412	0.426466	0.162608
125.000000	0.005159	0.005159	0.188907	0.386170	0.161420	0.419758	0.159891
120.000000	0.035996	0.035996	0.421545	0.402562	0.167500	0.410503	0.148992
115.000000	0.014912	0.014912	0.622653	0.383977	0.159670	0.413848	0.147487
110.000000	0.005194	-0.005194	0.682797	0.380739	0.158978	0.419144	0.148403
105.000000	0.004345	-0.004345	0.678111	0.381178	0.159579	0.416326	0.148472
100.000000	0.011067	-0.011067	0.695322	0.379955	0.160648	0.418441	0.148807
95.000000	0.004092	0.004092	0.758822	0.372388	0.157541	0.420507	0.145768
90.000000	0.015919	0.015919	0.676757	0.380591	0.160687	0.410593	0.144386
85.000000	0.003596	0.003596	0.417617	0.391225	0.166952	0.405495	0.144056
80.000000	0.010274	-0.010274	0.376339	0.382330	0.164185	0.401944	0.141700
75.000000	0.030511	-0.030511	0.394941	0.389065	0.165787	0.404463	0.138817
70.000000	0.044307	-0.044307	0.404144	0.388883	0.166519	0.400530	0.137583
65.000000	0.061755	-0.061755	0.366655	0.387895	0.166352	0.402814	0.136647
60.000000	0.082172	-0.082172	0.197808	0.376661	0.163310	0.405656	0.139609
55.000000	0.103860	-0.103860	0.021022	0.367030	0.160364	0.409337	0.141461
50.000000	0.121427	-0.121427	-0.181592	0.358548	0.161181	0.407291	0.140084
45.000000	0.138599	-0.138599	-0.122226	0.357972	0.160513	0.412823	0.140414
40.000000	0.139448	-0.139448	-0.008860	0.363561	0.160717	0.411544	0.136330
35.000000	0.155040	-0.155040	-0.046306	0.360304	0.158611	0.412984	0.135942
30.000000	0.167542	-0.167542	0.059426	0.366156	0.160728	0.419479	0.133215
25.000000	0.159773	-0.159773	0.198423	0.372742	0.163432	0.421793	0.128625
20.000000	0.160573	-0.160573	0.118484	0.365823	0.160350	0.424891	0.128156
15.000000	0.146047	-0.146047	0.115138	0.366118	0.159585	0.426646	0.129301
10.000000	0.117370	-0.117370	0.391167	0.381506	0.165346	0.426387	0.121626
5.000000	0.123067	-0.123067	0.417605	0.377820	0.163905	0.427668	0.120656
0.000000	0.131149	-0.131149	0.383130	0.382951	0.166096	0.433921	0.123924
