255.000000	0.000000	0.000000	0.000000	0.437430	0.176513	0.525710	0.098049
250.000000	0.068851	-0.097545	-0.068851	0.437658	0.176374	0.537019	0.101072
245.000000	0.161564	-0.368905	-0.161564	0.433504	0.171460	0.533486	0.122560
240.000000	0.134966	-0.101065	-0.134966	0.430438	0.174317	0.523926	0.106142
235.000000	0.199225	-0.292536	-0.199225	0.437976	0.173202	0.516153	0.126340
230.000000	0.216026	-0.296768	-0.216026	0.426534	0.175469	0.503618	0.129643
225.000000	0.234917	-0.327728	-0.234917	0.436373	0.172981	0.505954	0.134626
220.000000	0.241533	-0.468979	-0.241533	0.416131	0.172891	0.515790	0.159520
215.000000	0.255737	-0.208560	-0.255737	0.439486	0.174159	0.503036	0.135077
210.000000	0.277948	-0.069100	-0.277948	0.423629	0.175102	0.483903	0.127100
205.000000	0.277436	-0.329191	-0.277436	0.430812	0.174233	0.499845	0.162991
200.000000	0.288434	-0.198080	-0.288434	0.433238	0.173777	0.497187	0.144306
195.000000	0.282065	-0.274524	-0.282065	0.421615	0.174740	0.494836	0.161747
190.000000	0.282028	-0.276942	-0.282028	0.438814	0.173265	0.497599	0.157675
185.000000	0.247638	-0.584440	-0.247638	0.424425	0.169655	0.506068	0.200298
180.000000	0.237578	-0.691933	-0.237578	0.437807	0.165834	0.493784	0.200431
175.000000	0.247044	-0.595849	-0.247044	0.432843	0.167983	0.503657	0.205449
170.000000	0.256180	-0.574547	-0.256180	0.434918	0.166279	0.500903	0.203280
165.000000	0.266529	-0.561660	-0.266529	0.430156	0.168348	0.508177	0.208324
160.000000	0.292084	-0.422498	-0.292084	0.424476	0.171859	0.510148	0.201782
155.000000	0.291632	-0.467220	-0.291632	0.433072	0.167426	0.510731	0.207780
150.000000	0.257390	-0.587156	-0.257390	0.412028	0.172417	0.497397	0.212762
145.000000	0.264221	-0.586446	-0.264221	0.428037	0.168517	0.496028	0.211994
140.000000	0.282604	-0.431062	-0.282604	0.424154	0.170322	0.510780	0.206383
135.000000	0.307675	-0.352435	-0.307675	0.418138	0.171617	0.506908	0.200930
130.000000	0.313385	-0.112581	-0.313385	0.432670	0.173655	0.481645	0.163204
125.000000	0.338391	-0.131453	-0.338391	0.429514	0.171621	0.480560	0.169201
120.000000	0.327725	-0.104957	-0.327725	0.426510	0.172151	0.472665	0.165551
115.000000	0.337496	0.034227	-0.337496	0.435211	0.173881	0.469048	0.148762
110.000000	0.361405	-0.076856	-0.361405	0.430280	0.171760	0.470355	0.164448
105.000000	0.359285	-0.203412	-0.359285	0.424763	0.170483	0.480040	0.179778
100.000000	0.339798	0.073393	-0.339798	0.421655	0.174711	0.454362	0.146359
95.000000	0.338060	0.117995	-0.338060	0.429437	0.175705	0.452313	0.142858
90.000000	0.280978	-0.201035	-0.280978	0.416146	0.171210	0.477296	0.175547
85.000000	0.347848	0.018417	-0.347848	0.432598	0.172326	0.468127	0.152905
80.000000	0.324252	-0.204620	-0.324252	0.416145	0.173775	0.475672	0.178196
75.000000	0.324003	-0.191798	-0.324003	0.426917	0.170886	0.484254	0.180780
70.000000	0.202740	-0.779106	-0.202740	0.421795	0.170338	0.468462	0.226278
65.000000	0.221482	-0.589798	-0.221482	0.420372	0.168525	0.496537	0.225573
60.000000	0.332538	-0.280394	-0.332538	0.424626	0.171978	0.493448	0.195791
55.000000	0.320103	-0.334318	-0.320103	0.432074	0.173437	0.504973	0.209378
50.000000	0.319569	-0.412125	-0.319569	0.431988	0.170283	0.507188	0.217801
45.000000	0.320555	-0.347962	-0.320555	0.419092	0.170313	0.504719	0.207924
40.000000	0.272251	-0.465273	-0.272251	0.425822	0.168409	0.504262	0.218149
35.000000	0.275117	-0.462180	-0.275117	0.421256	0.171149	0.503270	0.218863
30.000000	0.325611	-0.253326	-0.325611	0.421961	0.170864	0.494800	0.195965
25.000000	0.351005	-0.216177	-0.351005	0.424468	0.171740	0.487820	0.183718
20.000000	0.336099	-0.201048	-0.336099	0.425081	0.170496	0.492578	0.186712
15.000000	0.264015	-0.495120	-0.264015	0.429156	0.167408	0.498854	0.218153
10.000000	0.336894	-0.250047	-0.336894	0.423766	0.169934	0.487143	0.192523
5.000000	0.340570	-0.271801	-0.340570	0.426920	0.171274	0.488806	0.193533
0.000000	0.294539	-0.346831	-0.294539	0.422132	0.173155	0.501194	0.203734
