0.000000	0.999561
5.000000	0.999872
10.000000	1.000000
15.000000	0.997478
20.000000	0.993277
25.000000	0.980850
30.000000	0.979274
35.000000	0.960457
40.000000	0.932294
45.000000	0.904921
50.000000	0.865812
55.000000	0.799122
60.000000	0.741177
65.000000	0.656096
70.000000	0.549951
75.000000	0.461238
80.000000	0.388876
85.000000	0.367006
90.000000	0.323876
95.000000	0.305799
100.000000	0.299036
105.000000	0.296013
110.000000	0.295116
115.000000	0.295640
120.000000	0.296163
125.000000	0.297137
130.000000	0.297459
135.000000	0.298382
140.000000	0.299433
145.000000	0.300307
150.000000	0.301096
155.000000	0.301471
160.000000	0.301586
165.000000	0.301375
170.000000	0.301408
175.000000	0.301495
180.000000	0.301775
185.000000	0.301692
190.000000	0.301660
195.000000	0.301519
200.000000	0.301707
205.000000	0.301777
210.000000	0.301932
215.000000	0.301801
220.000000	0.301779
225.000000	0.301793
230.000000	0.301782
235.000000	0.301682
240.000000	0.301889
245.000000	0.301842
250.000000	0.301917
255.000000	0.301917
