0.000000	1.000000
5.000000	0.997270
10.000000	0.999081
15.000000	0.998053
20.000000	0.996871
25.000000	0.998120
30.000000	0.996902
35.000000	0.998538
40.000000	0.997187
45.000000	0.998480
50.000000	0.996547
55.000000	0.996816
60.000000	0.996419
65.000000	0.998685
70.000000	0.996573
75.000000	0.996442
80.000000	0.992617
85.000000	0.989925
90.000000	0.984716
95.000000	0.986054
100.000000	0.981377
105.000000	0.976035
110.000000	0.970840
115.000000	0.964602
120.000000	0.958458
125.000000	0.954566
130.000000	0.943489
135.000000	0.937393
140.000000	0.921394
145.000000	0.910916
150.000000	0.902648
155.000000	0.881623
160.000000	0.859588
165.000000	0.846469
170.000000	0.819768
175.000000	0.797893
180.000000	0.767989
185.000000	0.733997
190.000000	0.695074
195.000000	0.657883
200.000000	0.602626
205.000000	0.555848
210.000000	0.492928
215.000000	0.427800
220.000000	0.358275
225.000000	0.296255
230.000000	0.222920
235.000000	0.157203
240.000000	0.094394
245.000000	0.053460
250.000000	0.027777
255.000000	0.029095
