255.000000	0.000000	0.000000	0.000000	0.362748	0.112364	0.489907	0.037642
250.000000	0.003103	-0.003103	0.037598	0.369549	0.107941	0.488365	0.029614
245.000000	0.001312	-0.001312	0.064712	0.368347	0.103647	0.487021	0.025605
240.000000	0.163127	0.163127	0.430116	0.363362	0.082220	0.484287	0.011264
235.000000	0.003919	0.003919	0.065109	0.369669	0.103751	0.487078	0.023791
230.000000	0.010167	0.010167	-0.035273	0.369947	0.119987	0.487395	0.035705
225.000000	0.021019	0.021019	-0.059975	0.372397	0.127184	0.489255	0.039646
220.000000	0.011296	0.011296	-0.005203	0.365053	0.115992	0.487530	0.031519
215.000000	0.008392	0.008392	-0.003935	0.368277	0.115769	0.486812	0.032716
210.000000	0.002920	0.002920	0.007947	0.367580	0.112427	0.487067	0.031527
205.000000	0.004684	0.004684	0.087537	0.366000	0.100324	0.484467	0.024009
200.000000	0.049144	0.049144	0.245407	0.362269	0.086327	0.484374	0.015836
195.000000	0.105298	0.105298	0.330731	0.362530	0.084708	0.486416	0.013091
190.000000	0.372717	0.372717	0.759414	0.365308	0.076634	0.482975	0.013254
185.000000	0.377885	0.377885	0.761506	0.362573	0.075864	0.484801	0.013252
180.000000	0.194636	0.194636	0.436017	0.359644	0.082225	0.484398	0.010791
175.000000	0.133494	0.133494	0.331682	0.362985	0.085552	0.481948	0.011409
170.000000	0.146532	0.146532	0.327282	0.366155	0.087237	0.483868	0.010913
165.000000	0.079444	0.079444	0.205685	0.363444	0.091046	0.485189	0.013787
160.000000	0.149181	0.149181	0.312252	0.365785	0.088551	0.487311	0.011481
155.000000	0.182517	0.182517	0.353504	0.363668	0.086657	0.485109	0.011108
150.000000	0.307485	0.307485	0.544677	0.364936	0.080973	0.485998	0.010828
145.000000	0.331145	0.331145	0.584447	0.360479	0.078657	0.484975	0.011169
140.000000	0.385697	0.385697	0.679554	0.359227	0.075259	0.486194	0.012356
135.000000	0.435287	0.435287	0.801012	0.361302	0.072004	0.484668	0.015288
130.000000	0.469603	0.469603	0.921457	0.357687	0.068940	0.486533	0.020456
125.000000	0.486458	0.486458	0.910537	0.357730	0.069492	0.484928	0.019383
120.000000	0.469918	0.469918	0.789961	0.361757	0.072651	0.486440	0.013462
115.000000	0.508349	0.508349	0.991493	0.359142	0.066451	0.485178	0.022586
110.000000	0.547325	0.547325	0.935038	0.361803	0.068397	0.483946	0.017325
105.000000	0.579007	0.579007	0.762231	0.359737	0.075750	0.482278	0.006606
100.000000	0.101963	-0.101963	-0.125451	0.362908	0.097064	0.480633	0.009885
95.000000	0.210263	-0.210263	-0.294596	0.363571	0.102009	0.479821	0.012899
90.000000	0.608832	-0.608832	-0.646634	0.366724	0.086538	0.481764	0.014053
85.000000	0.649120	-0.649120	-0.686047	0.359842	0.078434	0.488726	0.023940
80.000000	1.032172	-1.032172	-0.702133	0.353613	0.046184	0.480681	0.045240
75.000000	1.266629	-1.266629	-0.541093	0.352515	0.039563	0.471034	0.062576
70.000000	0.939454	-0.939454	-0.694703	0.350440	0.040988	0.480727	0.057884
65.000000	0.933165	-0.933165	-0.692342	0.358533	0.041368	0.471459	0.059603
60.000000	1.180523	-1.180523	-0.561759	0.355829	0.036680	0.464619	0.067126
55.000000	0.975434	-0.975434	-0.672487	0.359499	0.041376	0.475120	0.059177
50.000000	0.851307	-0.851307	-0.713512	0.367283	0.049672	0.479895	0.053558
45.000000	0.708187	-0.708187	-0.709799	0.364778	0.061609	0.478517	0.046438
40.000000	0.625929	-0.625929	-0.693437	0.369996	0.070225	0.476209	0.043521
35.000000	0.448539	-0.448539	-0.624790	0.370389	0.088585	0.479578	0.043924
30.000000	0.343768	-0.343768	-0.570671	0.364823	0.099685	0.483969	0.046502
25.000000	0.329390	-0.329390	-0.561695	0.363732	0.101297	0.485045	0.046315
20.000000	0.336216	-0.336216	-0.563437	0.364481	0.099761	0.485582	0.044744
15.000000	0.371997	-0.371997	-0.573373	0.362371	0.092585	0.483536	0.041880
10.000000	0.377495	-0.377495	-0.573610	0.363564	0.091695	0.489101	0.041568
5.000000	0.358182	-0.358182	-0.572738	0.364944	0.095061	0.487346	0.041771
0.000000	0.310519	-0.310519	-0.555150	0.360420	0.103288	0.491211	0.044820
