255.000000	0.000000	0.000000	0.000000	0.402229	0.061184	0.409381	0.184820
250.000000	0.003281	-0.008919	0.002357	0.405483	0.060860	0.409053	0.184933
245.000000	0.000625	-0.007629	0.008879	0.405419	0.060036	0.402005	0.187319
240.000000	0.026993	-0.043061	0.097047	0.409328	0.055591	0.405391	0.183860
235.000000	0.052448	-0.079981	0.184878	0.413811	0.053604	0.411718	0.182380
230.000000	0.097485	-0.163119	0.358089	0.414286	0.053839	0.417734	0.179183
225.000000	0.119514	-0.187817	0.426845	0.414440	0.055960	0.412364	0.171996
220.000000	0.137216	-0.202668	0.477100	0.408045	0.057068	0.411145	0.164821
215.000000	0.140332	-0.206306	0.486970	0.408431	0.057718	0.421759	0.166926
210.000000	0.127362	-0.177047	0.431771	0.412872	0.055130	0.412512	0.170079
205.000000	0.109400	-0.136728	0.355528	0.411460	0.052092	0.403559	0.171491
200.000000	0.092619	-0.099584	0.284823	0.418384	0.052880	0.400072	0.173364
195.000000	0.086704	-0.073540	0.246948	0.414978	0.052513	0.408183	0.176732
190.000000	0.105699	-0.111584	0.322983	0.412166	0.051922	0.411299	0.174936
185.000000	0.129874	-0.177290	0.437037	0.404941	0.055181	0.426271	0.171521
180.000000	0.172638	-0.222369	0.567645	0.405334	0.062957	0.420154	0.160766
175.000000	0.173319	-0.219725	0.566364	0.403562	0.062355	0.422745	0.160652
170.000000	0.163626	-0.203274	0.530527	0.397679	0.059376	0.421272	0.163291
165.000000	0.201157	-0.216618	0.618932	0.399171	0.065516	0.423502	0.154160
160.000000	0.180000	-0.203379	0.563378	0.399556	0.061186	0.421297	0.157969
155.000000	0.207410	-0.218882	0.633702	0.406647	0.067646	0.421784	0.152164
150.000000	0.266625	-0.219673	0.752924	0.394467	0.079664	0.422808	0.142744
145.000000	0.195380	-0.225019	0.615778	0.393931	0.066445	0.426485	0.156430
140.000000	0.162159	-0.214472	0.538791	0.400298	0.060685	0.423244	0.162981
135.000000	0.150799	-0.211180	0.512779	0.400988	0.058827	0.416444	0.166424
130.000000	0.150809	-0.218195	0.519812	0.402076	0.059973	0.423175	0.168290
125.000000	0.154802	-0.222333	0.531937	0.400211	0.060526	0.424767	0.168284
120.000000	0.153292	-0.224169	0.530754	0.401460	0.061721	0.421155	0.167058
115.000000	0.145331	-0.219566	0.510228	0.399664	0.060724	0.421724	0.170783
110.000000	0.124861	-0.195760	0.445482	0.405152	0.056856	0.415261	0.174943
105.000000	0.090592	-0.146868	0.328053	0.410317	0.054203	0.407875	0.179606
100.000000	0.090421	-0.154519	0.335361	0.414677	0.054909	0.408037	0.179638
95.000000	0.100545	-0.189593	0.390682	0.408386	0.054826	0.410748	0.177253
90.000000	0.118024	-0.234393	0.470440	0.405494	0.057743	0.410996	0.168443
85.000000	0.146344	-0.278309	0.570996	0.405966	0.063166	0.409083	0.154722
80.000000	0.174645	-0.306211	0.655501	0.399094	0.066480	0.410995	0.137393
75.000000	0.172085	-0.324982	0.669153	0.401114	0.061588	0.401996	0.122665
70.000000	0.177423	-0.342230	0.697075	0.400081	0.052802	0.404295	0.107413
65.000000	0.185266	-0.366695	0.737227	0.409274	0.045345	0.407219	0.093847
60.000000	0.228057	-0.392104	0.848218	0.402758	0.044824	0.408363	0.080381
55.000000	0.247178	-0.424377	0.918732	0.408253	0.040070	0.408233	0.070599
50.000000	0.277688	-0.453063	1.008440	0.398692	0.038402	0.425986	0.067055
45.000000	0.277117	-0.515617	1.069851	0.407271	0.031837	0.414403	0.060317
40.000000	0.311330	-0.520340	1.143001	0.410433	0.033306	0.420819	0.058301
35.000000	0.356302	-0.499771	1.212376	0.409018	0.035768	0.416471	0.056206
30.000000	0.382754	-0.499964	1.265472	0.410599	0.035584	0.420526	0.055230
25.000000	0.398645	-0.503129	1.300419	0.410425	0.035113	0.421362	0.054723
20.000000	0.387093	-0.552565	1.326751	0.409436	0.031192	0.420957	0.053732
15.000000	0.348301	-0.696674	1.393275	0.405017	0.024493	0.430553	0.053795
10.000000	0.339404	-0.777382	1.456189	0.406988	0.023613	0.425713	0.052715
5.000000	0.289485	-1.013851	1.592821	0.406451	0.024244	0.433387	0.052254
0.000000	0.245620	-1.178637	1.669877	0.396028	0.030893	0.434663	0.052453
