0.000000	0.745338
5.000000	0.735894
10.000000	0.724213
15.000000	0.704743
20.000000	0.679938
25.000000	0.646276
30.000000	0.605976
35.000000	0.548882
40.000000	0.481822
45.000000	0.401775
50.000000	0.302114
55.000000	0.187555
60.000000	0.131502
65.000000	0.060387
70.000000	0.020338
75.000000	0.045207
80.000000	0.177448
85.000000	0.290630
90.000000	0.469375
95.000000	0.557854
100.000000	0.689078
105.000000	0.799952
110.000000	0.865169
115.000000	0.908601
120.000000	0.937381
125.000000	0.957054
130.000000	0.967843
135.000000	0.980855
140.000000	0.985025
145.000000	0.989374
150.000000	0.993074
155.000000	0.995436
160.000000	0.997578
165.000000	0.998130
170.000000	0.999123
175.000000	0.999657
180.000000	0.999870
185.000000	1.000000
190.000000	0.999836
195.000000	0.999817
200.000000	0.999660
205.000000	0.999623
210.000000	0.999534
215.000000	0.999426
220.000000	0.999566
225.000000	0.999153
230.000000	0.999346
235.000000	0.999051
240.000000	0.999153
245.000000	0.999191
250.000000	0.998965
255.000000	0.998910
