0.000000	0.728988
5.000000	0.721818
10.000000	0.708926
15.000000	0.690507
20.000000	0.675297
25.000000	0.646988
30.000000	0.625705
35.000000	0.590962
40.000000	0.568038
45.000000	0.544055
50.000000	0.525708
55.000000	0.520118
60.000000	0.533439
65.000000	0.569191
70.000000	0.633770
75.000000	0.715809
80.000000	0.781575
85.000000	0.869786
90.000000	0.912898
95.000000	0.954925
100.000000	0.968895
105.000000	0.978399
110.000000	0.984319
115.000000	0.988762
120.000000	0.992103
125.000000	0.993874
130.000000	0.995803
135.000000	0.996321
140.000000	0.996920
145.000000	0.997728
150.000000	0.998481
155.000000	0.998958
160.000000	0.999152
165.000000	0.999278
170.000000	0.999297
175.000000	0.999331
180.000000	0.999067
185.000000	0.999312
190.000000	0.999070
195.000000	0.998985
200.000000	0.999084
205.000000	0.999159
210.000000	0.999146
215.000000	0.999405
220.000000	0.999575
225.000000	0.999524
230.000000	0.999617
235.000000	0.999632
240.000000	0.999343
245.000000	0.999811
250.000000	0.999604
255.000000	1.000000
