0.000000	0.693194
5.000000	0.693609
10.000000	0.692961
15.000000	0.693226
20.000000	0.693177
25.000000	0.693034
30.000000	0.693662
35.000000	0.693246
40.000000	0.693497
45.000000	0.693430
50.000000	0.693772
55.000000	0.693541
60.000000	0.694216
65.000000	0.694365
70.000000	0.694170
75.000000	0.694254
80.000000	0.694094
85.000000	0.694250
90.000000	0.693734
95.000000	0.694389
100.000000	0.694380
105.000000	0.694206
110.000000	0.694484
115.000000	0.694514
120.000000	0.694589
125.000000	0.695751
130.000000	0.695889
135.000000	0.695790
140.000000	0.696602
145.000000	0.696628
150.000000	0.698637
155.000000	0.699214
160.000000	0.702078
165.000000	0.704085
170.000000	0.705722
175.000000	0.711003
180.000000	0.715130
185.000000	0.721045
190.000000	0.724760
195.000000	0.735412
200.000000	0.743371
205.000000	0.754860
210.000000	0.772737
215.000000	0.787851
220.000000	0.809404
225.000000	0.829830
230.000000	0.858662
235.000000	0.886365
240.000000	0.916989
245.000000	0.947516
250.000000	0.972181
255.000000	1.000000
