255.000000	0.000000	0.000000	0.000000	0.389556	0.167208	0.494325	0.083984
250.000000	0.051997	0.051997	0.188440	0.396883	0.184073	0.498953	0.091193
245.000000	0.082804	0.082804	0.285112	0.398883	0.192590	0.496619	0.094589
240.000000	0.080540	0.080540	0.194343	0.396219	0.183223	0.495401	0.092363
235.000000	0.103668	0.103668	0.287842	0.399791	0.193145	0.498458	0.095926
230.000000	0.118291	0.118291	0.343293	0.401669	0.193574	0.502155	0.097718
225.000000	0.148406	0.148406	0.414952	0.393549	0.186440	0.505310	0.100098
220.000000	0.180214	0.180214	0.511128	0.385783	0.179924	0.513905	0.103989
215.000000	0.191646	0.191646	0.470654	0.393661	0.185809	0.510844	0.103559
210.000000	0.146723	0.146723	0.314590	0.403535	0.189534	0.502146	0.097704
205.000000	0.107374	0.107374	0.242120	0.398364	0.185587	0.500460	0.094649
200.000000	0.070909	0.070909	0.131438	0.393267	0.178579	0.494884	0.090133
195.000000	0.064549	0.064549	0.080710	0.390059	0.172694	0.494313	0.088372
190.000000	0.072845	0.072845	0.102057	0.388608	0.176078	0.493144	0.089442
185.000000	0.068238	0.068238	0.136785	0.392076	0.181683	0.495055	0.090765
180.000000	0.054307	0.054307	0.129242	0.391359	0.178975	0.496248	0.090058
175.000000	0.047013	0.047013	0.075303	0.390278	0.173851	0.492006	0.087391
170.000000	0.066164	0.066164	0.149200	0.388028	0.183858	0.488116	0.090296
165.000000	0.074293	0.074293	0.199310	0.393686	0.188339	0.490907	0.091869
160.000000	0.073383	0.073383	0.190318	0.393944	0.185861	0.492648	0.091743
155.000000	0.110938	0.110938	0.259867	0.398574	0.189294	0.497192	0.094845
150.000000	0.116097	0.116097	0.323317	0.399988	0.192253	0.498537	0.096652
145.000000	0.115181	0.115181	0.351811	0.397659	0.189277	0.501511	0.097403
140.000000	0.114112	0.114112	0.348069	0.393747	0.188474	0.501737	0.097368
135.000000	0.116125	0.116125	0.339194	0.398277	0.188428	0.504287	0.097674
130.000000	0.126351	0.126351	0.355060	0.396617	0.188643	0.504252	0.098434
125.000000	0.147196	0.147196	0.421623	0.393991	0.184722	0.507985	0.100257
120.000000	0.155203	0.155203	0.456500	0.389514	0.182097	0.507874	0.101142
115.000000	0.149298	0.149298	0.452745	0.387613	0.181482	0.508101	0.100658
110.000000	0.138072	0.138072	0.441729	0.385239	0.181261	0.504975	0.099118
105.000000	0.115335	0.115335	0.380843	0.386464	0.184595	0.497463	0.095755
100.000000	0.075235	0.075235	0.261001	0.388726	0.184779	0.488056	0.090195
95.000000	0.030650	0.030650	0.143660	0.372902	0.175403	0.481592	0.083986
90.000000	0.043717	-0.043717	-0.047929	0.366209	0.157500	0.476873	0.074428
85.000000	0.153370	-0.153370	-0.465346	0.363322	0.109147	0.478962	0.068889
80.000000	0.184239	-0.184239	-0.804743	0.358211	0.086835	0.485938	0.078219
75.000000	0.196616	-0.196616	-0.918017	0.359859	0.083217	0.470336	0.086650
70.000000	0.223178	-0.223178	-0.886460	0.356996	0.084934	0.468856	0.091292
65.000000	0.237649	-0.237649	-0.798126	0.363294	0.092278	0.472547	0.094769
60.000000	0.228491	-0.228491	-0.564759	0.366410	0.109763	0.473614	0.091983
55.000000	0.196685	-0.196685	-0.400594	0.374820	0.128337	0.477950	0.092841
50.000000	0.161877	-0.161877	-0.370703	0.364960	0.124985	0.481848	0.094164
45.000000	0.152927	-0.152927	-0.408815	0.371185	0.120291	0.481272	0.093094
40.000000	0.149411	-0.149411	-0.433664	0.367877	0.115378	0.483683	0.092115
35.000000	0.151343	-0.151343	-0.450241	0.370086	0.114548	0.483046	0.089639
30.000000	0.151083	-0.151083	-0.495535	0.369961	0.109406	0.480978	0.087207
25.000000	0.159604	-0.159604	-0.522600	0.366231	0.106741	0.482328	0.086213
20.000000	0.165049	-0.165049	-0.521682	0.374598	0.108963	0.485163	0.084555
15.000000	0.169317	-0.169317	-0.498628	0.363720	0.108731	0.481162	0.082277
10.000000	0.159513	-0.159513	-0.459339	0.370991	0.113521	0.484526	0.081365
5.000000	0.157690	-0.157690	-0.445906	0.369047	0.114731	0.490004	0.080661
0.000000	0.158275	-0.158275	-0.485494	0.370843	0.110375	0.488465	0.080673
