0.000000	0.178274
5.000000	0.177816
10.000000	0.177699
15.000000	0.178610
20.000000	0.178168
25.000000	0.177768
30.000000	0.177946
35.000000	0.178032
40.000000	0.177780
45.000000	0.178631
50.000000	0.177734
55.000000	0.177797
60.000000	0.178058
65.000000	0.178366
70.000000	0.177161
75.000000	0.175815
80.000000	0.173861
85.000000	0.171475
90.000000	0.168451
95.000000	0.166486
100.000000	0.162968
105.000000	0.159370
110.000000	0.155830
115.000000	0.151138
120.000000	0.142407
125.000000	0.143247
130.000000	0.137299
135.000000	0.132313
140.000000	0.126403
145.000000	0.120191
150.000000	0.113778
155.000000	0.107700
160.000000	0.102193
165.000000	0.095507
170.000000	0.089438
175.000000	0.085795
180.000000	0.081145
185.000000	0.082865
190.000000	0.083396
195.000000	0.087872
200.000000	0.102018
205.000000	0.117277
210.000000	0.145817
215.000000	0.183333
220.000000	0.233128
225.000000	0.296989
230.000000	0.376409
235.000000	0.468432
240.000000	0.594028
245.000000	0.708513
250.000000	0.850716
255.000000	1.000000
