255.000000	0.000000	0.000000	0.000000	0.387839	0.142226	0.414920	0.123203
250.000000	0.027774	0.138002	0.027774	0.379531	0.134524	0.417663	0.126903
245.000000	0.051979	0.262648	0.051979	0.379045	0.129951	0.415236	0.133926
240.000000	0.056794	0.093979	0.056794	0.381502	0.138743	0.410939	0.124330
235.000000	0.075822	0.160130	0.075822	0.380532	0.137175	0.402583	0.130361
230.000000	0.080371	0.191201	0.080371	0.380188	0.134737	0.408053	0.132013
225.000000	0.081040	0.038959	0.081040	0.386626	0.143249	0.399177	0.124336
220.000000	0.082506	-0.009988	0.082506	0.383348	0.144749	0.402133	0.124663
215.000000	0.089347	0.112275	0.089347	0.383896	0.140075	0.405574	0.131578
210.000000	0.087079	0.035854	0.087079	0.382608	0.145729	0.395193	0.128402
205.000000	0.075044	-0.128345	0.075044	0.379342	0.145602	0.395795	0.121755
200.000000	0.089556	-0.152007	0.089556	0.376066	0.145529	0.399824	0.122313
195.000000	0.102745	-0.112663	0.102745	0.374559	0.145433	0.397791	0.123410
190.000000	0.120294	0.031781	0.120294	0.388549	0.143983	0.412900	0.133047
185.000000	0.089574	-0.058977	0.089574	0.383701	0.145634	0.400978	0.127384
180.000000	0.051776	-0.238067	0.051776	0.379863	0.144304	0.412174	0.120803
175.000000	0.119163	-0.002998	0.119163	0.389044	0.142820	0.405565	0.130500
170.000000	0.104683	-0.057017	0.104683	0.384841	0.143912	0.406892	0.125987
165.000000	0.135354	0.031280	0.135354	0.384220	0.142096	0.404679	0.133975
160.000000	0.104967	-0.175406	0.104967	0.374017	0.144232	0.398657	0.121404
155.000000	0.118700	-0.026806	0.118700	0.386369	0.142460	0.408647	0.130179
150.000000	0.108658	-0.137502	0.108658	0.375670	0.144465	0.395665	0.121894
145.000000	0.127357	-0.051659	0.127357	0.380662	0.144994	0.401581	0.126777
140.000000	0.139367	0.060800	0.139367	0.383708	0.142704	0.403427	0.134332
135.000000	0.133380	0.111656	0.133380	0.389579	0.141015	0.409598	0.134868
130.000000	0.143224	0.044610	0.143224	0.387574	0.142958	0.406685	0.132007
125.000000	0.149571	0.123481	0.149571	0.389801	0.141406	0.411424	0.136187
120.000000	0.155284	0.181680	0.155284	0.385363	0.136132	0.412702	0.139080
115.000000	0.150301	0.293178	0.150301	0.382507	0.129204	0.404981	0.141622
110.000000	0.146861	0.445539	0.146861	0.379081	0.122041	0.408005	0.147877
105.000000	0.142700	0.498184	0.142700	0.377185	0.120117	0.403995	0.150797
100.000000	0.160712	0.402256	0.160712	0.380885	0.123664	0.402323	0.146643
95.000000	0.166517	0.363167	0.166517	0.383129	0.126191	0.402710	0.146216
90.000000	0.165353	0.350401	0.165353	0.382169	0.126072	0.398699	0.143628
85.000000	0.167871	0.309111	0.167871	0.380571	0.129721	0.400822	0.144611
80.000000	0.177032	0.357255	0.177032	0.381466	0.127166	0.407101	0.145953
75.000000	0.175106	0.359184	0.175106	0.381547	0.125499	0.397406	0.144311
70.000000	0.174333	0.373652	0.174333	0.380469	0.126554	0.403925	0.146583
65.000000	0.169685	0.395461	0.169685	0.379077	0.125445	0.402412	0.146876
60.000000	0.166373	0.303124	0.166373	0.383407	0.130276	0.398085	0.143050
55.000000	0.164555	0.266197	0.164555	0.386713	0.133619	0.405958	0.140540
50.000000	0.175224	0.210984	0.175224	0.388587	0.135133	0.400133	0.137996
45.000000	0.178378	0.268812	0.178378	0.386343	0.133259	0.400779	0.140662
40.000000	0.168318	0.404007	0.168318	0.384883	0.124845	0.403434	0.145100
35.000000	0.167810	0.210771	0.167810	0.390467	0.134980	0.401886	0.137579
30.000000	0.166641	0.222880	0.166641	0.388918	0.134925	0.404961	0.137944
25.000000	0.177347	0.215020	0.177347	0.391007	0.134791	0.400484	0.138198
20.000000	0.136449	0.560803	0.136449	0.381104	0.118160	0.413444	0.152501
15.000000	0.136713	0.665145	0.136713	0.387580	0.113111	0.411234	0.154435
10.000000	0.148735	0.533220	0.148735	0.379613	0.119582	0.407335	0.149994
5.000000	0.167100	0.275310	0.167100	0.384345	0.131423	0.403884	0.140483
0.000000	0.157083	0.561502	0.157083	0.376361	0.118677	0.405626	0.151175
