0.000000	0.995049
5.000000	0.995272
10.000000	0.995853
15.000000	0.996094
20.000000	0.996148
25.000000	0.996073
30.000000	0.995773
35.000000	0.995850
40.000000	0.995123
45.000000	0.995125
50.000000	0.995222
55.000000	0.995188
60.000000	0.996013
65.000000	0.996009
70.000000	0.995858
75.000000	0.996051
80.000000	0.996091
85.000000	0.996262
90.000000	0.995930
95.000000	0.995875
100.000000	0.996473
105.000000	0.996863
110.000000	0.997411
115.000000	0.997500
120.000000	0.997254
125.000000	0.998098
130.000000	0.998007
135.000000	0.998775
140.000000	0.999172
145.000000	0.999846
150.000000	1.000000
155.000000	0.999097
160.000000	0.995484
165.000000	0.994824
170.000000	0.990952
175.000000	0.985703
180.000000	0.982086
185.000000	0.975928
190.000000	0.966694
195.000000	0.957013
200.000000	0.945735
205.000000	0.927975
210.000000	0.906358
215.000000	0.881313
220.000000	0.859170
225.000000	0.828121
230.000000	0.788734
235.000000	0.753304
240.000000	0.707759
245.000000	0.668456
250.000000	0.627174
255.000000	0.586009
