255.000000	0.000000	0.000000	0.000000	0.405492	0.250395	0.407463	0.234562
250.000000	0.057113	-0.057113	-0.076089	0.427835	0.261499	0.388555	0.201160
245.000000	0.141770	-0.141770	-0.116057	0.424790	0.256989	0.412971	0.191963
240.000000	0.180317	-0.180317	-0.183228	0.412283	0.247094	0.419431	0.165333
235.000000	0.269149	-0.269149	-0.200141	0.426549	0.255185	0.424032	0.162638
230.000000	0.336414	-0.336414	-0.208015	0.425026	0.258313	0.437536	0.157721
225.000000	0.368961	-0.368961	-0.171744	0.417599	0.249135	0.426385	0.150271
220.000000	0.434942	-0.434942	-0.295512	0.425255	0.253284	0.432387	0.149146
215.000000	0.472755	-0.472755	-0.386052	0.402495	0.230627	0.417634	0.130047
210.000000	0.517424	-0.517424	-0.434605	0.414371	0.245576	0.439875	0.145131
205.000000	0.590066	-0.590066	-0.608951	0.388700	0.218170	0.418332	0.131528
200.000000	0.590584	-0.590584	-0.536358	0.398491	0.232139	0.427204	0.142141
195.000000	0.615833	-0.615833	-0.471873	0.401139	0.236664	0.431484	0.146777
190.000000	0.650968	-0.650968	-0.549881	0.385325	0.220045	0.413583	0.134401
185.000000	0.650505	-0.650505	-0.527776	0.403640	0.233223	0.428564	0.150317
180.000000	0.676498	-0.676498	-0.529014	0.396073	0.227287	0.420079	0.144551
175.000000	0.679990	-0.679990	-0.474377	0.404648	0.232330	0.417117	0.148786
170.000000	0.686315	-0.686315	-0.450982	0.400134	0.229015	0.428124	0.154357
165.000000	0.706489	-0.706489	-0.531722	0.368287	0.212007	0.411096	0.142087
160.000000	0.701935	-0.701935	-0.419566	0.400803	0.232332	0.424377	0.156410
155.000000	0.717908	-0.717908	-0.419566	0.383658	0.225683	0.414593	0.146923
150.000000	0.727720	-0.727720	-0.407066	0.394667	0.230661	0.420467	0.154428
145.000000	0.739142	-0.739142	-0.328157	0.387852	0.227673	0.424391	0.160844
140.000000	0.726760	-0.726760	-0.255851	0.392088	0.228882	0.408576	0.151066
135.000000	0.725541	-0.725541	-0.039921	0.392925	0.227403	0.426347	0.181995
130.000000	0.737961	-0.737961	0.033829	0.404738	0.221013	0.416076	0.171895
125.000000	0.762261	-0.762261	0.088129	0.408575	0.223231	0.426676	0.184343
120.000000	0.750691	-0.750691	0.039301	0.396476	0.220171	0.424061	0.184865
115.000000	0.743484	-0.743484	0.055671	0.404452	0.219707	0.411957	0.171689
110.000000	0.763974	-0.763974	-0.024240	0.395788	0.224060	0.415019	0.180807
105.000000	0.741920	-0.741920	-0.036683	0.408623	0.227153	0.407751	0.169015
100.000000	0.779029	-0.779029	0.210380	0.425718	0.223292	0.408993	0.187886
95.000000	0.768955	-0.768955	0.059223	0.412903	0.220830	0.409503	0.173261
90.000000	0.779310	-0.779310	0.225835	0.424193	0.220264	0.412040	0.193125
85.000000	0.760386	-0.760386	0.098595	0.421399	0.222854	0.416615	0.179367
80.000000	0.759815	-0.759815	0.103064	0.412335	0.219559	0.423761	0.188719
75.000000	0.834460	-0.834460	0.192181	0.430595	0.220771	0.408616	0.189585
70.000000	0.813609	-0.813609	0.191318	0.418366	0.215155	0.422606	0.189058
65.000000	0.839110	-0.839110	0.300776	0.410093	0.213310	0.403627	0.193705
60.000000	0.834094	-0.834094	0.290949	0.406269	0.204856	0.412577	0.189679
55.000000	0.807349	-0.807349	0.156103	0.431803	0.220704	0.418687	0.187996
50.000000	0.850718	-0.850718	0.307295	0.413510	0.203849	0.405930	0.188717
45.000000	0.854291	-0.854291	0.313616	0.407399	0.205001	0.412734	0.189325
40.000000	0.845809	-0.845809	0.275487	0.414925	0.212829	0.412625	0.195960
35.000000	0.832743	-0.832743	0.263952	0.396086	0.199627	0.420189	0.189834
30.000000	0.830083	-0.830083	0.192797	0.421822	0.220524	0.414288	0.192504
25.000000	0.857660	-0.857660	0.332012	0.409223	0.201034	0.408170	0.191006
20.000000	0.825025	-0.825025	-0.072287	0.408771	0.226956	0.414224	0.176953
15.000000	0.858750	-0.858750	0.337886	0.420291	0.207105	0.392865	0.186752
10.000000	0.883916	-0.883916	0.432009	0.393799	0.192875	0.399717	0.187199
5.000000	0.859791	-0.859791	0.332098	0.425353	0.215951	0.400348	0.195388
0.000000	0.811744	-0.811744	0.212507	0.400459	0.205742	0.419839	0.188357
