0.000000	1.000000
5.000000	0.997842
10.000000	0.991009
15.000000	0.980802
20.000000	0.967194
25.000000	0.956598
30.000000	0.935356
35.000000	0.916579
40.000000	0.890435
45.000000	0.871056
50.000000	0.837562
55.000000	0.815580
60.000000	0.794944
65.000000	0.773921
70.000000	0.771908
75.000000	0.770851
80.000000	0.774746
85.000000	0.774283
90.000000	0.767767
95.000000	0.762775
100.000000	0.751957
105.000000	0.744543
110.000000	0.740513
115.000000	0.737868
120.000000	0.736098
125.000000	0.736545
130.000000	0.734683
135.000000	0.736402
140.000000	0.736196
145.000000	0.736587
150.000000	0.736189
155.000000	0.736749
160.000000	0.737448
165.000000	0.737332
170.000000	0.737036
175.000000	0.737613
180.000000	0.735761
185.000000	0.735805
190.000000	0.735322
195.000000	0.735434
200.000000	0.735480
205.000000	0.736452
210.000000	0.736663
215.000000	0.736148
220.000000	0.736621
225.000000	0.736603
230.000000	0.736295
235.000000	0.735377
240.000000	0.736413
245.000000	0.735859
250.000000	0.736023
255.000000	0.736603
