255.000000	0.000000	0.000000	0.000000	0.334646	0.104770	0.429597	0.048271
250.000000	0.111289	0.111289	0.205193	0.325895	0.104787	0.430127	0.054510
245.000000	0.149555	0.149555	0.309072	0.318705	0.105980	0.429903	0.062706
240.000000	0.160373	0.160373	0.383377	0.320679	0.107921	0.431618	0.071124
235.000000	0.160331	0.160331	0.422098	0.320360	0.108825	0.429217	0.075326
230.000000	0.155968	0.155968	0.426602	0.321689	0.110546	0.430945	0.074965
225.000000	0.148246	0.148246	0.394317	0.322308	0.108996	0.429998	0.071079
220.000000	0.136106	0.136106	0.369557	0.320372	0.106980	0.432179	0.067326
215.000000	0.107240	0.107240	0.293951	0.324607	0.109774	0.431801	0.058958
210.000000	0.064365	0.064365	0.210058	0.320339	0.109096	0.431403	0.052681
205.000000	0.036218	0.036218	0.183734	0.332159	0.113741	0.433665	0.051210
200.000000	0.024641	0.024641	0.200694	0.326751	0.114757	0.432063	0.050258
195.000000	0.011330	0.011330	0.202421	0.321933	0.116145	0.435488	0.050311
190.000000	0.003402	-0.003402	0.182346	0.321777	0.116201	0.435134	0.049527
185.000000	0.024089	0.024089	0.278813	0.319790	0.117886	0.435655	0.052932
180.000000	0.040875	0.040875	0.311148	0.320133	0.118410	0.434296	0.054917
175.000000	0.025998	0.025998	0.210329	0.322576	0.114987	0.434122	0.050709
170.000000	0.069129	0.069129	0.238049	0.324700	0.111887	0.432044	0.052985
165.000000	0.109321	0.109321	0.255932	0.324552	0.108703	0.430843	0.055875
160.000000	0.146781	0.146781	0.295952	0.328872	0.109586	0.429839	0.060491
155.000000	0.167333	0.167333	0.435921	0.323410	0.110441	0.433077	0.077499
150.000000	0.169599	0.169599	0.462089	0.323675	0.109720	0.434210	0.081907
145.000000	0.170025	0.170025	0.487025	0.325316	0.109623	0.434603	0.086307
140.000000	0.174143	0.174143	0.463388	0.322093	0.105714	0.430139	0.083467
135.000000	0.166305	0.166305	0.500996	0.320966	0.107586	0.433966	0.088771
130.000000	0.165518	0.165518	0.477203	0.323038	0.106024	0.433206	0.084226
125.000000	0.162807	0.162807	0.505327	0.321891	0.107882	0.432092	0.087494
120.000000	0.169206	0.169206	0.497790	0.319729	0.106435	0.435971	0.086826
115.000000	0.183690	0.183690	0.455897	0.321213	0.102593	0.436908	0.081151
110.000000	0.203404	0.203404	0.396321	0.323087	0.096904	0.436489	0.073615
105.000000	0.226479	0.226479	0.418157	0.318407	0.094348	0.442377	0.078141
100.000000	0.270092	0.270092	0.378146	0.320818	0.089388	0.442966	0.073795
95.000000	0.326468	0.326468	0.364019	0.324842	0.084813	0.438334	0.071769
90.000000	0.380436	0.380436	0.403965	0.320832	0.081495	0.446282	0.079455
85.000000	0.400785	0.400785	0.497803	0.310689	0.076719	0.437991	0.095410
80.000000	0.466810	0.466810	0.488390	0.312498	0.070844	0.434799	0.095955
75.000000	0.517394	0.517394	0.493251	0.306398	0.063877	0.431315	0.100903
70.000000	0.582365	0.582365	0.465946	0.309093	0.058868	0.431019	0.101835
65.000000	0.618943	0.618943	0.455352	0.305663	0.055351	0.422672	0.101478
60.000000	0.639024	0.639024	0.451893	0.305409	0.052223	0.428872	0.105741
55.000000	0.687944	0.687944	0.405212	0.308890	0.052114	0.421618	0.099324
50.000000	0.756972	0.756972	0.334780	0.316242	0.055968	0.428438	0.093107
45.000000	0.764811	0.764811	0.325157	0.316398	0.056842	0.425412	0.089745
40.000000	0.775715	0.775715	0.315415	0.316042	0.057360	0.429306	0.088374
35.000000	0.758057	0.758057	0.335874	0.314213	0.055286	0.425773	0.093083
30.000000	0.741513	0.741513	0.359783	0.311539	0.052372	0.425101	0.098466
25.000000	0.707517	0.707517	0.401866	0.310509	0.048348	0.427988	0.107141
20.000000	0.681638	0.681638	0.430654	0.311672	0.046180	0.425132	0.108789
15.000000	0.693699	0.693699	0.418480	0.312737	0.047234	0.429471	0.106075
10.000000	0.682874	0.682874	0.430642	0.311567	0.047380	0.431847	0.104879
5.000000	0.654106	0.654106	0.459008	0.315095	0.049371	0.430555	0.100670
0.000000	0.653526	0.653526	0.462130	0.317326	0.052872	0.435490	0.096336
