0.000000	0.202022
5.000000	0.201836
10.000000	0.202736
15.000000	0.202068
20.000000	0.201925
25.000000	0.202198
30.000000	0.201913
35.000000	0.202292
40.000000	0.202521
45.000000	0.202197
50.000000	0.201812
55.000000	0.202410
60.000000	0.202026
65.000000	0.201996
70.000000	0.201429
75.000000	0.199614
80.000000	0.197964
85.000000	0.195183
90.000000	0.191735
95.000000	0.189154
100.000000	0.186612
105.000000	0.182088
110.000000	0.176990
115.000000	0.173308
120.000000	0.167815
125.000000	0.163486
130.000000	0.157407
135.000000	0.151868
140.000000	0.144244
145.000000	0.137858
150.000000	0.131988
155.000000	0.123107
160.000000	0.117059
165.000000	0.109904
170.000000	0.103574
175.000000	0.096401
180.000000	0.091068
185.000000	0.090987
190.000000	0.091755
195.000000	0.094787
200.000000	0.105113
205.000000	0.115379
210.000000	0.143820
215.000000	0.178956
220.000000	0.227509
225.000000	0.285901
230.000000	0.364917
235.000000	0.458058
240.000000	0.579256
245.000000	0.698297
250.000000	0.846276
255.000000	1.000000
