0.000000	0.012604
5.000000	0.012540
10.000000	0.012650
15.000000	0.012597
20.000000	0.012532
25.000000	0.012616
30.000000	0.012648
35.000000	0.012640
40.000000	0.012556
45.000000	0.012666
50.000000	0.012605
55.000000	0.012618
60.000000	0.012565
65.000000	0.012657
70.000000	0.012621
75.000000	0.012491
80.000000	0.012452
85.000000	0.013057
90.000000	0.013200
95.000000	0.013612
100.000000	0.013870
105.000000	0.014321
110.000000	0.015053
115.000000	0.015831
120.000000	0.016570
125.000000	0.017508
130.000000	0.019114
135.000000	0.021183
140.000000	0.023986
145.000000	0.027297
150.000000	0.030529
155.000000	0.036388
160.000000	0.041359
165.000000	0.050104
170.000000	0.058212
175.000000	0.070116
180.000000	0.085879
185.000000	0.103678
190.000000	0.125297
195.000000	0.150946
200.000000	0.181820
205.000000	0.219534
210.000000	0.273198
215.000000	0.328992
220.000000	0.387885
225.000000	0.463367
230.000000	0.544385
235.000000	0.625382
240.000000	0.733724
245.000000	0.825145
250.000000	0.918185
255.000000	1.000000
