255.000000	0.000000	0.000000	0.000000	0.399317	0.112518	0.430893	0.094203
250.000000	0.011726	0.101314	0.011726	0.397387	0.112902	0.432086	0.086948
245.000000	0.024783	0.195612	0.024783	0.396116	0.113828	0.438330	0.082989
240.000000	0.027029	0.274033	0.027029	0.399397	0.114512	0.435730	0.080967
235.000000	0.024906	0.286437	0.024906	0.396564	0.114303	0.437738	0.080806
230.000000	0.035269	0.307135	0.035269	0.398211	0.114202	0.439487	0.080006
225.000000	0.045696	0.342354	0.045696	0.400583	0.116445	0.436684	0.079074
220.000000	0.044458	0.312057	0.044458	0.398660	0.115222	0.441776	0.080578
215.000000	0.044524	0.298937	0.044524	0.398816	0.114812	0.437459	0.079580
210.000000	0.047260	0.299605	0.047260	0.400811	0.115442	0.436230	0.079800
205.000000	0.062115	0.317362	0.062115	0.405583	0.116748	0.438894	0.079497
200.000000	0.083301	0.348364	0.083301	0.401117	0.118347	0.437130	0.079072
195.000000	0.092207	0.323192	0.092207	0.402592	0.117303	0.438522	0.079074
190.000000	0.097982	0.296607	0.097982	0.401074	0.117502	0.441018	0.079533
185.000000	0.099154	0.247932	0.099154	0.401770	0.116838	0.436787	0.078508
180.000000	0.103370	0.233112	0.103370	0.399923	0.117002	0.433797	0.079088
175.000000	0.108918	0.239220	0.108918	0.398557	0.116617	0.436939	0.079176
170.000000	0.117207	0.258181	0.117207	0.400550	0.118680	0.435267	0.078844
165.000000	0.129111	0.286653	0.129111	0.404343	0.118850	0.435931	0.077743
160.000000	0.147377	0.312705	0.147377	0.397394	0.120723	0.434887	0.077645
155.000000	0.162198	0.313267	0.162198	0.402861	0.122832	0.440131	0.077935
150.000000	0.167492	0.275235	0.167492	0.401640	0.124256	0.439782	0.076898
145.000000	0.157737	0.211300	0.157737	0.398689	0.123420	0.439038	0.076927
140.000000	0.158046	0.202135	0.158046	0.397535	0.123694	0.434270	0.077267
135.000000	0.167130	0.225246	0.167130	0.402007	0.121685	0.437218	0.078492
130.000000	0.168756	0.283482	0.168756	0.403171	0.121399	0.437116	0.078321
125.000000	0.165201	0.321281	0.165201	0.402234	0.121530	0.439830	0.079335
120.000000	0.169224	0.386106	0.169224	0.399472	0.120813	0.437580	0.080656
115.000000	0.176935	0.431735	0.176935	0.399352	0.122566	0.440639	0.081654
110.000000	0.183424	0.456175	0.183424	0.401175	0.123378	0.442589	0.082182
105.000000	0.188062	0.450795	0.188062	0.398819	0.124238	0.440931	0.082104
100.000000	0.194788	0.435811	0.194788	0.399491	0.124564	0.435666	0.080892
95.000000	0.210327	0.438648	0.210327	0.403183	0.125091	0.434682	0.079733
90.000000	0.234177	0.475928	0.234177	0.402972	0.125317	0.438355	0.079095
85.000000	0.264771	0.552798	0.264771	0.405343	0.126282	0.436410	0.077682
80.000000	0.296418	0.597287	0.296418	0.403931	0.125369	0.432671	0.073258
75.000000	0.319362	0.625700	0.319362	0.403775	0.122784	0.437543	0.066487
70.000000	0.338042	0.630556	0.338042	0.406002	0.116550	0.439970	0.057952
65.000000	0.342236	0.624175	0.342236	0.413320	0.110364	0.439455	0.048394
60.000000	0.328044	0.575944	0.328044	0.410906	0.102930	0.444771	0.038107
55.000000	0.232608	0.430400	0.232608	0.406479	0.091452	0.445586	0.026865
50.000000	0.018589	0.133674	0.018589	0.395428	0.079292	0.448165	0.023911
45.000000	0.117662	-0.143064	-0.117662	0.392029	0.071090	0.442468	0.034860
40.000000	0.120061	-0.315161	-0.120061	0.395207	0.068222	0.446586	0.050711
35.000000	0.126217	-0.376750	-0.126217	0.386228	0.065023	0.445218	0.056625
30.000000	0.171289	-0.293602	-0.171289	0.393544	0.060488	0.439533	0.050412
25.000000	0.115036	-0.427104	-0.115036	0.394440	0.062388	0.443364	0.064622
20.000000	0.079619	-0.526548	-0.079619	0.389091	0.066463	0.444887	0.075287
15.000000	0.061535	-0.568681	-0.061535	0.392036	0.070472	0.443498	0.081778
10.000000	0.079284	-0.534272	-0.079284	0.389461	0.065180	0.441874	0.077701
5.000000	0.120268	-0.463737	-0.120268	0.392596	0.060075	0.443813	0.072152
0.000000	0.161101	-0.397693	-0.161101	0.396105	0.056045	0.445552	0.069110
