255.000000	0.000000	0.000000	0.000000	0.446021	0.069865	0.418977	0.097263
250.000000	0.091770	0.068447	-0.251986	0.448589	0.075693	0.435624	0.070471
245.000000	0.011647	-0.012998	-0.010295	0.450721	0.064751	0.438964	0.070934
240.000000	0.018835	-0.009269	-0.028402	0.448322	0.062399	0.436685	0.064184
235.000000	0.027025	0.021004	-0.075055	0.439983	0.057457	0.446458	0.050015
230.000000	0.023986	0.015665	-0.063637	0.442474	0.053097	0.438280	0.043994
225.000000	0.146857	0.041472	-0.335185	0.440816	0.055128	0.441972	0.031758
220.000000	0.140227	0.043799	-0.324253	0.445070	0.052775	0.449513	0.022673
215.000000	0.147241	0.035389	-0.329870	0.443553	0.045158	0.438863	0.022598
210.000000	0.233641	0.005123	-0.472405	0.442110	0.051069	0.449869	0.010072
205.000000	0.145515	0.080269	-0.371299	0.436483	0.042618	0.440778	0.011721
200.000000	0.182173	0.329181	0.035165	0.433372	0.033154	0.451436	0.008778
195.000000	0.670288	0.879555	0.461020	0.444818	0.035359	0.451743	0.002200
190.000000	1.155475	1.535830	0.775119	0.438613	0.055467	0.446747	0.019594
185.000000	0.704984	0.896419	0.513549	0.450926	0.028016	0.449529	0.011869
180.000000	1.136180	1.539412	0.732949	0.455573	0.056034	0.440322	0.026826
175.000000	0.881025	1.209970	0.552081	0.435921	0.031454	0.453754	0.020129
170.000000	1.066075	1.512648	0.619501	0.445223	0.056527	0.434309	0.032303
165.000000	0.985747	1.406620	0.564874	0.444309	0.046678	0.438787	0.032115
160.000000	0.909211	1.274672	0.543750	0.444969	0.028479	0.434711	0.020953
155.000000	0.931627	1.318705	0.544549	0.432015	0.035113	0.438791	0.027593
150.000000	0.550652	0.260576	0.840729	0.447001	0.015630	0.432134	0.025393
145.000000	0.535769	0.194128	0.877411	0.430810	0.021340	0.437354	0.031108
140.000000	0.576805	0.258069	0.895541	0.443339	0.021549	0.443284	0.034955
135.000000	0.493356	0.053109	0.933603	0.445717	0.030031	0.425725	0.036059
130.000000	0.566643	0.115827	1.017460	0.444926	0.024843	0.441573	0.038687
125.000000	0.679662	0.526175	0.833149	0.441446	0.008574	0.425581	0.030824
120.000000	0.595446	0.052184	1.138708	0.443724	0.013134	0.430781	0.031004
115.000000	0.678627	0.326720	1.030534	0.443626	0.014092	0.435790	0.034437
110.000000	0.883293	1.446371	0.320215	0.446104	0.022415	0.432113	0.034627
105.000000	0.910207	1.457051	0.363362	0.431881	0.025681	0.437450	0.040605
100.000000	0.597705	2.026304	-0.830895	0.433556	0.024069	0.432544	0.034989
95.000000	0.563646	2.032365	-0.905073	0.436567	0.037647	0.442383	0.043692
90.000000	0.582651	2.007380	-0.842077	0.442323	0.034012	0.433378	0.039367
85.000000	0.506493	1.962332	-0.949347	0.426506	0.055825	0.445279	0.053026
80.000000	0.561859	2.005258	-0.881539	0.442775	0.041614	0.434959	0.044624
75.000000	0.672342	2.125916	-0.781232	0.439128	0.021261	0.443367	0.040038
70.000000	0.656296	2.014369	-0.701777	0.446608	0.026083	0.433569	0.037943
65.000000	0.616661	2.017393	-0.784072	0.455700	0.036532	0.444592	0.042960
60.000000	0.653552	2.025384	-0.718281	0.452671	0.027803	0.437797	0.039550
55.000000	0.508300	1.921806	-0.905206	0.437438	0.051996	0.437669	0.047016
50.000000	0.541689	1.978503	-0.895125	0.445941	0.047754	0.443403	0.050820
45.000000	0.463748	1.896472	-0.968976	0.425009	0.070275	0.433085	0.060438
40.000000	0.505919	1.912737	-0.900900	0.438983	0.058777	0.439978	0.050035
35.000000	0.617580	2.020195	-0.785036	0.444235	0.032937	0.437493	0.041909
30.000000	0.791793	1.875316	-0.291730	0.447993	0.015040	0.437721	0.034994
25.000000	0.929797	1.512745	0.346848	0.440330	0.036032	0.432935	0.048995
20.000000	0.814501	1.674955	-0.045953	0.439680	0.007540	0.438498	0.037220
15.000000	0.949325	1.535901	0.362749	0.436507	0.031963	0.431892	0.044254
10.000000	0.911612	1.473766	0.349459	0.443427	0.031600	0.434789	0.046298
5.000000	0.934719	1.512315	0.357123	0.447972	0.034968	0.435749	0.044808
0.000000	0.932734	1.508321	0.357148	0.450035	0.038161	0.434738	0.046152
