255.000000	0.000000	0.000000	0.000000	0.403483	0.020818	0.505424	0.077685
250.000000	0.038325	-0.048453	-0.028197	0.403971	0.012100	0.507553	0.077552
245.000000	0.081651	-0.110266	-0.053036	0.405204	0.004499	0.511283	0.077948
240.000000	0.086804	-0.101927	-0.071682	0.403710	0.008211	0.508429	0.078046
235.000000	0.092089	-0.098227	-0.085950	0.404195	0.011883	0.510323	0.078151
230.000000	0.111060	-0.113111	-0.109009	0.403582	0.012297	0.510051	0.078489
225.000000	0.111701	-0.113042	-0.110359	0.404369	0.016446	0.508324	0.078438
220.000000	0.119602	-0.123663	-0.115542	0.402912	0.018733	0.510241	0.078647
215.000000	0.156494	-0.169806	-0.143182	0.401916	0.011844	0.510817	0.080818
210.000000	0.214515	-1.161148	0.732118	0.404834	0.004713	0.508819	0.085765
205.000000	0.239548	-1.223333	0.744238	0.408061	0.012585	0.506275	0.088397
200.000000	0.259125	-1.252067	0.733818	0.407757	0.019799	0.504861	0.090883
195.000000	0.259930	-1.259190	0.739331	0.408918	0.021163	0.502175	0.090183
190.000000	0.235150	-1.243418	0.773119	0.406133	0.013819	0.505699	0.087727
185.000000	0.183198	-2.049217	1.682821	0.404894	0.001650	0.511082	0.082959
180.000000	0.107547	-2.099387	1.884293	0.403457	0.021285	0.510902	0.078136
175.000000	0.031979	-2.031635	1.967678	0.399319	0.037972	0.504970	0.076517
170.000000	0.039083	-1.963451	2.041617	0.402653	0.054231	0.501036	0.078231
165.000000	0.039731	-1.965046	2.044509	0.399342	0.054734	0.497250	0.077974
160.000000	0.007320	-2.013327	1.998688	0.401709	0.045131	0.500680	0.076227
155.000000	0.040467	-2.048028	1.967094	0.399681	0.038068	0.505034	0.076421
150.000000	0.050059	-2.057871	1.957754	0.402450	0.036072	0.506893	0.076533
145.000000	0.050114	-2.057274	1.957047	0.395893	0.036533	0.505607	0.076493
140.000000	0.074572	-2.082929	1.933784	0.401069	0.032570	0.506206	0.076790
135.000000	0.086358	-2.096307	1.923591	0.399495	0.032544	0.508996	0.077302
130.000000	0.105824	-2.118261	1.906612	0.399556	0.030928	0.510433	0.077876
125.000000	0.097170	-2.111442	1.917101	0.398084	0.034277	0.507513	0.077826
120.000000	0.108128	-2.127050	1.910794	0.400178	0.033535	0.507462	0.078339
115.000000	0.109080	-2.132241	1.914080	0.398726	0.036556	0.507314	0.078043
110.000000	0.136355	-2.172052	1.899342	0.401231	0.036864	0.508517	0.079837
105.000000	0.181989	-2.241524	1.877547	0.401977	0.032982	0.514669	0.085308
100.000000	0.223157	-2.317800	1.871487	0.404281	0.031068	0.511922	0.091042
95.000000	0.253029	-2.372260	1.866202	0.405391	0.037594	0.511990	0.099064
90.000000	0.289412	-2.447691	1.868866	0.410148	0.040886	0.509311	0.114875
85.000000	0.316974	-2.531520	1.897572	0.412669	0.042956	0.501323	0.134337
80.000000	0.320463	-2.568211	1.927286	0.414701	0.047325	0.491975	0.154531
75.000000	0.320452	-2.652681	2.011777	0.410896	0.044271	0.476711	0.178407
70.000000	0.277277	-2.643145	2.088590	0.410878	0.046225	0.468043	0.190830
65.000000	0.195508	-2.588384	2.197368	0.404009	0.045413	0.451009	0.184747
60.000000	0.101232	-2.523940	2.321475	0.404194	0.042899	0.455441	0.179006
55.000000	0.035033	-2.495346	2.425279	0.405373	0.040005	0.456126	0.172735
50.000000	0.018168	-2.563257	2.526920	0.401170	0.036953	0.459559	0.166941
45.000000	0.025714	-2.652599	2.601171	0.398661	0.035731	0.468141	0.158027
40.000000	0.051444	-2.767469	2.664582	0.395739	0.038036	0.478262	0.149196
35.000000	0.072436	-2.835791	2.690920	0.400173	0.039222	0.486043	0.141548
30.000000	0.103159	-2.921016	2.714699	0.399187	0.043116	0.496706	0.136302
25.000000	0.109568	-2.929833	2.710697	0.402424	0.039915	0.492847	0.128717
20.000000	0.111299	-2.917574	2.694977	0.403865	0.033955	0.497890	0.124914
15.000000	0.123551	-2.941712	2.694610	0.404441	0.032911	0.495235	0.119552
10.000000	0.134916	-2.962214	2.692382	0.405931	0.032818	0.496032	0.117576
5.000000	0.104798	-2.843795	2.634199	0.404914	0.022256	0.496857	0.113625
0.000000	0.056364	-2.506955	2.394227	0.403774	0.015911	0.491916	0.109724
