255.000000	0.000000	0.000000	0.000000	0.408752	0.246424	0.406178	0.232747
250.000000	0.041226	0.041226	0.112190	0.416203	0.251129	0.400418	0.239743
245.000000	0.084066	0.084066	0.148750	0.429025	0.250194	0.386470	0.242947
240.000000	0.116332	0.116332	0.195522	0.430692	0.250634	0.399233	0.247251
235.000000	0.158203	0.158203	0.247303	0.426047	0.246888	0.394574	0.248807
230.000000	0.194775	0.194775	0.288288	0.432089	0.244046	0.412553	0.262049
225.000000	0.282651	0.282651	1.719275	0.336584	0.116788	0.278969	0.057620
220.000000	0.271295	0.271295	0.206792	0.421506	0.246819	0.397737	0.266775
215.000000	0.306800	0.306800	0.238646	0.423604	0.248022	0.393429	0.266203
210.000000	0.334514	0.334514	0.214182	0.422568	0.248831	0.378460	0.264718
205.000000	0.357751	0.357751	0.051765	0.427364	0.254733	0.354030	0.272778
200.000000	0.379513	0.379513	0.058146	0.436602	0.259674	0.345926	0.272231
195.000000	0.382919	0.382919	0.125359	0.417134	0.249515	0.322043	0.263694
190.000000	0.406568	0.406568	-0.206261	0.425486	0.255416	0.306658	0.275622
185.000000	0.438036	0.438036	-0.296712	0.428905	0.257729	0.301651	0.275318
180.000000	0.493958	0.493958	0.900705	0.417780	0.226286	0.344751	0.254468
175.000000	0.503933	0.503933	0.854757	0.424398	0.233047	0.321262	0.242325
170.000000	0.579393	0.579393	0.681765	0.400889	0.233012	0.312982	0.240161
165.000000	0.554564	0.554564	1.489010	0.427468	0.218515	0.326750	0.265815
160.000000	0.640085	0.640085	0.443800	0.411429	0.242228	0.304963	0.238863
155.000000	0.502529	0.502529	0.832199	0.431026	0.235347	0.304200	0.220967
150.000000	0.597887	0.597887	0.493331	0.394740	0.237914	0.306217	0.229948
145.000000	0.571798	0.571798	-0.067384	0.430365	0.264747	0.263205	0.234813
140.000000	0.579717	0.579717	-0.054837	0.418415	0.264846	0.280707	0.238263
135.000000	0.666461	0.666461	0.673138	0.396882	0.235942	0.307030	0.196377
130.000000	0.678304	0.678304	0.251911	0.412554	0.252531	0.324066	0.212362
125.000000	0.728732	0.728732	0.423459	0.404569	0.247504	0.322495	0.194658
120.000000	0.660197	0.660197	0.015495	0.421116	0.263660	0.301989	0.208487
115.000000	0.660254	0.660254	0.204636	0.415964	0.253178	0.312963	0.190848
110.000000	0.762756	0.762756	-0.595291	0.433204	0.237772	0.283553	0.180833
105.000000	0.798241	0.798241	-0.707313	0.426546	0.231838	0.272253	0.167071
100.000000	0.825654	0.825654	-0.249782	0.402426	0.236638	0.314239	0.185377
95.000000	0.810384	0.810384	-0.081586	0.411595	0.257618	0.323171	0.179564
90.000000	0.810347	0.810347	-0.169780	0.400397	0.249416	0.308330	0.176381
85.000000	0.773524	0.773524	-0.221113	0.408147	0.250230	0.293038	0.166625
80.000000	0.820676	0.820676	-0.466195	0.400657	0.224797	0.303643	0.161790
75.000000	0.776570	0.776570	-0.064921	0.415273	0.261014	0.307251	0.164196
70.000000	0.821786	0.821786	-0.068492	0.399866	0.250694	0.313346	0.157727
65.000000	0.871288	0.871288	-0.378371	0.423062	0.241713	0.292213	0.155878
60.000000	0.833525	0.833525	-0.081791	0.419424	0.260657	0.325450	0.162772
55.000000	0.827646	0.827646	-0.256767	0.416018	0.248278	0.312928	0.164682
50.000000	0.840227	0.840227	-0.373168	0.429920	0.250235	0.307868	0.156011
45.000000	0.820846	0.820846	-0.375621	0.401812	0.231307	0.301435	0.155055
40.000000	0.823151	0.823151	-0.203077	0.422169	0.257082	0.309536	0.165276
35.000000	0.861168	0.861168	-0.332639	0.408070	0.236636	0.318648	0.159101
30.000000	0.829585	0.829585	-0.238094	0.422411	0.255735	0.314920	0.164100
25.000000	0.814314	0.814314	-0.143773	0.407130	0.251915	0.307129	0.160124
20.000000	0.861713	0.861713	1.240545	0.425868	0.228021	0.316812	0.158343
15.000000	0.869752	0.869752	1.152786	0.434325	0.238989	0.312004	0.152502
10.000000	0.782298	0.782298	0.608789	0.407106	0.250327	0.332482	0.140215
5.000000	0.853277	0.853277	0.270776	0.423944	0.265113	0.304621	0.131798
0.000000	0.846403	0.846403	0.304097	0.428093	0.268795	0.312532	0.136262
