0.000000	0.276408
5.000000	0.286656
10.000000	0.305795
15.000000	0.324803
20.000000	0.353804
25.000000	0.391619
30.000000	0.439594
35.000000	0.492076
40.000000	0.558491
45.000000	0.633099
50.000000	0.688562
55.000000	0.754319
60.000000	0.807649
65.000000	0.855147
70.000000	0.869423
75.000000	0.873786
80.000000	0.866010
85.000000	0.861190
90.000000	0.870434
95.000000	0.891819
100.000000	0.922501
105.000000	0.948355
110.000000	0.966976
115.000000	0.979478
120.000000	0.988415
125.000000	0.993695
130.000000	0.994592
135.000000	0.996568
140.000000	0.997411
145.000000	0.998169
150.000000	0.998251
155.000000	0.999582
160.000000	0.999596
165.000000	0.999860
170.000000	0.999464
175.000000	0.999591
180.000000	0.999757
185.000000	1.000000
190.000000	0.999613
195.000000	0.999277
200.000000	0.998743
205.000000	0.998502
210.000000	0.998021
215.000000	0.998534
220.000000	0.998654
225.000000	0.998173
230.000000	0.997549
235.000000	0.997794
240.000000	0.997363
245.000000	0.998660
250.000000	0.998893
255.000000	0.999790
