255.000000	0.000000	0.000000	0.000000	0.420748	0.187947	0.375540	0.084667
250.000000	0.042332	-0.042332	-0.126413	0.421187	0.189635	0.380149	0.077106
245.000000	0.021295	-0.021295	-0.093493	0.422706	0.192399	0.383290	0.083051
240.000000	0.099962	-0.099962	-0.253892	0.417092	0.185726	0.389921	0.075398
235.000000	0.008844	-0.008844	-0.053281	0.420915	0.192697	0.378631	0.087814
230.000000	0.002960	0.002960	-0.029712	0.419466	0.193400	0.387895	0.091155
225.000000	0.000580	0.000580	-0.031773	0.428985	0.192014	0.381557	0.090456
220.000000	0.019959	0.019959	0.045428	0.427342	0.187836	0.380245	0.092423
215.000000	0.022349	-0.022349	-0.119256	0.414685	0.188830	0.387104	0.082401
210.000000	0.011602	-0.011602	-0.064396	0.425066	0.194314	0.381359	0.084383
205.000000	0.019034	0.019034	0.022983	0.422375	0.193047	0.383653	0.093188
200.000000	0.031983	0.031983	0.158354	0.432436	0.170034	0.375419	0.099337
195.000000	0.006836	-0.006836	0.000345	0.426046	0.191067	0.384438	0.086671
190.000000	0.037031	0.037031	0.096349	0.436931	0.188891	0.379304	0.095672
185.000000	0.030835	0.030835	0.084593	0.429046	0.189659	0.380557	0.094399
180.000000	0.047558	0.047558	0.213653	0.425991	0.161695	0.381154	0.106361
175.000000	0.031584	0.031584	0.190902	0.427952	0.166054	0.378236	0.101796
170.000000	0.013807	0.013807	0.033793	0.430945	0.186275	0.387244	0.091416
165.000000	0.037868	0.037868	0.157785	0.429498	0.173239	0.382142	0.101572
160.000000	0.027922	0.027922	0.340238	0.427144	0.137355	0.380222	0.114451
155.000000	0.031129	0.031129	0.275722	0.427767	0.150362	0.377071	0.110004
150.000000	0.024609	0.024609	0.264137	0.427434	0.150497	0.383010	0.109012
145.000000	0.025119	0.025119	0.193781	0.433197	0.163566	0.384923	0.103618
140.000000	0.017874	0.017874	0.171194	0.431817	0.170416	0.385126	0.101505
135.000000	0.008433	-0.008433	0.038779	0.431189	0.186561	0.390629	0.087510
130.000000	0.011916	-0.011916	0.039203	0.417800	0.182748	0.399929	0.089452
125.000000	0.009408	-0.009408	0.069024	0.425415	0.183447	0.391855	0.090853
120.000000	0.010104	-0.010104	0.081927	0.422120	0.180350	0.391524	0.092009
115.000000	0.003000	-0.003000	0.143799	0.428676	0.167896	0.389684	0.097606
110.000000	0.000714	0.000714	0.253456	0.429462	0.147164	0.388453	0.106770
105.000000	0.001285	0.001285	0.210301	0.427962	0.154301	0.394122	0.104139
100.000000	0.014297	-0.014297	0.078774	0.421890	0.178729	0.398042	0.090951
95.000000	0.001788	-0.001788	0.207953	0.417557	0.152928	0.404114	0.110607
90.000000	0.006958	-0.006958	0.208457	0.422970	0.159188	0.400687	0.107402
85.000000	0.008787	-0.008787	0.241356	0.428947	0.152457	0.390092	0.105752
80.000000	0.010083	-0.010083	0.204202	0.429293	0.156496	0.390324	0.099054
75.000000	0.009830	-0.009830	0.223933	0.429867	0.155857	0.393425	0.103313
70.000000	0.005857	-0.005857	0.214212	0.423169	0.155118	0.391842	0.101006
65.000000	0.004784	0.004784	0.228339	0.418382	0.157169	0.385558	0.103330
60.000000	0.010217	-0.010217	0.394248	0.418021	0.124148	0.387511	0.112330
55.000000	0.009555	-0.009555	0.356371	0.422048	0.128729	0.387057	0.111381
50.000000	0.004441	-0.004441	0.356703	0.422826	0.132061	0.384422	0.112678
45.000000	0.022983	-0.022983	0.440261	0.415088	0.115419	0.384743	0.114979
40.000000	0.050439	-0.050439	0.565010	0.413296	0.101008	0.386804	0.120360
35.000000	0.062058	-0.062058	0.586024	0.420114	0.099227	0.383882	0.120303
30.000000	0.062210	-0.062210	0.569818	0.419796	0.100009	0.385418	0.118645
25.000000	0.038536	-0.038536	0.478251	0.418044	0.109861	0.387163	0.115208
20.000000	0.011456	-0.011456	0.287812	0.417003	0.140226	0.387665	0.105334
15.000000	0.016139	-0.016139	0.299836	0.420842	0.139580	0.386384	0.106541
10.000000	0.023099	-0.023099	0.335602	0.419176	0.129737	0.385839	0.107841
5.000000	0.002627	-0.002627	0.263404	0.417207	0.146155	0.385755	0.103927
0.000000	0.000474	-0.000474	0.298648	0.419492	0.140345	0.385854	0.105653
