0.000000	0.345007
5.000000	0.343988
10.000000	0.344810
15.000000	0.344821
20.000000	0.343745
25.000000	0.344581
30.000000	0.343211
35.000000	0.344287
40.000000	0.343177
45.000000	0.344539
50.000000	0.344164
55.000000	0.343325
60.000000	0.344152
65.000000	0.342979
70.000000	0.344609
75.000000	0.346568
80.000000	0.350639
85.000000	0.354526
90.000000	0.359015
95.000000	0.362821
100.000000	0.368194
105.000000	0.372450
110.000000	0.381410
115.000000	0.387332
120.000000	0.396655
125.000000	0.404087
130.000000	0.412806
135.000000	0.425972
140.000000	0.438545
145.000000	0.451786
150.000000	0.466894
155.000000	0.486537
160.000000	0.505610
165.000000	0.526695
170.000000	0.547591
175.000000	0.575447
180.000000	0.606862
185.000000	0.640631
190.000000	0.668674
195.000000	0.707940
200.000000	0.753493
205.000000	0.790491
210.000000	0.838032
215.000000	0.887274
220.000000	0.914297
225.000000	0.951318
230.000000	0.993627
235.000000	0.994481
240.000000	1.000000
245.000000	0.976986
250.000000	0.966435
255.000000	0.905431
