255.000000	0.000000	0.000000	0.000000	0.397784	0.074990	0.399367	0.216367
250.000000	0.027549	0.186940	-0.131843	0.403649	0.088672	0.423593	0.209797
245.000000	0.118681	0.308601	-0.071239	0.416974	0.082565	0.424074	0.204192
240.000000	0.133524	0.386128	-0.119079	0.391916	0.098768	0.442731	0.196071
235.000000	0.203724	0.454188	-0.046740	0.383753	0.096569	0.433883	0.184785
230.000000	0.259728	0.581398	-0.061943	0.398536	0.085997	0.420457	0.177093
225.000000	0.314589	0.597663	0.031515	0.375413	0.082338	0.445058	0.181737
220.000000	0.368304	0.739839	-0.003231	0.387102	0.068567	0.432906	0.179620
215.000000	0.420047	0.725093	0.115000	0.373108	0.059506	0.449067	0.184704
210.000000	0.438829	0.900331	-0.022673	0.392253	0.062024	0.435336	0.177377
205.000000	0.478593	0.889352	0.067833	0.378368	0.060570	0.443278	0.178832
200.000000	0.520982	1.050558	-0.008593	0.395851	0.053788	0.432870	0.175664
195.000000	0.554069	1.062914	0.045224	0.386570	0.048061	0.443285	0.177595
190.000000	0.578098	1.029641	0.126556	0.383189	0.044553	0.445017	0.178823
185.000000	0.583420	1.171054	-0.004214	0.388676	0.059885	0.433952	0.174889
180.000000	0.597284	1.075964	0.118604	0.378493	0.054738	0.444644	0.176131
175.000000	0.599682	1.226744	-0.027380	0.385604	0.074433	0.429875	0.174299
170.000000	0.623473	1.153973	0.092972	0.382332	0.061152	0.444699	0.175744
165.000000	0.636846	1.290618	-0.016925	0.396878	0.072240	0.431426	0.174611
160.000000	0.660104	1.245361	0.074847	0.384317	0.055551	0.443553	0.177994
155.000000	0.680164	1.359784	0.000544	0.397065	0.067324	0.435868	0.176932
150.000000	0.729872	1.433285	0.026459	0.396724	0.047641	0.439626	0.179189
145.000000	0.721233	1.424617	0.017850	0.397567	0.060791	0.440569	0.178019
140.000000	0.702046	1.295037	0.109055	0.386874	0.064571	0.444308	0.177184
135.000000	0.710616	1.343595	0.077638	0.400923	0.073231	0.438177	0.176684
130.000000	0.751315	1.427969	0.074661	0.388740	0.055762	0.440969	0.179099
125.000000	0.779399	1.574762	-0.015965	0.405801	0.055761	0.434965	0.179332
120.000000	0.845725	1.844668	-0.153218	0.390310	0.047698	0.420181	0.176916
115.000000	0.898853	2.026812	-0.229106	0.387879	0.053357	0.421605	0.178361
110.000000	0.946494	2.114433	-0.221444	0.385534	0.077216	0.414471	0.178931
105.000000	0.953720	2.226793	-0.319354	0.381489	0.063145	0.415012	0.179381
100.000000	0.943419	2.120243	-0.233405	0.390379	0.070366	0.416639	0.181798
95.000000	0.966016	2.256430	-0.324398	0.374874	0.064290	0.418457	0.179453
90.000000	0.863849	1.887757	-0.160059	0.387577	0.057210	0.422125	0.175942
85.000000	0.910024	2.044330	-0.224282	0.384575	0.037996	0.415315	0.176370
80.000000	1.013734	2.260459	-0.232991	0.390895	0.089001	0.421482	0.183529
75.000000	1.015071	2.254977	-0.224835	0.390777	0.084110	0.419237	0.181538
70.000000	0.989786	2.186355	-0.206784	0.389906	0.069673	0.420223	0.181580
65.000000	0.913958	1.909747	-0.081830	0.388232	0.058232	0.413459	0.180583
60.000000	0.917679	1.957487	-0.122129	0.390142	0.041145	0.420598	0.179604
55.000000	0.819263	1.552306	0.086221	0.395268	0.058190	0.429060	0.181146
50.000000	0.770567	1.349537	0.191598	0.375162	0.071999	0.432118	0.177904
45.000000	0.673400	1.269838	0.076962	0.388854	0.123058	0.420415	0.172509
40.000000	0.790507	1.430238	0.150776	0.389012	0.071006	0.425800	0.178208
35.000000	0.823524	1.588620	0.058428	0.409430	0.070672	0.431901	0.182234
30.000000	0.799268	1.410832	0.187705	0.383219	0.059447	0.428408	0.179011
25.000000	0.790619	1.489812	0.091425	0.398529	0.078516	0.425736	0.179537
20.000000	0.843568	1.582319	0.104817	0.391116	0.049966	0.422855	0.180495
15.000000	0.881561	1.812079	-0.048956	0.391829	0.038568	0.421239	0.179904
10.000000	0.906126	1.894281	-0.082028	0.387391	0.058612	0.421177	0.181138
5.000000	0.956301	2.178357	-0.265755	0.384170	0.054483	0.416722	0.179133
0.000000	0.816784	1.549224	0.084344	0.401790	0.056852	0.432696	0.179930
