0.000000	0.354309
5.000000	0.353650
10.000000	0.354210
15.000000	0.353619
20.000000	0.354031
25.000000	0.353106
30.000000	0.353888
35.000000	0.353185
40.000000	0.353735
45.000000	0.354165
50.000000	0.353781
55.000000	0.354189
60.000000	0.354322
65.000000	0.353351
70.000000	0.354771
75.000000	0.356982
80.000000	0.360675
85.000000	0.362154
90.000000	0.367568
95.000000	0.370372
100.000000	0.376761
105.000000	0.381228
110.000000	0.388379
115.000000	0.395786
120.000000	0.402519
125.000000	0.411067
130.000000	0.419666
135.000000	0.431726
140.000000	0.444767
145.000000	0.457429
150.000000	0.471897
155.000000	0.491800
160.000000	0.508080
165.000000	0.534528
170.000000	0.554331
175.000000	0.580156
180.000000	0.611955
185.000000	0.640560
190.000000	0.672194
195.000000	0.707945
200.000000	0.745421
205.000000	0.784803
210.000000	0.841297
215.000000	0.871915
220.000000	0.913123
225.000000	0.939993
230.000000	0.976819
235.000000	0.984677
240.000000	1.000000
245.000000	0.975669
250.000000	0.957335
255.000000	0.891294
