0.000000	0.936877
5.000000	0.939238
10.000000	0.937445
15.000000	0.938261
20.000000	0.937459
25.000000	0.937387
30.000000	0.937480
35.000000	0.937546
40.000000	0.936804
45.000000	0.936369
50.000000	0.936506
55.000000	0.935018
60.000000	0.935601
65.000000	0.936583
70.000000	0.935474
75.000000	0.937849
80.000000	0.939127
85.000000	0.941094
90.000000	0.943849
95.000000	0.944660
100.000000	0.947582
105.000000	0.950945
110.000000	0.952104
115.000000	0.954107
120.000000	0.957923
125.000000	0.963969
130.000000	0.964615
135.000000	0.972899
140.000000	0.971842
145.000000	0.976299
150.000000	0.984447
155.000000	0.983488
160.000000	0.989910
165.000000	0.986182
170.000000	0.989126
175.000000	0.988180
180.000000	1.000000
185.000000	0.989790
190.000000	0.994836
195.000000	0.970401
200.000000	0.971826
205.000000	0.955358
210.000000	0.917037
215.000000	0.901087
220.000000	0.839816
225.000000	0.815612
230.000000	0.740801
235.000000	0.683963
240.000000	0.578852
245.000000	0.519914
250.000000	0.445496
255.000000	0.365541
