0.000000	0.877670
5.000000	0.885627
10.000000	0.898085
15.000000	0.918604
20.000000	0.936516
25.000000	0.955281
30.000000	0.979225
35.000000	0.994845
40.000000	1.000000
45.000000	0.986841
50.000000	0.959409
55.000000	0.903377
60.000000	0.800155
65.000000	0.669670
70.000000	0.554481
75.000000	0.422394
80.000000	0.323558
85.000000	0.298695
90.000000	0.339761
95.000000	0.417323
100.000000	0.453885
105.000000	0.516846
110.000000	0.580743
115.000000	0.605273
120.000000	0.627537
125.000000	0.642156
130.000000	0.649551
135.000000	0.656562
140.000000	0.662208
145.000000	0.665671
150.000000	0.668455
155.000000	0.669994
160.000000	0.670674
165.000000	0.672178
170.000000	0.672099
175.000000	0.672474
180.000000	0.672731
185.000000	0.672693
190.000000	0.672945
195.000000	0.672838
200.000000	0.673183
205.000000	0.673036
210.000000	0.673064
215.000000	0.672896
220.000000	0.673371
225.000000	0.673367
230.000000	0.673609
235.000000	0.673552
240.000000	0.673594
245.000000	0.673937
250.000000	0.673913
255.000000	0.674290
