0.000000	0.998130
5.000000	0.999844
10.000000	0.998222
15.000000	0.999168
20.000000	0.998724
25.000000	1.000000
30.000000	0.998632
35.000000	0.997716
40.000000	0.998620
45.000000	0.997927
50.000000	0.999346
55.000000	0.997881
60.000000	0.999755
65.000000	0.998818
70.000000	0.998277
75.000000	0.997715
80.000000	0.996178
85.000000	0.995309
90.000000	0.992137
95.000000	0.990073
100.000000	0.987060
105.000000	0.983250
110.000000	0.978980
115.000000	0.975046
120.000000	0.973718
125.000000	0.964742
130.000000	0.959315
135.000000	0.949847
140.000000	0.944724
145.000000	0.932000
150.000000	0.921017
155.000000	0.910916
160.000000	0.892724
165.000000	0.870459
170.000000	0.853881
175.000000	0.826167
180.000000	0.801836
185.000000	0.762840
190.000000	0.732242
195.000000	0.688701
200.000000	0.637025
205.000000	0.597834
210.000000	0.523054
215.000000	0.461881
220.000000	0.382579
225.000000	0.317223
230.000000	0.234930
235.000000	0.166136
240.000000	0.099407
245.000000	0.051986
250.000000	0.021503
255.000000	0.018842
