255.000000	0.000000	0.000000	0.000000	0.415327	0.211787	0.407335	0.207491
250.000000	0.060972	-0.060972	0.033701	0.406799	0.204253	0.401321	0.206950
245.000000	0.089850	-0.089850	0.129090	0.401591	0.196965	0.412281	0.201760
240.000000	0.063623	-0.063623	0.002375	0.407859	0.202159	0.396396	0.199171
235.000000	0.036919	-0.036919	-0.223651	0.427965	0.224973	0.380951	0.199470
230.000000	0.033814	-0.033814	-0.031471	0.410279	0.208226	0.393577	0.202958
225.000000	0.022501	-0.022501	-0.052007	0.410284	0.209756	0.393948	0.203226
220.000000	0.011613	0.011613	0.009685	0.410162	0.209357	0.407968	0.203625
215.000000	0.008304	-0.008304	-0.233787	0.425946	0.225541	0.383272	0.203101
210.000000	0.003481	0.003481	-0.175305	0.428717	0.227892	0.388072	0.209721
205.000000	0.004697	0.004697	-0.048223	0.431092	0.223631	0.397409	0.214450
200.000000	0.028792	-0.028792	0.414198	0.398999	0.195994	0.407389	0.199597
195.000000	0.047795	-0.047795	0.622400	0.398679	0.196060	0.405540	0.197669
190.000000	0.047875	-0.047875	0.604961	0.403475	0.198882	0.402388	0.195420
185.000000	0.064191	-0.064191	0.396432	0.402658	0.195643	0.405440	0.203097
180.000000	0.050918	-0.050918	0.353007	0.405156	0.196831	0.408216	0.207987
175.000000	0.071924	-0.071924	0.395231	0.405925	0.197806	0.406780	0.205174
170.000000	0.086562	-0.086562	0.592574	0.404914	0.198147	0.406300	0.194189
165.000000	0.039662	-0.039662	0.462390	0.401666	0.194079	0.403528	0.198463
160.000000	0.060033	-0.060033	0.600478	0.408070	0.197740	0.405883	0.200029
155.000000	0.061836	-0.061836	0.484069	0.404417	0.195974	0.405234	0.200843
150.000000	0.095139	-0.095139	0.406232	0.404686	0.194912	0.404640	0.203481
145.000000	0.102765	-0.102765	0.412940	0.403438	0.193108	0.404864	0.206491
140.000000	0.111721	-0.111721	0.342758	0.407301	0.195519	0.406781	0.210841
135.000000	0.131856	-0.131856	0.420225	0.408742	0.194159	0.407623	0.206322
130.000000	0.138374	-0.138374	0.361730	0.407675	0.195380	0.410677	0.209487
125.000000	0.110651	-0.110651	0.249976	0.411183	0.198661	0.413030	0.212862
120.000000	0.093725	-0.093725	0.365999	0.410381	0.197742	0.413649	0.202512
115.000000	0.092405	-0.092405	0.373180	0.406571	0.197949	0.421780	0.201192
110.000000	0.075375	-0.075375	0.194149	0.419981	0.205594	0.408765	0.203889
105.000000	0.037054	-0.037054	-0.112896	0.429875	0.216219	0.394793	0.197354
100.000000	0.006632	-0.006632	-0.139223	0.426167	0.221834	0.396009	0.191122
95.000000	0.032390	0.032390	-0.261816	0.408508	0.223721	0.397034	0.181495
90.000000	0.092056	0.092056	-0.407706	0.379878	0.219266	0.399369	0.168752
85.000000	0.126730	0.126730	-0.302871	0.388177	0.222564	0.417523	0.150447
80.000000	0.165677	0.165677	-0.187814	0.405861	0.225894	0.444164	0.140014
75.000000	0.295224	0.295224	0.326870	0.413236	0.222461	0.444239	0.119890
70.000000	0.346321	0.346321	0.459191	0.410654	0.222466	0.440667	0.117396
65.000000	0.410045	0.410045	0.574349	0.409464	0.221985	0.435049	0.119321
60.000000	0.459829	0.459829	0.749870	0.406329	0.221806	0.423964	0.128621
55.000000	0.499934	0.499934	0.773755	0.399682	0.219889	0.424367	0.130876
50.000000	0.508547	0.508547	0.856160	0.393145	0.215754	0.410954	0.138091
45.000000	0.516865	0.516865	0.801913	0.390116	0.212390	0.418069	0.137019
40.000000	0.550355	0.550355	0.724795	0.387173	0.211979	0.417518	0.136778
35.000000	0.569429	0.569429	0.649066	0.388079	0.214678	0.407034	0.137835
30.000000	0.589710	0.589710	0.642335	0.384809	0.214882	0.400967	0.141172
25.000000	0.577058	0.577058	0.661100	0.383992	0.214768	0.393392	0.144938
20.000000	0.593733	0.593733	0.687786	0.381738	0.213038	0.392206	0.151286
15.000000	0.598593	0.598593	0.735117	0.384173	0.211591	0.390595	0.157006
10.000000	0.609937	0.609937	0.796868	0.378923	0.211918	0.387950	0.165563
5.000000	0.619867	0.619867	0.760715	0.384687	0.213810	0.390344	0.163611
0.000000	0.625437	0.625437	0.773447	0.385076	0.214718	0.385083	0.166730
