255.000000	0.000000	0.000000	0.000000	0.334352	0.084075	0.423097	0.172055
250.000000	0.016587	0.016587	-0.057405	0.334397	0.087682	0.418685	0.170687
245.000000	0.024392	0.024392	-0.060781	0.331330	0.087448	0.420399	0.170755
240.000000	0.034078	0.034078	-0.064266	0.332677	0.088627	0.419406	0.170721
235.000000	0.042749	0.042749	-0.063851	0.336858	0.089917	0.422499	0.171308
230.000000	0.051272	0.051272	-0.054653	0.334289	0.089406	0.423386	0.172069
225.000000	0.056780	0.056780	-0.038346	0.333770	0.088414	0.427618	0.172331
220.000000	0.054382	0.054382	0.017409	0.331607	0.085332	0.426229	0.171746
215.000000	0.044559	0.044559	0.092250	0.329653	0.082081	0.422585	0.171036
210.000000	0.025166	0.025166	0.179743	0.332792	0.080624	0.416656	0.168663
205.000000	0.006474	0.006474	0.257464	0.328930	0.080327	0.415355	0.168113
200.000000	0.008521	-0.008521	0.316071	0.330917	0.080946	0.412919	0.168083
195.000000	0.020973	-0.020973	0.363847	0.334136	0.082395	0.412392	0.169208
190.000000	0.028950	-0.028950	0.398406	0.334229	0.083377	0.408748	0.168679
185.000000	0.040257	-0.040257	0.439582	0.337647	0.085091	0.408623	0.168740
180.000000	0.045166	-0.045166	0.444104	0.339218	0.085628	0.407535	0.168714
175.000000	0.049813	-0.049813	0.449732	0.342251	0.086459	0.405906	0.168961
170.000000	0.047146	-0.047146	0.431889	0.340980	0.085571	0.406969	0.169095
165.000000	0.033069	-0.033069	0.376531	0.338587	0.082987	0.408212	0.168549
160.000000	0.010838	-0.010838	0.296613	0.333988	0.081577	0.411075	0.168290
155.000000	0.002864	-0.002864	0.267473	0.332627	0.080841	0.412868	0.167979
150.000000	0.013389	0.013389	0.214063	0.331925	0.080534	0.417337	0.168670
145.000000	0.017251	0.017251	0.209775	0.336026	0.081232	0.415132	0.169206
140.000000	0.020469	0.020469	0.214095	0.331736	0.080924	0.415559	0.168989
135.000000	0.024091	0.024091	0.220871	0.335784	0.081092	0.417505	0.169325
130.000000	0.019379	0.019379	0.264394	0.330229	0.080655	0.414789	0.169024
125.000000	0.017861	0.017861	0.299937	0.331502	0.081039	0.412926	0.167966
120.000000	0.014422	0.014422	0.349313	0.330374	0.082276	0.411332	0.168600
115.000000	0.008761	0.008761	0.413239	0.332990	0.083530	0.409202	0.169255
110.000000	0.014604	0.014604	0.453689	0.332779	0.084185	0.410455	0.170182
105.000000	0.025973	0.025973	0.498402	0.332921	0.084493	0.411065	0.169670
100.000000	0.045714	0.045714	0.557465	0.333882	0.086433	0.425604	0.169790
95.000000	0.074099	0.074099	0.635047	0.335263	0.085170	0.423487	0.161062
90.000000	0.110747	0.110747	0.730883	0.335452	0.083291	0.424003	0.153564
85.000000	0.144750	0.144750	0.862890	0.337652	0.080985	0.423608	0.148150
80.000000	0.176560	0.176560	1.012929	0.340311	0.077901	0.419957	0.145308
75.000000	0.199493	0.199493	1.174084	0.342871	0.075420	0.416032	0.144627
70.000000	0.216726	0.216726	1.329808	0.340145	0.070260	0.403383	0.142992
65.000000	0.221197	0.221197	1.468574	0.349125	0.066678	0.405615	0.143645
60.000000	0.231778	0.231778	1.617197	0.348075	0.067611	0.398487	0.147025
55.000000	0.251284	0.251284	1.741306	0.343473	0.068447	0.378860	0.154006
50.000000	0.268969	0.268969	1.850031	0.343772	0.071012	0.398350	0.155168
45.000000	0.308109	0.308109	1.941201	0.332834	0.073856	0.413955	0.156869
40.000000	0.337757	0.337757	2.008956	0.338207	0.074911	0.423406	0.161755
35.000000	0.349153	0.349153	2.070341	0.331162	0.071169	0.435870	0.163065
30.000000	0.379911	0.379911	2.119395	0.335602	0.072564	0.426361	0.163260
25.000000	0.398720	0.398720	2.162908	0.326668	0.070304	0.429911	0.164015
20.000000	0.411770	0.411770	2.200635	0.331777	0.068951	0.418775	0.160691
15.000000	0.440129	0.440129	2.227475	0.327076	0.069024	0.423540	0.164030
10.000000	0.476806	0.476806	2.249892	0.330522	0.072407	0.418116	0.162069
5.000000	0.513654	0.513654	2.265432	0.330870	0.075196	0.408803	0.159620
0.000000	0.555460	0.555460	2.281924	0.328804	0.080548	0.401469	0.160414
