255.000000	0.000000	0.000000	0.000000	0.374750	0.225519	0.384321	0.307817
250.000000	0.052369	0.080576	0.024161	0.372870	0.222961	0.397974	0.309646
245.000000	0.103977	0.159924	0.048030	0.363576	0.215144	0.416985	0.317376
240.000000	0.126227	0.184473	0.067982	0.369902	0.220012	0.412503	0.312189
235.000000	0.157656	0.221371	0.093941	0.359488	0.211602	0.415386	0.314630
230.000000	0.220154	0.332113	0.108195	0.361361	0.212421	0.411051	0.303092
225.000000	0.260959	0.393709	0.128209	0.350594	0.204403	0.401876	0.289827
220.000000	0.286460	0.430703	0.142217	0.354563	0.205817	0.401282	0.285718
215.000000	0.330813	0.503937	0.157688	0.350964	0.203049	0.403393	0.282533
210.000000	0.368048	0.560692	0.175404	0.353155	0.206181	0.395383	0.276087
205.000000	0.392602	0.594599	0.190605	0.360639	0.211546	0.394063	0.277150
200.000000	0.392394	0.578317	0.206470	0.356886	0.208825	0.387671	0.278136
195.000000	0.390810	0.564116	0.217504	0.346883	0.202742	0.385894	0.282836
190.000000	0.392076	0.561099	0.223054	0.342726	0.199452	0.381850	0.284890
185.000000	0.400583	0.567711	0.233455	0.342181	0.200254	0.378417	0.285382
180.000000	0.434351	0.628927	0.239774	0.345884	0.201556	0.376719	0.281915
175.000000	0.451926	0.655786	0.248067	0.348874	0.203606	0.375333	0.282500
170.000000	0.446799	0.641460	0.252139	0.342605	0.200227	0.375301	0.283995
165.000000	0.444191	0.631007	0.257376	0.352152	0.206608	0.372694	0.284791
160.000000	0.455902	0.649460	0.262345	0.348732	0.203834	0.368748	0.280744
155.000000	0.456737	0.648026	0.265447	0.354419	0.208243	0.362854	0.274966
150.000000	0.459959	0.647009	0.272910	0.343307	0.199993	0.368884	0.278952
145.000000	0.444387	0.617169	0.271605	0.358064	0.208979	0.361133	0.273047
140.000000	0.418928	0.561622	0.276235	0.344073	0.200167	0.368371	0.278934
135.000000	0.434810	0.589556	0.280063	0.347075	0.201571	0.354463	0.264495
130.000000	0.418795	0.557330	0.280259	0.350494	0.204796	0.361063	0.267241
125.000000	0.449608	0.606397	0.292820	0.348185	0.203678	0.365789	0.263742
120.000000	0.487915	0.660272	0.315559	0.345251	0.202412	0.366895	0.262850
115.000000	0.511204	0.699157	0.323251	0.355976	0.209013	0.359155	0.251667
110.000000	0.524009	0.722524	0.325494	0.351545	0.204986	0.370403	0.256993
105.000000	0.510167	0.699224	0.321109	0.363504	0.212123	0.352213	0.240605
100.000000	0.513643	0.707591	0.319694	0.354808	0.204802	0.369025	0.248072
95.000000	0.565846	0.800160	0.331531	0.370016	0.213564	0.366159	0.239272
90.000000	0.562696	0.794440	0.330952	0.376402	0.218395	0.365230	0.239561
85.000000	0.512567	0.690740	0.334394	0.353332	0.205003	0.377682	0.244290
80.000000	0.504133	0.669745	0.338520	0.358683	0.209818	0.355965	0.233770
75.000000	0.519541	0.697645	0.341437	0.349649	0.202971	0.366534	0.235149
70.000000	0.559530	0.768752	0.350308	0.366029	0.212663	0.364744	0.235249
65.000000	0.442251	1.586507	-0.702006	0.304899	0.245756	0.239098	0.091948
60.000000	0.484735	0.632969	0.336501	0.361871	0.210969	0.354372	0.225745
55.000000	0.475333	0.611589	0.339078	0.347419	0.201366	0.368796	0.236045
50.000000	0.508547	0.673268	0.343826	0.358692	0.210051	0.360967	0.228793
45.000000	0.509023	0.673298	0.344748	0.348769	0.202884	0.371712	0.235000
40.000000	0.507655	0.669467	0.345843	0.360505	0.210604	0.360259	0.229525
35.000000	0.532507	0.717553	0.347462	0.360941	0.210243	0.360443	0.225598
30.000000	0.569591	0.790228	0.348954	0.367413	0.213553	0.365135	0.229655
25.000000	0.546353	0.747667	0.345039	0.370990	0.215172	0.358637	0.223491
20.000000	0.557966	0.772418	0.343513	0.359161	0.208340	0.368713	0.232079
15.000000	0.581992	0.812240	0.351744	0.376520	0.219423	0.368986	0.233859
10.000000	0.620627	0.881312	0.359942	0.370803	0.214839	0.377125	0.239683
5.000000	0.644941	0.923743	0.366139	0.378623	0.221537	0.378248	0.238529
0.000000	0.653742	0.941086	0.366398	0.377684	0.221345	0.376324	0.241031
