255.000000	0.000000	0.000000	0.000000	0.287999	0.054774	0.418879	0.168497
250.000000	0.019489	-0.042097	0.003120	0.291835	0.054079	0.419035	0.167244
245.000000	0.017650	-0.037413	0.002113	0.288431	0.054102	0.416890	0.168067
240.000000	0.075276	0.176343	-0.025791	0.288612	0.065240	0.399877	0.165507
235.000000	0.148011	0.341117	-0.045095	0.296329	0.084710	0.400444	0.159275
230.000000	0.133486	0.312540	-0.045568	0.288556	0.080133	0.400882	0.160495
225.000000	0.130648	0.292710	-0.031414	0.288038	0.076272	0.398542	0.161486
220.000000	0.205374	0.424934	-0.014185	0.304011	0.095181	0.402646	0.155255
215.000000	0.187495	0.402975	-0.027984	0.298385	0.091671	0.401904	0.156891
210.000000	0.000964	0.005256	-0.007184	0.292814	0.056346	0.417426	0.168690
205.000000	0.058444	-0.190208	0.073319	0.289203	0.051662	0.418340	0.167287
200.000000	0.119819	-0.387929	0.148290	0.293759	0.057246	0.427848	0.166675
195.000000	0.173102	-0.518658	0.172455	0.296866	0.066457	0.436783	0.166043
190.000000	0.212422	-0.593515	0.168670	0.297284	0.072538	0.443936	0.165907
185.000000	0.235173	-0.626138	0.155791	0.298755	0.074400	0.441588	0.162986
180.000000	0.233382	-0.603729	0.136965	0.301278	0.071645	0.441097	0.163113
175.000000	0.221005	-0.564141	0.122132	0.300946	0.066313	0.443589	0.164675
170.000000	0.194691	-0.515463	0.126081	0.301988	0.063775	0.442866	0.166836
165.000000	0.156115	-0.454112	0.141882	0.300162	0.060672	0.435794	0.166116
160.000000	0.095045	-0.319291	0.129201	0.294452	0.053990	0.423715	0.165138
155.000000	0.009778	-0.052334	0.032779	0.294124	0.053114	0.418266	0.167376
150.000000	0.031334	0.068887	-0.006219	0.287695	0.057471	0.410667	0.166487
145.000000	0.048003	0.109775	-0.013769	0.288866	0.060014	0.403766	0.164762
140.000000	0.028330	0.052318	0.004342	0.290900	0.056663	0.413350	0.167506
135.000000	0.001351	-0.039789	0.037087	0.288735	0.053022	0.418976	0.168044
130.000000	0.023234	-0.120940	0.074472	0.290479	0.051240	0.419736	0.168231
125.000000	0.037693	-0.186866	0.111480	0.291499	0.051120	0.421130	0.168599
120.000000	0.060059	-0.277094	0.156977	0.289217	0.052270	0.425860	0.168443
115.000000	0.085399	-0.364058	0.193260	0.294325	0.056426	0.424974	0.167971
110.000000	0.098917	-0.418655	0.220821	0.293501	0.059153	0.429536	0.167929
105.000000	0.099195	-0.448554	0.250163	0.294564	0.060572	0.430325	0.169228
100.000000	0.079437	-0.445137	0.286264	0.293494	0.059261	0.426105	0.169828
95.000000	0.037930	-0.422244	0.346384	0.290952	0.055446	0.424154	0.170528
90.000000	0.025589	-0.381231	0.432410	0.288549	0.048771	0.400469	0.168060
85.000000	0.116633	-0.325575	0.558842	0.288535	0.039465	0.391543	0.173109
80.000000	0.223650	-0.302603	0.749902	0.284943	0.030581	0.405610	0.178945
75.000000	0.335258	-0.328298	0.998814	0.284528	0.026372	0.387007	0.174662
70.000000	0.439637	-0.340291	1.219564	0.287100	0.031426	0.404444	0.184825
65.000000	0.535746	-0.308660	1.380152	0.292444	0.041172	0.396596	0.173588
60.000000	0.637922	-0.277358	1.553202	0.289780	0.044020	0.404686	0.179392
55.000000	0.735064	-0.241247	1.711376	0.290885	0.045662	0.400335	0.179626
50.000000	0.830909	-0.222841	1.884658	0.291302	0.047186	0.406808	0.188661
45.000000	0.931199	-0.239980	2.102379	0.293190	0.050485	0.412554	0.189165
40.000000	1.001954	-0.230461	2.234369	0.292900	0.055850	0.413730	0.185243
35.000000	1.041049	-0.204644	2.286743	0.290010	0.057814	0.409923	0.176229
30.000000	1.050639	-0.163042	2.264319	0.292769	0.055743	0.415723	0.175181
25.000000	1.055977	-0.117074	2.229027	0.292183	0.052980	0.407574	0.173667
20.000000	1.064884	-0.082147	2.211915	0.292289	0.052874	0.420055	0.174145
15.000000	1.090488	-0.071780	2.252755	0.292468	0.052586	0.416506	0.171135
10.000000	1.130106	-0.079051	2.339263	0.292366	0.054130	0.401427	0.164534
5.000000	1.188382	-0.096238	2.473002	0.291245	0.061033	0.408631	0.161338
0.000000	1.241035	-0.096696	2.578765	0.297172	0.070255	0.395103	0.153635
