0.000000	0.393123
5.000000	0.399858
10.000000	0.409449
15.000000	0.414839
20.000000	0.433712
25.000000	0.450150
30.000000	0.459333
35.000000	0.468859
40.000000	0.469346
45.000000	0.459881
50.000000	0.428354
55.000000	0.380985
60.000000	0.307056
65.000000	0.222335
70.000000	0.119722
75.000000	0.061350
80.000000	0.079526
85.000000	0.153179
90.000000	0.306578
95.000000	0.532471
100.000000	0.588175
105.000000	0.697938
110.000000	0.810721
115.000000	0.868962
120.000000	0.910326
125.000000	0.932183
130.000000	0.958722
135.000000	0.963702
140.000000	0.974869
145.000000	0.982676
150.000000	0.988032
155.000000	0.991843
160.000000	0.995458
165.000000	0.997140
170.000000	0.998276
175.000000	0.999706
180.000000	0.999559
185.000000	0.999779
190.000000	0.999012
195.000000	0.999316
200.000000	0.998077
205.000000	0.998977
210.000000	0.999267
215.000000	0.999870
220.000000	0.999907
225.000000	1.000000
230.000000	0.999727
235.000000	0.999847
240.000000	0.999281
245.000000	0.999175
250.000000	0.998688
255.000000	0.997810
