0.000000	1.000000
5.000000	0.998344
10.000000	0.997463
15.000000	0.999043
20.000000	0.999044
25.000000	0.997812
30.000000	0.999621
35.000000	0.997698
40.000000	0.999821
45.000000	0.997977
50.000000	0.997665
55.000000	0.998324
60.000000	0.997640
65.000000	0.999252
70.000000	0.996684
75.000000	0.993667
80.000000	0.990131
85.000000	0.983395
90.000000	0.975416
95.000000	0.970716
100.000000	0.965782
105.000000	0.953986
110.000000	0.943835
115.000000	0.932733
120.000000	0.924539
125.000000	0.912966
130.000000	0.896312
135.000000	0.880853
140.000000	0.865640
145.000000	0.851922
150.000000	0.830916
155.000000	0.805995
160.000000	0.789326
165.000000	0.760237
170.000000	0.741804
175.000000	0.716318
180.000000	0.684102
185.000000	0.654779
190.000000	0.634763
195.000000	0.604475
200.000000	0.577284
205.000000	0.561050
210.000000	0.537246
215.000000	0.526300
220.000000	0.530292
225.000000	0.536182
230.000000	0.558923
235.000000	0.602741
240.000000	0.659517
245.000000	0.722504
250.000000	0.815345
255.000000	0.915755
