0.000000	0.885154
5.000000	0.890497
10.000000	0.901264
15.000000	0.916253
20.000000	0.929453
25.000000	0.956144
30.000000	0.972759
35.000000	0.986193
40.000000	0.994067
45.000000	1.000000
50.000000	0.989165
55.000000	0.951222
60.000000	0.898481
65.000000	0.816648
70.000000	0.707376
75.000000	0.625504
80.000000	0.527932
85.000000	0.481848
90.000000	0.458998
95.000000	0.455311
100.000000	0.471215
105.000000	0.483937
110.000000	0.495336
115.000000	0.505948
120.000000	0.514734
125.000000	0.521304
130.000000	0.525299
135.000000	0.528516
140.000000	0.532042
145.000000	0.534014
150.000000	0.535501
155.000000	0.536151
160.000000	0.536980
165.000000	0.537693
170.000000	0.537974
175.000000	0.538506
180.000000	0.538917
185.000000	0.538861
190.000000	0.539248
195.000000	0.538925
200.000000	0.539009
205.000000	0.539086
210.000000	0.538807
215.000000	0.538974
220.000000	0.538880
225.000000	0.539011
230.000000	0.539024
235.000000	0.538872
240.000000	0.538869
245.000000	0.538950
250.000000	0.538929
255.000000	0.538797
