255.000000	0.000000	0.000000	0.000000	0.218822	0.351821	0.384892	0.261863
250.000000	0.134634	0.129064	0.140204	0.227293	0.363285	0.392369	0.300590
245.000000	0.204603	0.193525	0.215681	0.222004	0.348265	0.391567	0.312157
240.000000	0.259224	0.232495	0.285952	0.227164	0.345879	0.394811	0.323575
235.000000	0.307149	0.263522	0.350775	0.234447	0.332241	0.402063	0.335884
230.000000	0.335527	0.280390	0.390665	0.239387	0.328133	0.397678	0.329961
225.000000	0.363562	0.296904	0.430220	0.238237	0.311745	0.414795	0.334382
220.000000	0.380224	0.303007	0.457441	0.230799	0.305157	0.408445	0.333417
215.000000	0.376673	0.317839	0.435508	0.220358	0.304178	0.419456	0.328788
210.000000	0.372017	0.328971	0.415063	0.213025	0.307490	0.416136	0.323155
205.000000	0.377799	0.333551	0.422048	0.209875	0.299149	0.418931	0.321364
200.000000	0.375365	0.340197	0.410533	0.207945	0.299916	0.424181	0.322123
195.000000	0.370684	0.342023	0.399344	0.196403	0.302224	0.418515	0.318683
190.000000	0.373772	0.342856	0.404689	0.194534	0.298108	0.419366	0.321491
185.000000	0.381524	0.348265	0.414783	0.199922	0.299744	0.419892	0.321149
180.000000	0.402974	0.350069	0.455879	0.200768	0.284743	0.417144	0.322118
175.000000	0.423652	0.357618	0.489687	0.216861	0.289881	0.417370	0.321784
170.000000	0.434067	0.354467	0.513667	0.217344	0.280527	0.413918	0.322453
165.000000	0.427486	0.358711	0.496261	0.216216	0.287055	0.415365	0.320783
160.000000	0.413517	0.356473	0.470561	0.207757	0.287941	0.411166	0.319622
155.000000	0.406373	0.359640	0.453106	0.204821	0.289944	0.420470	0.323437
150.000000	0.406265	0.361370	0.451160	0.206154	0.293696	0.411970	0.320050
145.000000	0.406141	0.363532	0.448750	0.198449	0.287472	0.412328	0.317758
140.000000	0.404549	0.368379	0.440718	0.201711	0.299629	0.414303	0.318916
135.000000	0.399625	0.368604	0.430646	0.195468	0.296445	0.415621	0.318095
130.000000	0.400457	0.375225	0.425690	0.189916	0.292350	0.416513	0.319618
125.000000	0.411164	0.381262	0.441066	0.201422	0.299464	0.412636	0.319317
120.000000	0.417196	0.377393	0.456999	0.197555	0.293212	0.410490	0.320276
115.000000	0.497895	-1.457810	0.462020	0.142871	0.055312	0.387368	0.112220
110.000000	0.438372	0.375289	0.501455	0.211663	0.286577	0.410603	0.319611
105.000000	0.448148	0.374347	0.521948	0.219736	0.284179	0.415037	0.321292
100.000000	0.444357	0.376996	0.511717	0.221234	0.291997	0.411688	0.321501
95.000000	0.443569	0.373805	0.513334	0.208239	0.281448	0.413115	0.322587
90.000000	0.449096	0.377226	0.520966	0.214248	0.285182	0.411523	0.322046
85.000000	0.457359	0.378847	0.535870	0.224398	0.286739	0.413500	0.318499
80.000000	0.460424	0.375439	0.545409	0.214279	0.274261	0.411759	0.318563
75.000000	0.458560	0.380198	0.536922	0.209394	0.274782	0.415292	0.317138
70.000000	0.460012	0.375296	0.544729	0.213513	0.273459	0.414695	0.318872
65.000000	0.455032	0.377569	0.532494	0.209838	0.274056	0.418689	0.322188
60.000000	0.454512	0.377460	0.531564	0.207115	0.270359	0.413340	0.316361
55.000000	0.462008	0.379375	0.544641	0.207561	0.270132	0.420061	0.318647
50.000000	0.453210	0.382928	0.523492	0.210507	0.281701	0.416305	0.318315
45.000000	0.476824	0.373661	0.579986	0.218408	0.265110	0.414466	0.317372
40.000000	0.467534	0.375280	0.559788	0.215999	0.272699	0.415400	0.315473
35.000000	0.465996	0.378619	0.553372	0.218360	0.275970	0.414542	0.315035
30.000000	0.468814	0.375182	0.562446	0.213023	0.268201	0.417314	0.316431
25.000000	0.470885	0.380238	0.561533	0.218229	0.270480	0.416048	0.316080
20.000000	0.520274	-0.042890	-0.997659	0.224186	0.205630	0.412132	0.113140
15.000000	0.473737	0.381119	0.566354	0.213398	0.263661	0.414685	0.314869
10.000000	0.475242	0.380204	0.570280	0.223235	0.273402	0.416710	0.313982
5.000000	0.472269	0.376621	0.567917	0.214896	0.267200	0.419481	0.316415
0.000000	0.472879	0.381283	0.564475	0.213518	0.272140	0.418640	0.317226
