255.000000	0.000000	0.000000	0.000000	0.342980	0.179066	0.367994	0.247940
250.000000	0.001797	0.008423	-0.012017	0.344122	0.178797	0.369579	0.249543
245.000000	0.021311	0.009352	-0.051975	0.343234	0.179610	0.365224	0.246104
240.000000	0.057730	0.005350	-0.120811	0.348169	0.185755	0.365298	0.245938
235.000000	0.090260	-0.000819	-0.179700	0.352189	0.189473	0.366088	0.246291
230.000000	0.151529	-0.011967	-0.291091	0.371663	0.204646	0.368563	0.245843
225.000000	0.210008	-0.014728	-0.405287	0.379813	0.219079	0.365135	0.243412
220.000000	0.156013	-0.001608	-0.310418	0.360058	0.201058	0.362050	0.242292
215.000000	0.104718	-0.009421	-0.200015	0.350983	0.188608	0.364840	0.243527
210.000000	0.090533	-0.020107	-0.160960	0.350722	0.185884	0.366110	0.248288
205.000000	0.107745	-0.021450	-0.194041	0.350156	0.186711	0.367164	0.246475
200.000000	0.094617	-0.025974	-0.163260	0.350026	0.185721	0.363676	0.243918
195.000000	0.074012	-0.034287	-0.113737	0.344926	0.180971	0.364900	0.246450
190.000000	0.009280	-0.044733	0.026173	0.335258	0.172015	0.368934	0.247885
185.000000	0.070187	-0.052872	0.193246	0.332402	0.168028	0.369071	0.244356
180.000000	0.144226	-0.058023	0.346476	0.344568	0.167741	0.365053	0.239748
175.000000	0.199069	-0.030319	0.428457	0.349878	0.170128	0.365408	0.242112
170.000000	0.269159	-0.009096	0.547413	0.359951	0.175494	0.381716	0.241538
165.000000	0.269275	-0.012339	0.550888	0.356247	0.173915	0.378775	0.239025
160.000000	0.234362	-0.019154	0.487877	0.357483	0.172968	0.368822	0.239896
155.000000	0.275529	-0.027096	0.578153	0.373319	0.180272	0.376636	0.235177
150.000000	0.162508	-0.029249	0.354265	0.344010	0.167449	0.361984	0.233338
145.000000	0.144730	-0.037615	0.327075	0.341587	0.168159	0.363621	0.236659
140.000000	0.136474	-0.042458	0.315405	0.337895	0.168527	0.365355	0.237726
135.000000	0.134291	-0.049259	0.317842	0.342407	0.169415	0.367435	0.240404
130.000000	0.127337	-0.058270	0.312944	0.340330	0.169187	0.368133	0.238803
125.000000	0.123603	-0.068139	0.315345	0.341784	0.170430	0.369223	0.234532
120.000000	0.117893	-0.073817	0.309603	0.337710	0.170022	0.375940	0.236447
115.000000	0.144278	-0.082963	0.371519	0.345582	0.172683	0.376366	0.234302
110.000000	0.156786	-0.088816	0.402388	0.344926	0.176649	0.382793	0.230850
105.000000	0.145948	-0.098952	0.390848	0.344273	0.177254	0.394702	0.228568
100.000000	0.103455	-0.124763	0.331673	0.332794	0.175039	0.402686	0.220065
95.000000	0.075225	-0.163220	0.313669	0.325745	0.173798	0.406415	0.207657
90.000000	0.003030	-0.209645	0.203586	0.314862	0.165239	0.398633	0.187770
85.000000	0.072279	-0.268242	0.123684	0.311013	0.153924	0.397928	0.173441
80.000000	0.142988	-0.340031	0.054055	0.308171	0.135705	0.405569	0.162667
75.000000	0.227924	-0.425020	-0.030828	0.305711	0.112005	0.411555	0.156991
70.000000	0.306200	-0.524020	-0.088381	0.313649	0.089439	0.416675	0.151407
65.000000	0.365819	-0.657907	-0.073731	0.326905	0.072236	0.425776	0.152375
60.000000	0.406190	-0.822783	0.010402	0.331831	0.064580	0.431844	0.154281
55.000000	0.449098	-0.966688	0.068492	0.321630	0.060108	0.419372	0.152017
50.000000	0.486036	-1.093099	0.121026	0.319860	0.067113	0.402040	0.148712
45.000000	0.534261	-1.196641	0.128119	0.320854	0.072179	0.389127	0.150150
40.000000	0.590561	-1.279241	0.098119	0.313718	0.071699	0.367972	0.150228
35.000000	0.637111	-1.347531	0.073310	0.319135	0.076386	0.353834	0.153054
30.000000	0.678526	-1.405268	0.048217	0.321634	0.079375	0.343076	0.155155
25.000000	0.722971	-1.448677	0.002734	0.316507	0.075080	0.339470	0.156319
20.000000	0.749827	-1.481559	-0.018094	0.326448	0.074161	0.344405	0.160164
15.000000	0.785441	-1.514352	-0.056531	0.328830	0.067361	0.340789	0.158598
10.000000	0.810026	-1.542800	-0.077252	0.333198	0.063696	0.344746	0.161620
5.000000	0.836637	-1.569491	-0.103783	0.338328	0.058279	0.346753	0.162448
0.000000	0.858816	-1.590289	-0.127343	0.335260	0.051779	0.347541	0.164397
