0.000000	0.966250
5.000000	0.965945
10.000000	0.961173
15.000000	0.954989
20.000000	0.953178
25.000000	0.944034
30.000000	0.941830
35.000000	0.931815
40.000000	0.929026
45.000000	0.928968
50.000000	0.925853
55.000000	0.931941
60.000000	0.947095
65.000000	0.963168
70.000000	0.977610
75.000000	0.994047
80.000000	1.000000
85.000000	0.995358
90.000000	0.976521
95.000000	0.960396
100.000000	0.934304
105.000000	0.917443
110.000000	0.911847
115.000000	0.899368
120.000000	0.895104
125.000000	0.890896
130.000000	0.888422
135.000000	0.885644
140.000000	0.882863
145.000000	0.881570
150.000000	0.880419
155.000000	0.879694
160.000000	0.879428
165.000000	0.879141
170.000000	0.878914
175.000000	0.878800
180.000000	0.878734
185.000000	0.878769
190.000000	0.879205
195.000000	0.879088
200.000000	0.879485
205.000000	0.879602
210.000000	0.879579
215.000000	0.879563
220.000000	0.879536
225.000000	0.879431
230.000000	0.879196
235.000000	0.879137
240.000000	0.879037
245.000000	0.879048
250.000000	0.879091
255.000000	0.879181
