0.000000	0.999772
5.000000	1.000000
10.000000	0.997006
15.000000	0.998017
20.000000	0.994060
25.000000	0.990343
30.000000	0.988733
35.000000	0.979627
40.000000	0.975295
45.000000	0.958883
50.000000	0.951052
55.000000	0.942435
60.000000	0.929601
65.000000	0.923388
70.000000	0.919242
75.000000	0.915179
80.000000	0.916918
85.000000	0.914270
90.000000	0.909040
95.000000	0.904117
100.000000	0.901650
105.000000	0.896150
110.000000	0.895939
115.000000	0.893643
120.000000	0.892545
125.000000	0.892019
130.000000	0.890928
135.000000	0.890203
140.000000	0.890022
145.000000	0.889441
150.000000	0.889516
155.000000	0.889259
160.000000	0.889558
165.000000	0.889705
170.000000	0.889607
175.000000	0.889538
180.000000	0.889463
185.000000	0.889628
190.000000	0.889681
195.000000	0.889693
200.000000	0.889534
205.000000	0.889281
210.000000	0.888792
215.000000	0.888785
220.000000	0.888750
225.000000	0.889092
230.000000	0.889379
235.000000	0.889481
240.000000	0.889403
245.000000	0.889191
250.000000	0.888616
255.000000	0.888354
