255.000000	0.000000	0.000000	0.000000	0.317863	0.245299	0.382702	0.279947
250.000000	0.001804	0.007278	-0.001804	0.316649	0.245048	0.380038	0.276293
245.000000	0.002056	-0.008857	-0.002056	0.310090	0.244008	0.378489	0.278433
240.000000	0.001961	-0.050682	0.001961	0.316733	0.244704	0.373410	0.276404
235.000000	0.009454	-0.103516	0.009454	0.316720	0.248311	0.370954	0.274902
230.000000	0.021005	-0.158363	0.021005	0.317550	0.249538	0.370339	0.272488
225.000000	0.022555	-0.154413	0.022555	0.322059	0.250635	0.371183	0.273331
220.000000	0.022828	-0.151574	0.022828	0.316439	0.247682	0.369830	0.269798
215.000000	0.025852	-0.162988	0.025852	0.316398	0.247215	0.369169	0.268773
210.000000	0.030309	-0.189831	0.030309	0.316776	0.248789	0.368139	0.270316
205.000000	0.037193	-0.234469	0.037193	0.317540	0.250133	0.370184	0.264910
200.000000	0.047069	-0.296988	0.047069	0.312678	0.244804	0.377638	0.263296
195.000000	0.066568	-0.409824	0.066568	0.305834	0.236774	0.384850	0.252623
190.000000	0.079522	-0.498113	0.079522	0.305011	0.233988	0.390263	0.244567
185.000000	0.086822	-0.562167	0.086822	0.303552	0.232104	0.396162	0.239782
180.000000	0.082764	-0.564383	0.082764	0.299544	0.231699	0.396971	0.237431
175.000000	0.071434	-0.497726	0.071434	0.300204	0.233654	0.390140	0.241582
170.000000	0.045932	-0.352456	0.045932	0.305570	0.238139	0.379779	0.255572
165.000000	0.034814	-0.273257	0.034814	0.318685	0.244819	0.378225	0.263672
160.000000	0.030350	-0.225683	0.030350	0.318868	0.247102	0.365552	0.266859
155.000000	0.028932	-0.204585	0.028932	0.322817	0.251408	0.372091	0.274470
150.000000	0.024755	-0.176938	0.024755	0.326654	0.248986	0.371154	0.271467
145.000000	0.024797	-0.160824	0.024797	0.320936	0.251115	0.368255	0.269903
140.000000	0.029661	-0.163117	0.029661	0.313845	0.250857	0.371227	0.270639
135.000000	0.035831	-0.177192	0.035831	0.319404	0.249286	0.370269	0.269425
130.000000	0.042099	-0.193873	0.042099	0.315210	0.246355	0.370736	0.268588
125.000000	0.049891	-0.220452	0.049891	0.319879	0.248873	0.372399	0.271757
120.000000	0.043584	-0.189913	0.043584	0.315745	0.245467	0.365272	0.274982
115.000000	0.039137	-0.167969	0.039137	0.316043	0.246421	0.373353	0.274293
110.000000	0.036066	-0.150658	0.036066	0.316571	0.249231	0.375582	0.277547
105.000000	0.032626	-0.123752	0.032626	0.319059	0.250402	0.379753	0.280681
100.000000	0.035562	-0.118124	0.035562	0.317847	0.243939	0.389427	0.285268
95.000000	0.046464	-0.116761	0.046464	0.316437	0.240329	0.393677	0.289373
90.000000	0.062608	-0.113607	0.062608	0.317224	0.243698	0.399659	0.299949
85.000000	0.080699	-0.082414	0.080699	0.312710	0.242259	0.409626	0.309732
80.000000	0.092984	-0.017317	0.092984	0.309907	0.238400	0.402922	0.311335
75.000000	0.106235	0.074803	0.106235	0.311832	0.239185	0.396051	0.292793
70.000000	0.123640	0.148971	0.123640	0.297397	0.230222	0.372697	0.279399
65.000000	0.132771	0.146313	0.132771	0.305505	0.232345	0.387782	0.281894
60.000000	0.129520	0.107581	0.129520	0.302123	0.230925	0.395286	0.300800
55.000000	0.109336	0.049440	0.109336	0.305835	0.234535	0.389634	0.293292
50.000000	0.080897	-0.022894	0.080897	0.303490	0.233555	0.404029	0.301357
45.000000	0.038874	-0.027001	0.038874	0.310291	0.237343	0.377238	0.285411
40.000000	0.001056	-0.041272	0.001056	0.305886	0.236498	0.351382	0.257654
35.000000	0.035681	-0.092012	-0.035681	0.304311	0.239523	0.342151	0.239725
30.000000	0.077696	-0.185013	-0.077696	0.305352	0.236449	0.330097	0.207484
25.000000	0.141509	-0.301260	-0.141509	0.300317	0.232090	0.345804	0.175872
20.000000	0.226725	-0.420647	-0.226725	0.299006	0.230961	0.347907	0.150789
15.000000	0.347308	-0.577268	-0.347308	0.303072	0.230698	0.353220	0.140228
10.000000	0.457889	-0.662227	-0.457889	0.296849	0.229403	0.355335	0.142230
5.000000	0.534981	-0.729473	-0.534981	0.300656	0.228684	0.368358	0.154472
0.000000	0.579458	-0.775898	-0.579458	0.306431	0.229792	0.381010	0.172648
