255.000000	0.000000	0.000000	0.000000	0.377587	0.135626	0.419383	0.133360
250.000000	0.016612	-0.000783	-0.016612	0.378447	0.138160	0.421469	0.133377
245.000000	0.020254	0.000956	-0.020254	0.380741	0.140036	0.420629	0.133737
240.000000	0.018981	0.005967	0.018981	0.380420	0.135224	0.418945	0.133388
235.000000	0.055702	0.010755	0.055702	0.380875	0.131935	0.418153	0.132442
230.000000	0.130531	0.013434	0.130531	0.370963	0.123154	0.430127	0.133649
225.000000	0.192962	0.013774	0.192962	0.369526	0.118237	0.428921	0.133527
220.000000	0.236750	0.013009	0.236750	0.371573	0.116682	0.434708	0.132842
215.000000	0.281982	0.010414	0.281982	0.364780	0.113683	0.437091	0.133561
210.000000	0.317214	0.007894	0.317214	0.361412	0.111667	0.432132	0.132377
205.000000	0.307599	0.007729	0.307599	0.363868	0.112758	0.431021	0.131937
200.000000	0.295875	0.007090	0.295875	0.365955	0.113151	0.434092	0.133094
195.000000	0.270186	0.007390	0.270186	0.367694	0.113804	0.434337	0.133719
190.000000	0.264139	0.007496	0.264139	0.364961	0.113887	0.429464	0.132507
185.000000	0.251743	0.007843	0.251743	0.370622	0.115432	0.430798	0.132105
180.000000	0.267954	0.008136	0.267954	0.366666	0.114232	0.431742	0.133459
175.000000	0.291610	0.007455	0.291610	0.365365	0.113103	0.435910	0.133473
170.000000	0.332579	0.005833	0.332579	0.362780	0.111090	0.435913	0.133505
165.000000	0.346196	0.006758	0.346196	0.363577	0.111152	0.439498	0.133629
160.000000	0.387716	0.007053	0.387716	0.361267	0.109661	0.439482	0.133844
155.000000	0.416831	0.008801	0.416831	0.361026	0.108915	0.444942	0.134077
150.000000	0.451707	0.007085	0.451707	0.357023	0.107937	0.443339	0.134081
145.000000	0.516979	0.000154	0.516979	0.355776	0.106937	0.439583	0.131704
140.000000	0.549564	-0.003729	0.549564	0.353646	0.106243	0.436936	0.131255
135.000000	0.584266	-0.003005	0.584266	0.351299	0.105200	0.436854	0.129291
130.000000	0.598181	0.000854	0.598181	0.353940	0.106806	0.434318	0.129009
125.000000	0.588514	0.004658	0.588514	0.354890	0.106949	0.440310	0.130106
120.000000	0.565862	0.008557	0.565862	0.364782	0.108059	0.438755	0.129360
115.000000	0.528767	0.011571	0.528767	0.364311	0.108195	0.438645	0.129955
110.000000	0.505042	0.014594	0.505042	0.365814	0.107480	0.446170	0.131555
105.000000	0.467126	0.020458	0.467126	0.364818	0.108772	0.449565	0.132047
100.000000	0.418320	0.031511	0.418320	0.360174	0.109075	0.445442	0.130588
95.000000	0.376585	0.048687	0.376585	0.362447	0.109044	0.444115	0.130406
90.000000	0.330618	0.075599	0.330618	0.359588	0.108420	0.436450	0.128760
85.000000	0.304755	0.113861	0.304755	0.360406	0.104913	0.439713	0.128728
80.000000	0.267840	0.167629	0.267840	0.364454	0.102199	0.438941	0.130729
75.000000	0.246457	0.238227	0.246457	0.361114	0.096198	0.440797	0.130582
70.000000	0.242232	0.320956	0.242232	0.374914	0.090135	0.438544	0.138384
65.000000	0.257265	0.423591	0.257265	0.372959	0.081873	0.429046	0.144435
60.000000	0.273418	0.547883	0.273418	0.369705	0.072443	0.432002	0.155811
55.000000	0.284236	0.677996	0.284236	0.366201	0.068620	0.397057	0.156516
50.000000	0.308246	0.813263	0.308246	0.368961	0.066480	0.410158	0.173463
45.000000	0.341506	0.951011	0.341506	0.368693	0.061926	0.415918	0.190894
40.000000	0.388279	1.078979	0.388279	0.366171	0.055541	0.399497	0.192967
35.000000	0.425691	1.213334	0.425691	0.366488	0.047189	0.380048	0.207146
30.000000	0.430743	1.380611	0.430743	0.364635	0.034186	0.378349	0.203142
25.000000	0.389160	1.568440	0.389160	0.362246	0.025895	0.409283	0.205591
20.000000	0.343024	1.712992	0.343024	0.361935	0.025394	0.404054	0.193173
15.000000	0.388804	1.712012	0.388804	0.365877	0.028512	0.423680	0.195715
10.000000	0.428160	1.695023	0.428160	0.362029	0.030615	0.431823	0.189036
5.000000	0.464560	1.657135	0.464560	0.366159	0.034979	0.411153	0.184250
0.000000	0.492531	1.626987	0.492531	0.362812	0.039179	0.434562	0.192110
