255.000000	0.000000	0.000000	0.000000	0.487637	0.075303	0.464933	0.230421
250.000000	0.012748	0.194584	-0.220080	0.486313	0.061603	0.456389	0.229552
245.000000	0.064818	0.193850	-0.064213	0.488349	0.050960	0.474430	0.212708
240.000000	0.133396	0.192665	0.074127	0.480600	0.043413	0.465253	0.210039
235.000000	0.126508	0.520978	-0.267963	0.485808	0.038529	0.466750	0.197817
230.000000	0.254403	0.213584	0.295222	0.484270	0.017001	0.471892	0.190213
225.000000	0.202475	0.844305	-0.439356	0.495306	0.046552	0.442599	0.186818
220.000000	0.244632	0.968080	-0.478815	0.500560	0.050978	0.436462	0.178861
215.000000	0.315133	1.113065	-0.482798	0.492416	0.043168	0.441836	0.174003
210.000000	0.342676	1.229914	-0.544563	0.488223	0.056432	0.427703	0.168666
205.000000	0.346912	1.174227	-0.480403	0.496151	0.076545	0.419410	0.165317
200.000000	0.358950	1.211992	-0.494093	0.496977	0.097050	0.409425	0.162378
195.000000	0.433176	1.362323	-0.495972	0.500245	0.074469	0.418783	0.160160
190.000000	0.402539	1.257706	-0.452628	0.499016	0.104455	0.409594	0.160986
185.000000	0.536458	1.585478	-0.512561	0.496312	0.078144	0.420586	0.158173
180.000000	0.634985	1.900553	-0.630584	0.487194	0.075866	0.424664	0.154381
175.000000	0.617311	1.772503	-0.537880	0.493636	0.089461	0.414021	0.153337
170.000000	0.714024	2.017253	-0.589205	0.494900	0.099508	0.426613	0.149549
165.000000	0.715427	1.971905	-0.541050	0.497484	0.104332	0.421743	0.147865
160.000000	0.723453	1.978362	-0.531456	0.492481	0.094501	0.419287	0.148707
155.000000	0.776976	2.067321	-0.513368	0.498387	0.113771	0.419949	0.145528
150.000000	0.719731	1.909511	-0.470048	0.497276	0.105703	0.413417	0.147305
145.000000	0.733935	1.948936	-0.481066	0.491674	0.095895	0.414994	0.147625
140.000000	0.753642	1.967426	-0.460143	0.500694	0.109921	0.412018	0.146374
135.000000	0.754103	1.954415	-0.446209	0.500008	0.107373	0.412416	0.145963
130.000000	0.778197	2.015887	-0.459494	0.489020	0.102286	0.412383	0.146041
125.000000	0.796018	2.017873	-0.425836	0.499546	0.116667	0.409654	0.144808
120.000000	0.795391	2.020965	-0.430183	0.499334	0.110951	0.410689	0.144668
115.000000	0.860444	2.139025	-0.418136	0.501912	0.127531	0.409823	0.143939
110.000000	0.844998	2.096509	-0.406513	0.500382	0.121421	0.409471	0.144163
105.000000	0.871308	2.162315	-0.419698	0.493984	0.118083	0.410308	0.144743
100.000000	0.875289	2.136613	-0.386035	0.500348	0.128527	0.407728	0.143201
95.000000	0.864046	2.118881	-0.390788	0.500939	0.120324	0.408893	0.144106
90.000000	0.884344	2.167561	-0.398873	0.498344	0.121601	0.408093	0.144517
85.000000	0.900374	2.171063	-0.370316	0.498207	0.134157	0.404561	0.142763
80.000000	0.894548	2.179207	-0.390111	0.499244	0.125166	0.407713	0.144324
75.000000	0.936167	2.245137	-0.372803	0.499450	0.136483	0.404819	0.143887
70.000000	0.715230	1.741516	-0.311055	0.486737	0.134337	0.403010	0.137337
65.000000	0.831826	2.030822	-0.367171	0.495850	0.111354	0.410528	0.143377
60.000000	0.907881	2.188993	-0.373230	0.502350	0.131654	0.407665	0.143923
55.000000	0.885491	2.136459	-0.365477	0.500756	0.127321	0.407525	0.143053
50.000000	0.847729	2.069012	-0.373555	0.494548	0.112177	0.409167	0.145172
45.000000	0.803500	1.941549	-0.334549	0.499677	0.116624	0.408278	0.144352
40.000000	0.796198	1.936036	-0.343640	0.497728	0.107949	0.410347	0.145154
35.000000	0.778645	1.888740	-0.331449	0.500058	0.118692	0.409731	0.145389
30.000000	0.768879	1.868602	-0.330845	0.498806	0.111219	0.410419	0.145789
25.000000	0.737950	1.788742	-0.312842	0.498344	0.122111	0.409253	0.146204
20.000000	0.718060	1.738076	-0.301957	0.496936	0.122850	0.408966	0.147000
15.000000	0.682972	1.657110	-0.291166	0.496528	0.121067	0.407346	0.148602
10.000000	0.695976	1.691693	-0.299740	0.492800	0.134179	0.407579	0.147799
5.000000	0.658466	1.611495	-0.294563	0.497300	0.135132	0.404902	0.148657
0.000000	0.618289	1.532679	-0.296101	0.497304	0.149541	0.408457	0.149408
