0.000000	0.995351
5.000000	0.995134
10.000000	0.995665
15.000000	0.995042
20.000000	0.994647
25.000000	0.994995
30.000000	0.995445
35.000000	0.994839
40.000000	0.995384
45.000000	0.995349
50.000000	0.994807
55.000000	0.995029
60.000000	0.995116
65.000000	0.995276
70.000000	0.995536
75.000000	0.996208
80.000000	0.996672
85.000000	0.996909
90.000000	0.997271
95.000000	0.997870
100.000000	0.998277
105.000000	0.998487
110.000000	0.998908
115.000000	1.000000
120.000000	0.999314
125.000000	0.999491
130.000000	0.999548
135.000000	0.999021
140.000000	0.997840
145.000000	0.998683
150.000000	0.996603
155.000000	0.996059
160.000000	0.990877
165.000000	0.989548
170.000000	0.984455
175.000000	0.975367
180.000000	0.966428
185.000000	0.956296
190.000000	0.941198
195.000000	0.931008
200.000000	0.901509
205.000000	0.878885
210.000000	0.842703
215.000000	0.788854
220.000000	0.743564
225.000000	0.687280
230.000000	0.597547
235.000000	0.522968
240.000000	0.423825
245.000000	0.331540
250.000000	0.235047
255.000000	0.157980
