255.000000	0.000000	0.000000	0.000000	0.592948	0.125625	0.671992	0.271651
250.000000	0.038423	0.002289	0.074557	0.591310	0.103245	0.657962	0.270091
245.000000	0.091516	0.007055	0.175978	0.594350	0.107842	0.655705	0.273015
240.000000	0.107013	-0.020589	0.234615	0.588783	0.090090	0.642400	0.263619
235.000000	0.165229	-0.047943	0.378402	0.581426	0.102956	0.633401	0.270107
230.000000	0.220198	-0.014017	0.454413	0.581162	0.100188	0.621380	0.269070
225.000000	0.259117	-0.051127	0.569360	0.586280	0.113246	0.621890	0.270249
220.000000	0.299224	-0.011639	0.610087	0.585540	0.112855	0.622088	0.263156
215.000000	0.352310	0.020491	0.684129	0.592354	0.133495	0.632616	0.259757
210.000000	0.376909	0.026024	0.727794	0.591715	0.130244	0.628739	0.256195
205.000000	0.396492	-0.011338	0.804321	0.594773	0.142459	0.624730	0.255088
200.000000	0.429853	0.022391	0.837316	0.596749	0.141944	0.632424	0.250670
195.000000	0.488153	0.112967	0.863340	0.603044	0.159137	0.629224	0.252471
190.000000	0.516279	0.152326	0.880233	0.595657	0.157123	0.631215	0.248039
185.000000	0.516440	0.097530	0.935350	0.598671	0.165190	0.627945	0.248392
180.000000	0.545499	0.135306	0.955692	0.599306	0.160413	0.631598	0.246779
175.000000	0.533939	0.082424	0.985453	0.599555	0.165434	0.629671	0.246650
170.000000	0.568533	0.132474	1.004593	0.596811	0.169722	0.632426	0.244644
165.000000	0.617936	0.240109	0.995763	0.590208	0.165856	0.630266	0.244508
160.000000	0.646051	0.249457	1.042645	0.601025	0.185489	0.626460	0.245341
155.000000	0.605553	0.183010	1.028095	0.592379	0.163930	0.631888	0.242783
150.000000	0.589160	0.110798	1.067522	0.599620	0.172828	0.626420	0.246188
145.000000	0.613163	0.161551	1.064776	0.594492	0.166262	0.630176	0.243258
140.000000	0.642019	0.205423	1.078616	0.602085	0.175110	0.630124	0.244672
135.000000	0.663108	0.253756	1.072461	0.602417	0.177923	0.631632	0.242005
130.000000	0.679805	0.263717	1.095892	0.605566	0.183860	0.628410	0.243854
125.000000	0.638972	0.171622	1.106323	0.595126	0.167060	0.630667	0.241692
120.000000	0.615379	0.098141	1.132618	0.599117	0.172717	0.628849	0.243017
115.000000	0.647711	0.166765	1.128657	0.589861	0.164376	0.627475	0.243618
110.000000	0.657142	0.171991	1.142292	0.597756	0.179294	0.628980	0.241902
105.000000	0.667169	0.192281	1.142057	0.600978	0.175671	0.628841	0.242223
100.000000	0.669059	0.201484	1.136634	0.590169	0.164760	0.629082	0.242747
95.000000	0.635950	0.117528	1.154371	0.596724	0.179782	0.629048	0.241129
90.000000	0.601372	0.031645	1.171099	0.595005	0.164001	0.629773	0.240434
85.000000	0.563683	-0.060569	1.187934	0.597460	0.187505	0.630753	0.236729
80.000000	0.579595	-0.039585	1.198775	0.605074	0.169534	0.629695	0.238557
75.000000	0.589540	-0.011389	1.190469	0.606573	0.176119	0.630227	0.238829
70.000000	0.595162	-0.006093	1.196417	0.600025	0.183925	0.628882	0.238184
65.000000	0.605972	0.029610	1.182335	0.603721	0.168235	0.629743	0.240378
60.000000	0.565187	-0.073705	1.204079	0.606409	0.181231	0.632598	0.234517
55.000000	0.576656	-0.054794	1.208105	0.596148	0.168187	0.630122	0.237526
50.000000	0.597269	0.004049	1.190490	0.599607	0.181855	0.633542	0.236020
45.000000	0.629075	0.078712	1.179437	0.597566	0.163067	0.630511	0.240173
40.000000	0.620010	0.052709	1.187310	0.602573	0.178308	0.630808	0.238752
35.000000	0.643080	0.099122	1.187038	0.602294	0.173832	0.631644	0.238882
30.000000	0.622923	0.057369	1.188477	0.604552	0.174408	0.630782	0.239427
25.000000	0.606174	0.015873	1.196474	0.599274	0.181565	0.631380	0.236798
20.000000	0.588365	-0.025677	1.202408	0.603673	0.171996	0.632279	0.237133
15.000000	0.579880	-0.040264	1.200025	0.606900	0.177470	0.629147	0.238264
10.000000	0.569776	-0.061762	1.201315	0.594654	0.168425	0.631705	0.236725
5.000000	0.581942	-0.045306	1.209189	0.601526	0.185443	0.631702	0.235723
0.000000	0.560171	-0.071874	1.192216	0.599197	0.170382	0.631099	0.236633
