0.000000	0.088251
5.000000	0.089161
10.000000	0.090526
15.000000	0.096093
20.000000	0.104142
25.000000	0.122307
30.000000	0.146154
35.000000	0.189710
40.000000	0.225924
45.000000	0.281135
50.000000	0.354789
55.000000	0.426476
60.000000	0.499326
65.000000	0.541767
70.000000	0.576641
75.000000	0.580134
80.000000	0.586443
85.000000	0.625523
90.000000	0.673811
95.000000	0.749671
100.000000	0.842401
105.000000	0.883469
110.000000	0.924286
115.000000	0.939936
120.000000	0.958703
125.000000	0.973860
130.000000	0.982382
135.000000	0.987221
140.000000	0.991032
145.000000	0.992987
150.000000	0.995451
155.000000	0.995689
160.000000	0.996706
165.000000	0.997197
170.000000	0.997648
175.000000	0.998238
180.000000	0.997990
185.000000	0.999060
190.000000	0.998911
195.000000	0.999007
200.000000	0.998953
205.000000	0.964709
210.000000	0.999365
215.000000	0.999377
220.000000	0.999669
225.000000	0.999578
230.000000	1.000000
235.000000	0.999473
240.000000	0.999661
245.000000	0.999157
250.000000	0.999273
255.000000	0.999623
