255.000000	0.000000	0.000000	0.000000	0.344023	0.204224	0.356795	0.179965
250.000000	0.162645	0.162645	0.026623	0.365566	0.222429	0.348455	0.182885
245.000000	0.242869	0.242869	0.043452	0.363252	0.219363	0.356053	0.181784
240.000000	0.285211	0.285211	0.052330	0.364512	0.219516	0.362504	0.184031
235.000000	0.280278	0.280278	0.049641	0.366204	0.221197	0.358420	0.184105
230.000000	0.192368	0.192368	0.033457	0.359741	0.219113	0.346078	0.182948
225.000000	0.092134	0.092134	0.016358	0.351650	0.214174	0.344974	0.182262
220.000000	0.001651	-0.001651	0.001889	0.348759	0.205507	0.358093	0.181671
215.000000	0.077266	-0.077266	-0.008313	0.354608	0.200629	0.361983	0.179965
210.000000	0.143282	-0.143282	-0.016023	0.346891	0.194195	0.373043	0.183271
205.000000	0.197546	-0.197546	-0.026151	0.347893	0.192147	0.379510	0.184656
200.000000	0.240305	-0.240305	-0.035946	0.351946	0.192911	0.381465	0.182729
195.000000	0.286524	-0.286524	-0.048606	0.353444	0.187013	0.389500	0.183327
190.000000	0.297364	-0.297364	-0.060588	0.358306	0.189770	0.399504	0.185548
185.000000	0.287784	-0.287784	-0.070465	0.362231	0.197982	0.396510	0.183510
180.000000	0.277106	-0.277106	-0.074582	0.359568	0.196251	0.392217	0.183544
175.000000	0.263460	-0.263460	-0.074071	0.355757	0.195211	0.391834	0.182475
170.000000	0.270735	-0.270735	-0.071201	0.355694	0.194587	0.395382	0.183358
165.000000	0.265279	-0.265279	-0.066066	0.360392	0.196988	0.393536	0.183566
160.000000	0.270397	-0.270397	-0.061421	0.354083	0.190821	0.398887	0.187109
155.000000	0.246331	-0.246331	-0.055580	0.351652	0.192918	0.393352	0.185728
150.000000	0.221927	-0.221927	-0.043771	0.352907	0.190130	0.389184	0.183948
145.000000	0.173661	-0.173661	-0.028257	0.354093	0.195848	0.381171	0.183484
140.000000	0.140086	-0.140086	-0.016399	0.356834	0.200513	0.379572	0.181619
135.000000	0.085102	-0.085102	-0.004282	0.352690	0.200688	0.373062	0.182928
130.000000	0.038832	-0.038832	0.006514	0.350076	0.204750	0.363511	0.179956
125.000000	0.004170	0.004170	0.019065	0.344394	0.202021	0.365137	0.185472
120.000000	0.056978	0.056978	0.033846	0.350934	0.208499	0.355183	0.186431
115.000000	0.109407	0.109407	0.047266	0.339535	0.204312	0.354869	0.190764
110.000000	0.170296	0.170296	0.062212	0.345051	0.204108	0.354357	0.197308
105.000000	0.171131	0.171131	0.071163	0.340818	0.201272	0.356505	0.204736
100.000000	0.129934	0.129934	0.080799	0.338252	0.192589	0.358718	0.215989
95.000000	0.076345	0.076345	0.104550	0.331233	0.176612	0.364225	0.236592
90.000000	0.015462	0.015462	0.159996	0.322977	0.149099	0.368594	0.242321
85.000000	0.058690	-0.058690	0.260574	0.341387	0.137945	0.319252	0.224737
80.000000	0.019782	0.019782	0.470598	0.334475	0.125013	0.289089	0.175445
75.000000	0.291321	0.291321	0.850733	0.336705	0.118040	0.359703	0.180255
70.000000	0.485765	0.485765	1.082654	0.337596	0.116132	0.377631	0.229860
65.000000	0.603610	0.603610	1.199397	0.347819	0.116153	0.374000	0.221999
60.000000	0.700306	0.700306	1.270013	0.341424	0.114643	0.386127	0.215170
55.000000	0.848428	0.848428	1.306379	0.353461	0.118407	0.384780	0.207892
50.000000	0.955256	0.955256	1.334229	0.341601	0.115747	0.382686	0.201778
45.000000	1.031128	1.031128	1.356346	0.349441	0.122147	0.365388	0.193530
40.000000	1.102922	1.102922	1.371546	0.347489	0.125098	0.362457	0.194870
35.000000	1.119581	1.119581	1.393085	0.348828	0.125429	0.363070	0.195492
30.000000	1.160508	1.160508	1.407330	0.345107	0.128064	0.359012	0.194934
25.000000	1.191676	1.191676	1.421688	0.345464	0.129655	0.347037	0.191567
20.000000	1.224180	1.224180	1.432504	0.345538	0.131934	0.346266	0.193250
15.000000	1.234882	1.234882	1.437912	0.346981	0.132293	0.345735	0.194360
10.000000	1.224319	1.224319	1.441881	0.345685	0.133084	0.336584	0.193202
5.000000	1.210484	1.210484	1.446838	0.347776	0.132721	0.343954	0.197841
0.000000	1.202357	1.202357	1.445020	0.346654	0.131623	0.344375	0.196583
