255.000000	0.000000	0.000000	0.000000	0.388767	0.209105	0.404014	0.267305
250.000000	0.001392	-0.001392	0.010469	0.391647	0.216666	0.398596	0.266218
245.000000	0.007528	-0.007528	0.044624	0.396085	0.222202	0.395789	0.263325
240.000000	0.014251	-0.014251	0.082609	0.396351	0.229291	0.394614	0.260436
235.000000	0.020610	-0.020610	0.162525	0.389816	0.237929	0.388312	0.256026
230.000000	0.024103	-0.024103	0.257646	0.382324	0.246025	0.386825	0.248254
225.000000	0.019771	-0.019771	0.320004	0.371381	0.250631	0.390981	0.246861
220.000000	0.017266	-0.017266	0.329420	0.374293	0.252766	0.390069	0.243067
215.000000	0.017966	-0.017966	0.331173	0.370504	0.252735	0.387114	0.245282
210.000000	0.018167	-0.018167	0.333492	0.372254	0.253864	0.394261	0.245932
205.000000	0.020369	-0.020369	0.311402	0.375528	0.253320	0.391151	0.245896
200.000000	0.022678	-0.022678	0.279437	0.379038	0.249076	0.389366	0.251454
195.000000	0.024417	-0.024417	0.252456	0.380020	0.246856	0.390046	0.250357
190.000000	0.025869	-0.025869	0.257442	0.381722	0.248473	0.388694	0.248134
185.000000	0.022146	-0.022146	0.285367	0.375446	0.249611	0.388801	0.249530
180.000000	0.013776	-0.013776	0.333165	0.373356	0.254902	0.392436	0.245979
175.000000	0.008245	-0.008245	0.363016	0.369540	0.255732	0.389819	0.242073
170.000000	0.004802	-0.004802	0.383546	0.369092	0.258083	0.393555	0.243663
165.000000	0.003426	0.003426	0.410988	0.366261	0.257733	0.390709	0.242871
160.000000	0.022861	0.022861	0.460752	0.361612	0.259516	0.398163	0.241290
155.000000	0.050844	0.050844	0.534544	0.352737	0.262740	0.393163	0.239016
150.000000	0.070741	0.070741	0.554666	0.353328	0.262686	0.396569	0.239918
145.000000	0.073955	0.073955	0.480361	0.363302	0.257575	0.392931	0.239298
140.000000	0.075246	0.075246	0.414693	0.366740	0.251780	0.391508	0.239026
135.000000	0.080991	0.080991	0.374916	0.371635	0.251456	0.389008	0.238086
130.000000	0.086680	0.086680	0.356489	0.372869	0.248314	0.387707	0.237422
125.000000	0.087661	0.087661	0.329524	0.374180	0.244784	0.386391	0.234683
120.000000	0.077405	0.077405	0.307868	0.388030	0.251648	0.382246	0.235047
115.000000	0.056495	0.056495	0.299527	0.382262	0.251374	0.388748	0.235081
110.000000	0.022974	0.022974	0.302324	0.381406	0.261832	0.389690	0.232043
105.000000	0.016136	-0.016136	0.290200	0.379811	0.268706	0.393613	0.230138
100.000000	0.041809	-0.041809	0.271123	0.379377	0.275923	0.390983	0.223653
95.000000	0.064414	-0.064414	0.190416	0.381448	0.276761	0.389544	0.221260
90.000000	0.097031	-0.097031	0.035609	0.388053	0.266171	0.397785	0.221873
85.000000	0.134768	-0.134768	-0.113762	0.388330	0.250908	0.419117	0.215739
80.000000	0.182190	-0.182190	-0.245681	0.373954	0.235353	0.421542	0.208872
75.000000	0.230744	-0.230744	-0.304821	0.348388	0.220222	0.409375	0.199786
70.000000	0.278766	-0.278766	-0.332473	0.344561	0.217835	0.412045	0.188201
65.000000	0.329567	-0.329567	-0.383045	0.320742	0.200391	0.416630	0.192082
60.000000	0.380336	-0.380336	-0.454714	0.317010	0.188295	0.425876	0.189075
55.000000	0.432181	-0.432181	-0.513411	0.309315	0.173655	0.429055	0.183202
50.000000	0.486037	-0.486037	-0.542492	0.313355	0.168195	0.417781	0.178692
45.000000	0.537216	-0.537216	-0.569252	0.312091	0.160272	0.427761	0.180349
40.000000	0.581286	-0.581286	-0.626527	0.320298	0.154141	0.426160	0.176415
35.000000	0.616250	-0.616250	-0.697936	0.321785	0.144218	0.414286	0.173879
30.000000	0.654661	-0.654661	-0.757089	0.325095	0.136702	0.424956	0.176208
25.000000	0.700914	-0.700914	-0.792916	0.327078	0.129593	0.414935	0.172768
20.000000	0.758837	-0.758837	-0.833799	0.326384	0.121001	0.416528	0.174658
15.000000	0.810484	-0.810484	-0.943988	0.332704	0.112856	0.411228	0.172924
10.000000	0.808803	-0.808803	-1.134967	0.345353	0.106873	0.410908	0.174217
5.000000	0.767016	-0.767016	-1.345836	0.341868	0.105621	0.416962	0.178268
0.000000	0.747863	-0.747863	-1.491863	0.339608	0.113855	0.417324	0.182111
