255.000000	0.000000	0.000000	0.000000	0.367595	0.117459	0.413039	0.245047
250.000000	0.021373	0.021373	0.121565	0.381912	0.128739	0.405888	0.250850
245.000000	0.070133	0.070133	0.150846	0.380730	0.139032	0.404522	0.264939
240.000000	0.105787	0.105787	0.230126	0.385468	0.145537	0.395690	0.266601
235.000000	0.149344	0.149344	0.318154	0.373930	0.144922	0.393618	0.272125
230.000000	0.192291	0.192291	0.406405	0.373943	0.157184	0.389180	0.268030
225.000000	0.242059	0.242059	0.479879	0.373180	0.165440	0.406201	0.275278
220.000000	0.281373	0.281373	0.540155	0.376468	0.166335	0.409877	0.267099
215.000000	0.331099	0.331099	0.621957	0.372928	0.176382	0.391259	0.246061
210.000000	0.365093	0.365093	0.704074	0.376341	0.181189	0.398675	0.250904
205.000000	0.411649	0.411649	0.791890	0.375744	0.185787	0.394268	0.239276
200.000000	0.442305	0.442305	0.897519	0.380025	0.197765	0.390452	0.236652
195.000000	0.477683	0.477683	1.003498	0.383088	0.204607	0.388199	0.229806
190.000000	0.507268	0.507268	1.058705	0.380646	0.209061	0.388362	0.226391
185.000000	0.530642	0.530642	1.111982	0.384977	0.213222	0.388388	0.223156
180.000000	0.545905	0.545905	1.121959	0.381984	0.220807	0.381655	0.222270
175.000000	0.565241	0.565241	1.111004	0.383563	0.215478	0.393713	0.221415
170.000000	0.587315	0.587315	1.148018	0.380690	0.219662	0.387198	0.218607
165.000000	0.607228	0.607228	1.183682	0.379450	0.217583	0.397511	0.221287
160.000000	0.628314	0.628314	1.241126	0.379161	0.219615	0.394638	0.221168
155.000000	0.640558	0.640558	1.295150	0.377765	0.227458	0.380412	0.217285
150.000000	0.660798	0.660798	1.362654	0.367578	0.226444	0.390249	0.218897
145.000000	0.667480	0.667480	1.370346	0.372440	0.232498	0.384065	0.217324
140.000000	0.673473	0.673473	1.384503	0.368042	0.230697	0.387726	0.217590
135.000000	0.678947	0.678947	1.389248	0.365589	0.230837	0.385696	0.217173
130.000000	0.685390	0.685390	1.396075	0.368678	0.234232	0.387120	0.217133
125.000000	0.694172	0.694172	1.398423	0.366433	0.229780	0.386500	0.214987
120.000000	0.699893	0.699893	1.400984	0.364873	0.230552	0.383851	0.215122
115.000000	0.703275	0.703275	1.382718	0.365010	0.226778	0.389014	0.216138
110.000000	0.700674	0.700674	1.352289	0.365552	0.226828	0.386801	0.214103
105.000000	0.705502	0.705502	1.347855	0.364338	0.225437	0.386994	0.213628
100.000000	0.703005	0.703005	1.337132	0.368104	0.226276	0.381623	0.211141
95.000000	0.701066	0.701066	1.301062	0.367259	0.220651	0.386953	0.213277
90.000000	0.700577	0.700577	1.272867	0.369218	0.220060	0.385647	0.212164
85.000000	0.706867	0.706867	1.276371	0.371095	0.219830	0.388344	0.213181
80.000000	0.713117	0.713117	1.281026	0.365254	0.219077	0.387580	0.211539
75.000000	0.715322	0.715322	1.292596	0.369489	0.219789	0.385543	0.210807
70.000000	0.721266	0.721266	1.324760	0.365215	0.220265	0.390453	0.214634
65.000000	0.726291	0.726291	1.345520	0.366224	0.224901	0.385672	0.211694
60.000000	0.725788	0.725788	1.354926	0.371948	0.223634	0.386507	0.211598
55.000000	0.730332	0.730332	1.365542	0.365539	0.225317	0.384044	0.209496
50.000000	0.729595	0.729595	1.362718	0.366653	0.224916	0.389329	0.214515
45.000000	0.728865	0.728865	1.340839	0.366574	0.223862	0.389603	0.213729
40.000000	0.726776	0.726776	1.352729	0.367682	0.223851	0.388309	0.214197
35.000000	0.727674	0.727674	1.365346	0.366429	0.224036	0.390102	0.213590
30.000000	0.730776	0.730776	1.384153	0.365641	0.227092	0.384396	0.212744
25.000000	0.729298	0.729298	1.376620	0.366125	0.224910	0.386756	0.212566
20.000000	0.731309	0.731309	1.380431	0.374257	0.227689	0.383999	0.211428
15.000000	0.733966	0.733966	1.404698	0.367525	0.228088	0.383662	0.212080
10.000000	0.738080	0.738080	1.455792	0.360075	0.229213	0.387832	0.214903
5.000000	0.741090	0.741090	1.468837	0.366019	0.235421	0.381898	0.212554
0.000000	0.742665	0.742665	1.457015	0.368355	0.230834	0.382294	0.214117
