0.000000	0.589210
5.000000	0.584812
10.000000	0.584793
15.000000	0.585787
20.000000	0.586623
25.000000	0.587707
30.000000	0.585312
35.000000	0.588164
40.000000	0.584651
45.000000	0.588453
50.000000	0.587356
55.000000	0.585014
60.000000	0.584942
65.000000	0.588110
70.000000	0.585095
75.000000	0.579431
80.000000	0.574850
85.000000	0.566811
90.000000	0.557351
95.000000	0.549922
100.000000	0.538462
105.000000	0.527077
110.000000	0.514985
115.000000	0.499218
120.000000	0.486332
125.000000	0.474844
130.000000	0.454324
135.000000	0.434517
140.000000	0.415668
145.000000	0.398082
150.000000	0.374764
155.000000	0.347608
160.000000	0.328354
165.000000	0.304071
170.000000	0.276656
175.000000	0.256811
180.000000	0.232786
185.000000	0.210330
190.000000	0.198065
195.000000	0.185115
200.000000	0.180451
205.000000	0.186069
210.000000	0.205812
215.000000	0.237005
220.000000	0.280804
225.000000	0.341968
230.000000	0.431687
235.000000	0.526755
240.000000	0.644382
245.000000	0.755089
250.000000	0.882518
255.000000	1.000000
