0.000000	0.999817
5.000000	0.999451
10.000000	0.999489
15.000000	0.999188
20.000000	0.999595
25.000000	0.999578
30.000000	0.999041
35.000000	0.999367
40.000000	0.999418
45.000000	0.999566
50.000000	1.000000
55.000000	0.999459
60.000000	0.999640
65.000000	0.999747
70.000000	0.998077
75.000000	0.999027
80.000000	0.997997
85.000000	0.997854
90.000000	0.995449
95.000000	0.994582
100.000000	0.993556
105.000000	0.992015
110.000000	0.988655
115.000000	0.987582
120.000000	0.984129
125.000000	0.981413
130.000000	0.979756
135.000000	0.973814
140.000000	0.971805
145.000000	0.963240
150.000000	0.959067
155.000000	0.946607
160.000000	0.939616
165.000000	0.925988
170.000000	0.918044
175.000000	0.903093
180.000000	0.882545
185.000000	0.821506
190.000000	0.843194
195.000000	0.813044
200.000000	0.783953
205.000000	0.742190
210.000000	0.702741
215.000000	0.647973
220.000000	0.608881
225.000000	0.555389
230.000000	0.500397
235.000000	0.449067
240.000000	0.394588
245.000000	0.366114
250.000000	0.341600
255.000000	0.340279
