0.000000	0.997550
5.000000	1.000000
10.000000	0.997813
15.000000	0.999435
20.000000	0.997736
25.000000	0.999353
30.000000	0.997995
35.000000	0.996984
40.000000	0.998123
45.000000	0.997788
50.000000	0.997845
55.000000	0.997795
60.000000	0.997597
65.000000	0.997351
70.000000	0.998507
75.000000	0.993854
80.000000	0.992133
85.000000	0.985992
90.000000	0.978769
95.000000	0.974747
100.000000	0.967891
105.000000	0.958969
110.000000	0.950460
115.000000	0.940085
120.000000	0.928719
125.000000	0.919423
130.000000	0.909867
135.000000	0.891178
140.000000	0.880616
145.000000	0.861266
150.000000	0.841757
155.000000	0.823542
160.000000	0.804390
165.000000	0.775496
170.000000	0.751240
175.000000	0.726844
180.000000	0.694864
185.000000	0.674228
190.000000	0.646435
195.000000	0.618135
200.000000	0.585857
205.000000	0.566791
210.000000	0.547287
215.000000	0.530185
220.000000	0.531325
225.000000	0.528927
230.000000	0.553574
235.000000	0.585307
240.000000	0.652401
245.000000	0.715245
250.000000	0.795508
255.000000	0.899171
