0.000000	0.997588
5.000000	0.997552
10.000000	0.997560
15.000000	0.997532
20.000000	0.997237
25.000000	0.996958
30.000000	0.997589
35.000000	0.997039
40.000000	0.997680
45.000000	0.997342
50.000000	0.997948
55.000000	0.997422
60.000000	0.997807
65.000000	0.997300
70.000000	0.997854
75.000000	0.997384
80.000000	0.997592
85.000000	0.998085
90.000000	0.998647
95.000000	0.998695
100.000000	0.998783
105.000000	1.000000
110.000000	0.999417
115.000000	0.999072
120.000000	0.999284
125.000000	0.998744
130.000000	0.998777
135.000000	0.998346
140.000000	0.997350
145.000000	0.997300
150.000000	0.993995
155.000000	0.992323
160.000000	0.988776
165.000000	0.984272
170.000000	0.980940
175.000000	0.969690
180.000000	0.958975
185.000000	0.951650
190.000000	0.933580
195.000000	0.911104
200.000000	0.883589
205.000000	0.855926
210.000000	0.807538
215.000000	0.765393
220.000000	0.715665
225.000000	0.646801
230.000000	0.561082
235.000000	0.485058
240.000000	0.386869
245.000000	0.299248
250.000000	0.216777
255.000000	0.142021
