0.000000	0.855688
5.000000	0.855374
10.000000	0.855260
15.000000	0.855405
20.000000	0.854858
25.000000	0.854660
30.000000	0.855030
35.000000	0.854656
40.000000	0.854636
45.000000	0.855293
50.000000	0.855018
55.000000	0.855141
60.000000	0.855483
65.000000	0.854428
70.000000	0.854478
75.000000	0.854202
80.000000	0.854829
85.000000	0.853845
90.000000	0.854011
95.000000	0.854279
100.000000	0.854944
105.000000	0.853201
110.000000	0.855775
115.000000	0.854833
120.000000	0.853956
125.000000	0.853781
130.000000	0.855207
135.000000	0.853778
140.000000	0.853335
145.000000	0.854148
150.000000	0.853753
155.000000	0.855652
160.000000	0.854476
165.000000	0.855193
170.000000	0.855906
175.000000	0.859880
180.000000	0.858032
185.000000	0.864730
190.000000	0.862857
195.000000	0.871245
200.000000	0.869755
205.000000	0.879419
210.000000	0.882294
215.000000	0.882735
220.000000	0.899769
225.000000	0.907973
230.000000	0.914246
235.000000	0.939061
240.000000	0.952893
245.000000	0.962693
250.000000	0.991275
255.000000	1.000000
