255.000000	0.000000	0.000000	0.000000	0.387084	0.238698	0.425669	0.243236
250.000000	0.048170	-0.048170	-0.643998	0.412465	0.232006	0.439511	0.228115
245.000000	0.151301	-0.151301	0.016364	0.372056	0.236554	0.417903	0.249857
240.000000	0.194961	-0.194961	0.148245	0.378690	0.236652	0.420238	0.260349
235.000000	0.249663	-0.249663	-0.291891	0.394256	0.233842	0.418860	0.246184
230.000000	0.275368	-0.275368	-0.534334	0.385713	0.211974	0.409322	0.238493
225.000000	0.356557	-0.356557	0.312295	0.407322	0.251780	0.411984	0.252974
220.000000	0.440300	-0.440300	0.012671	0.405401	0.242378	0.410893	0.258116
215.000000	0.463861	-0.463861	-0.726931	0.379156	0.215506	0.384730	0.230999
210.000000	0.482659	-0.482659	-0.317541	0.391248	0.231373	0.386023	0.239124
205.000000	0.569053	-0.569053	0.194944	0.400729	0.250233	0.383499	0.238356
200.000000	0.614067	-0.614067	0.016414	0.398648	0.245125	0.400649	0.248815
195.000000	0.644833	-0.644833	-0.005478	0.401303	0.243614	0.392879	0.244301
190.000000	0.670792	-0.670792	0.132322	0.387061	0.247762	0.399523	0.242935
185.000000	0.692303	-0.692303	0.186050	0.399086	0.253254	0.392656	0.238928
180.000000	0.713529	-0.713529	0.208185	0.383755	0.250078	0.397674	0.236815
175.000000	0.730130	-0.730130	0.145208	0.393766	0.254212	0.399219	0.238313
170.000000	0.749904	-0.749904	0.075875	0.393912	0.252478	0.393148	0.233715
165.000000	0.775695	-0.775695	-0.059433	0.386202	0.243673	0.400417	0.230618
160.000000	0.775918	-0.775918	-0.218799	0.396251	0.236442	0.401768	0.225860
155.000000	0.777222	-0.777222	-0.189606	0.391425	0.236058	0.404047	0.227068
150.000000	0.792160	-0.792160	-0.137918	0.384861	0.238845	0.406581	0.228051
145.000000	0.816197	-0.816197	-0.272932	0.387620	0.230349	0.399723	0.220373
140.000000	0.815416	-0.815416	-0.290096	0.385411	0.230324	0.404879	0.221613
135.000000	0.824814	-0.824814	-0.226000	0.391612	0.235687	0.407705	0.222387
130.000000	0.833045	-0.833045	-0.186587	0.383712	0.235328	0.412966	0.223880
125.000000	0.840082	-0.840082	-0.191485	0.391949	0.238261	0.409078	0.219526
120.000000	0.850786	-0.850786	-0.197345	0.387597	0.238316	0.411017	0.221399
115.000000	0.856655	-0.856655	-0.182199	0.393717	0.243015	0.410258	0.219811
110.000000	0.860302	-0.860302	-0.186587	0.386432	0.237034	0.411102	0.220665
105.000000	0.863951	-0.863951	-0.197549	0.385338	0.238728	0.410761	0.219033
100.000000	0.863183	-0.863183	-0.218011	0.386725	0.236276	0.410675	0.218096
95.000000	0.863986	-0.863986	-0.191636	0.390478	0.239025	0.414829	0.219664
90.000000	0.866871	-0.866871	-0.191911	0.394892	0.244098	0.410359	0.217017
85.000000	0.869989	-0.869989	-0.162731	0.391365	0.241502	0.414913	0.219397
80.000000	0.874476	-0.874476	-0.145560	0.392598	0.244865	0.410937	0.215890
75.000000	0.881452	-0.881452	-0.193082	0.389796	0.239452	0.416153	0.220535
70.000000	0.885225	-0.885225	-0.271756	0.389416	0.235325	0.410984	0.218046
65.000000	0.877774	-0.877774	-0.220547	0.386767	0.236860	0.412213	0.215975
60.000000	0.878154	-0.878154	-0.053978	0.389538	0.244524	0.414805	0.219648
55.000000	0.879933	-0.879933	0.038035	0.389215	0.250116	0.416584	0.220128
50.000000	0.882623	-0.882623	0.056895	0.388424	0.247039	0.413561	0.221330
45.000000	0.881565	-0.881565	0.068243	0.389158	0.245867	0.411403	0.220230
40.000000	0.882248	-0.882248	0.059714	0.389761	0.250596	0.411532	0.218064
35.000000	0.882986	-0.882986	0.053832	0.384016	0.242386	0.414522	0.221342
30.000000	0.884756	-0.884756	0.070351	0.384120	0.242299	0.410297	0.218826
25.000000	0.885819	-0.885819	0.091249	0.386583	0.246931	0.414413	0.219807
20.000000	0.884978	-0.884978	0.099611	0.381888	0.241052	0.414768	0.222451
15.000000	0.884333	-0.884333	0.100749	0.384596	0.245180	0.413184	0.220204
10.000000	0.884391	-0.884391	0.078801	0.385661	0.244990	0.413153	0.220242
5.000000	0.883376	-0.883376	0.042968	0.379260	0.239221	0.412265	0.220674
0.000000	0.883340	-0.883340	0.064085	0.382585	0.245422	0.411489	0.218645
