255.000000	0.000000	0.000000	0.000000	0.419018	0.212039	0.418906	0.220659
250.000000	0.002702	0.002702	0.051029	0.427598	0.218258	0.446362	0.221941
245.000000	0.008853	0.008853	0.071543	0.440871	0.218249	0.432380	0.218539
240.000000	0.009331	0.009331	0.042315	0.420502	0.214128	0.437495	0.219102
235.000000	0.004997	0.004997	-0.024161	0.430609	0.210144	0.432171	0.217144
230.000000	0.004166	-0.004166	-0.138920	0.436563	0.206917	0.442694	0.213293
225.000000	0.010280	-0.010280	-0.201438	0.410574	0.203243	0.423322	0.207484
220.000000	0.315586	-0.315586	-1.780822	0.401685	0.087657	0.402739	0.142466
215.000000	0.014815	-0.014815	-0.263864	0.433274	0.195381	0.420490	0.204498
210.000000	0.013486	-0.013486	-0.286258	0.421854	0.196386	0.417263	0.212250
205.000000	0.010886	-0.010886	-0.304522	0.419553	0.194094	0.418022	0.201994
200.000000	0.009295	-0.009295	-0.331577	0.427719	0.195841	0.419565	0.198975
195.000000	0.006559	-0.006559	-0.346122	0.415496	0.191012	0.432559	0.205205
190.000000	0.001193	-0.001193	-0.349525	0.418361	0.191780	0.431377	0.210237
185.000000	0.000751	0.000751	-0.363765	0.415035	0.198813	0.417943	0.202716
180.000000	0.008333	0.008333	-0.376506	0.415888	0.201993	0.426794	0.199219
175.000000	0.015130	0.015130	-0.366925	0.416070	0.197275	0.412973	0.198076
170.000000	0.023451	0.023451	-0.334939	0.424060	0.204063	0.417911	0.207199
165.000000	0.025041	0.025041	-0.322785	0.411804	0.200804	0.422853	0.210029
160.000000	0.025232	0.025232	-0.277524	0.415234	0.203872	0.416499	0.208107
155.000000	0.018290	0.018290	-0.236555	0.407494	0.202160	0.421708	0.209543
150.000000	0.004103	0.004103	-0.277731	0.418347	0.200156	0.423164	0.201936
145.000000	0.007790	-0.007790	-0.314843	0.428516	0.193443	0.408830	0.200498
140.000000	0.009905	-0.009905	-0.330677	0.417611	0.196633	0.416907	0.193817
135.000000	0.088107	0.088107	-1.596155	0.414607	0.216011	0.358195	0.120412
130.000000	0.001354	-0.001354	-0.331893	0.401704	0.191618	0.439819	0.189247
125.000000	0.016112	0.016112	-0.330834	0.413850	0.192686	0.428568	0.177481
120.000000	0.038038	0.038038	-0.308813	0.413455	0.203697	0.426137	0.172064
115.000000	0.069098	0.069098	-0.256980	0.416396	0.193466	0.439713	0.152082
110.000000	0.132711	0.132711	-0.213948	0.418785	0.203530	0.474478	0.110079
105.000000	0.399059	0.399059	0.070355	0.420134	0.201378	0.473990	0.062980
100.000000	0.858201	0.858201	0.520241	0.410462	0.202659	0.459526	0.107893
95.000000	0.987084	0.987084	0.649082	0.417620	0.205183	0.423997	0.177223
90.000000	1.068772	1.068772	0.742705	0.412748	0.207672	0.406797	0.205495
85.000000	1.143410	1.143410	0.833787	0.427226	0.217019	0.412072	0.204409
80.000000	1.214952	1.214952	0.906746	0.411595	0.216789	0.432129	0.202535
75.000000	1.273923	1.273923	0.981351	0.408543	0.209647	0.452160	0.210667
70.000000	1.319661	1.319661	1.024181	0.389072	0.203129	0.428367	0.201566
65.000000	1.362328	1.362328	1.041386	0.389432	0.200933	0.442919	0.204590
60.000000	1.392516	1.392516	1.083717	0.377515	0.188853	0.428181	0.202101
55.000000	1.413995	1.413995	1.123130	0.388382	0.194423	0.425780	0.200830
50.000000	1.440927	1.440927	1.153690	0.381398	0.187930	0.447631	0.210712
45.000000	1.459942	1.459942	1.203009	0.389021	0.184853	0.439789	0.208706
40.000000	1.478602	1.478602	1.240222	0.383507	0.186447	0.453804	0.215400
35.000000	1.495323	1.495323	1.302816	0.391303	0.190365	0.452923	0.211675
30.000000	1.509383	1.509383	1.360338	0.401436	0.196839	0.446713	0.210551
25.000000	1.527128	1.527128	1.400016	0.408832	0.191657	0.446602	0.210366
20.000000	1.549038	1.549038	1.420041	0.410766	0.189911	0.439040	0.206498
15.000000	1.566889	1.566889	1.435062	0.396103	0.187985	0.436593	0.209288
10.000000	1.583059	1.583059	1.476738	0.415503	0.197486	0.430453	0.200093
5.000000	1.594232	1.594232	1.509128	0.397502	0.190144	0.430552	0.202398
0.000000	1.603379	1.603379	1.537626	0.408765	0.195546	0.424916	0.194826
