255.000000	0.000000	0.000000	0.000000	0.347549	0.029738	0.389191	0.164154
250.000000	0.016983	-0.016983	0.017773	0.351447	0.030714	0.392697	0.164458
245.000000	0.016063	-0.016063	0.013660	0.346865	0.029888	0.389213	0.165213
240.000000	0.052032	-0.052032	0.064256	0.350610	0.032351	0.388669	0.162522
235.000000	0.076023	-0.076023	0.101090	0.350785	0.033826	0.390491	0.162993
230.000000	0.090556	-0.090556	0.126301	0.355229	0.035977	0.392453	0.163103
225.000000	0.122995	-0.122995	0.182342	0.349739	0.040109	0.389001	0.158932
220.000000	0.144959	-0.144959	0.226797	0.353043	0.045219	0.389464	0.160328
215.000000	0.165575	-0.165575	0.276589	0.352339	0.052680	0.385108	0.157467
210.000000	0.173755	-0.173755	0.304525	0.358484	0.058067	0.387087	0.157381
205.000000	0.178673	-0.178673	0.328376	0.357272	0.063250	0.387368	0.155257
200.000000	0.180957	-0.180957	0.339290	0.353888	0.065373	0.389369	0.156313
195.000000	0.183692	-0.183692	0.355060	0.355851	0.069672	0.386097	0.155281
190.000000	0.186193	-0.186193	0.373658	0.351414	0.073631	0.387988	0.153442
185.000000	0.185254	-0.185254	0.385840	0.352072	0.078041	0.390982	0.155967
180.000000	0.186392	-0.186392	0.398698	0.349918	0.081245	0.388985	0.154071
175.000000	0.185450	-0.185450	0.406843	0.350474	0.083681	0.389532	0.152139
170.000000	0.183671	-0.183671	0.415835	0.348017	0.086374	0.389491	0.151873
165.000000	0.185431	-0.185431	0.411735	0.343978	0.084086	0.388728	0.151777
160.000000	0.186083	-0.186083	0.404632	0.347764	0.082467	0.388952	0.152477
155.000000	0.188223	-0.188223	0.389831	0.352040	0.079289	0.390326	0.153586
150.000000	0.189390	-0.189390	0.366965	0.352868	0.074010	0.388113	0.154873
145.000000	0.188461	-0.188461	0.338788	0.359370	0.067332	0.387027	0.156982
140.000000	0.186326	-0.186326	0.311818	0.358715	0.061127	0.386396	0.156466
135.000000	0.183175	-0.183175	0.293071	0.356530	0.057760	0.387335	0.157308
130.000000	0.182297	-0.182297	0.286406	0.352902	0.056096	0.388627	0.156384
125.000000	0.189624	-0.189624	0.315270	0.354903	0.061835	0.391044	0.157706
120.000000	0.189612	-0.189612	0.330442	0.359769	0.065557	0.387490	0.154252
115.000000	0.188860	-0.188860	0.349955	0.360327	0.069440	0.391008	0.154507
110.000000	0.187156	-0.187156	0.367325	0.357617	0.072222	0.391639	0.154071
105.000000	0.182519	-0.182519	0.371452	0.353528	0.070624	0.388772	0.154153
100.000000	0.178754	-0.178754	0.376445	0.356625	0.068196	0.394285	0.154666
95.000000	0.173302	-0.173302	0.391310	0.357230	0.065399	0.396888	0.154842
90.000000	0.167660	-0.167660	0.420545	0.360206	0.063691	0.405034	0.155552
85.000000	0.169535	-0.169535	0.469165	0.362376	0.061198	0.408498	0.159118
80.000000	0.176673	-0.176673	0.527906	0.363845	0.057795	0.411403	0.158485
75.000000	0.187074	-0.187074	0.611360	0.364295	0.056468	0.404362	0.162341
70.000000	0.197370	-0.197370	0.708046	0.363695	0.057135	0.396476	0.163432
65.000000	0.178803	-0.178803	0.811823	0.368045	0.066270	0.390221	0.163879
60.000000	0.138810	-0.138810	0.914296	0.360182	0.075104	0.385961	0.162026
55.000000	0.080951	-0.080951	1.015023	0.352866	0.083681	0.383119	0.156452
50.000000	0.005422	-0.005422	1.116624	0.356157	0.095022	0.380512	0.156271
45.000000	0.067861	0.067861	1.211175	0.346566	0.100082	0.377730	0.148659
40.000000	0.130337	0.130337	1.297459	0.344849	0.101248	0.387978	0.150013
35.000000	0.186051	0.186051	1.371496	0.347945	0.106190	0.381679	0.148540
30.000000	0.235320	0.235320	1.438987	0.349481	0.104405	0.381834	0.145330
25.000000	0.274696	0.274696	1.494931	0.353009	0.104806	0.379646	0.145037
20.000000	0.312378	0.312378	1.541321	0.348400	0.103409	0.373301	0.140882
15.000000	0.349309	0.349309	1.584065	0.354219	0.104508	0.369259	0.139950
10.000000	0.385311	0.385311	1.616234	0.351113	0.105697	0.385831	0.145867
5.000000	0.393768	0.393768	1.643683	0.352627	0.102059	0.378359	0.141483
0.000000	0.404925	0.404925	1.668961	0.350292	0.097933	0.376107	0.140743
