0.000000	0.407414
5.000000	0.400834
10.000000	0.387712
15.000000	0.371996
20.000000	0.355917
25.000000	0.341097
30.000000	0.324878
35.000000	0.314160
40.000000	0.320064
45.000000	0.330789
50.000000	0.362614
55.000000	0.418160
60.000000	0.487718
65.000000	0.601263
70.000000	0.719090
75.000000	0.829894
80.000000	0.871458
85.000000	0.938965
90.000000	0.980599
95.000000	0.994504
100.000000	1.000000
105.000000	0.999544
110.000000	0.996301
115.000000	0.991958
120.000000	0.989761
125.000000	0.987733
130.000000	0.984983
135.000000	0.982047
140.000000	0.980554
145.000000	0.979104
150.000000	0.977438
155.000000	0.976775
160.000000	0.975680
165.000000	0.975424
170.000000	0.974798
175.000000	0.974618
180.000000	0.974335
185.000000	0.973868
190.000000	0.973397
195.000000	0.972985
200.000000	0.972770
205.000000	0.972615
210.000000	0.972585
215.000000	0.972351
220.000000	0.972327
225.000000	0.971915
230.000000	0.972282
235.000000	0.972296
240.000000	0.972384
245.000000	0.972125
250.000000	0.972281
255.000000	0.972730
