0.000000	0.841851
5.000000	0.842459
10.000000	0.842769
15.000000	0.848078
20.000000	0.853417
25.000000	0.856869
30.000000	0.869244
35.000000	0.884950
40.000000	0.893408
45.000000	0.921824
50.000000	0.934752
55.000000	0.966250
60.000000	0.981654
65.000000	1.000000
70.000000	0.988205
75.000000	0.970287
80.000000	0.907899
85.000000	0.834679
90.000000	0.767399
95.000000	0.693394
100.000000	0.649408
105.000000	0.601825
110.000000	0.573880
115.000000	0.558983
120.000000	0.547156
125.000000	0.539157
130.000000	0.534837
135.000000	0.531486
140.000000	0.528145
145.000000	0.525794
150.000000	0.524848
155.000000	0.523799
160.000000	0.523270
165.000000	0.522947
170.000000	0.522742
175.000000	0.522623
180.000000	0.522567
185.000000	0.522585
190.000000	0.522573
195.000000	0.522628
200.000000	0.522608
205.000000	0.522590
210.000000	0.522607
215.000000	0.522683
220.000000	0.522654
225.000000	0.522542
230.000000	0.522611
235.000000	0.522588
240.000000	0.522713
245.000000	0.522451
250.000000	0.522080
255.000000	0.521948
