0.000000	0.997613
5.000000	0.998681
10.000000	0.996922
15.000000	1.000000
20.000000	0.996628
25.000000	0.996168
30.000000	0.987807
35.000000	0.984937
40.000000	0.980150
45.000000	0.965808
50.000000	0.959224
55.000000	0.947379
60.000000	0.937620
65.000000	0.925277
70.000000	0.918077
75.000000	0.914468
80.000000	0.908927
85.000000	0.906064
90.000000	0.899857
95.000000	0.893589
100.000000	0.889934
105.000000	0.886017
110.000000	0.883691
115.000000	0.882510
120.000000	0.881334
125.000000	0.880679
130.000000	0.880438
135.000000	0.879985
140.000000	0.879606
145.000000	0.879250
150.000000	0.878999
155.000000	0.878909
160.000000	0.878462
165.000000	0.878378
170.000000	0.878121
175.000000	0.878102
180.000000	0.878150
185.000000	0.878175
190.000000	0.878184
195.000000	0.878214
200.000000	0.878340
205.000000	0.878208
210.000000	0.878036
215.000000	0.878105
220.000000	0.877635
225.000000	0.877176
230.000000	0.876893
235.000000	0.876139
240.000000	0.875869
245.000000	0.875352
250.000000	0.875313
255.000000	0.875219
