0.000000	0.691158
5.000000	0.696709
10.000000	0.700651
15.000000	0.716269
20.000000	0.731086
25.000000	0.756980
30.000000	0.776595
35.000000	0.824429
40.000000	0.855349
45.000000	0.884331
50.000000	0.934148
55.000000	0.973418
60.000000	1.000000
65.000000	0.986292
70.000000	0.953347
75.000000	0.870401
80.000000	0.745415
85.000000	0.639074
90.000000	0.548075
95.000000	0.430882
100.000000	0.344484
105.000000	0.308085
110.000000	0.278249
115.000000	0.259189
120.000000	0.246613
125.000000	0.241586
130.000000	0.234633
135.000000	0.230152
140.000000	0.227267
145.000000	0.224973
150.000000	0.223337
155.000000	0.222273
160.000000	0.221253
165.000000	0.220397
170.000000	0.219738
175.000000	0.219521
180.000000	0.219709
185.000000	0.218361
190.000000	0.219921
195.000000	0.220042
200.000000	0.220181
205.000000	0.220066
210.000000	0.220222
215.000000	0.220041
220.000000	0.220165
225.000000	0.220021
230.000000	0.220016
235.000000	0.210427
240.000000	0.220033
245.000000	0.219919
250.000000	0.219846
255.000000	0.219769
