255.000000	0.000000	0.000000	0.000000	0.354685	0.318752	0.378720	0.364278
250.000000	0.024025	0.024025	-0.047230	0.357129	0.309481	0.384902	0.363432
245.000000	0.048730	0.048730	-0.067813	0.359196	0.302655	0.379365	0.356085
240.000000	0.062261	0.062261	-0.036623	0.366822	0.313231	0.390232	0.353453
235.000000	0.083549	0.083549	-0.059959	0.355058	0.293357	0.375033	0.339401
230.000000	0.100388	0.100388	-0.022014	0.365216	0.307630	0.376258	0.331684
225.000000	0.108860	0.108860	0.105502	0.369163	0.328477	0.377094	0.315488
220.000000	0.124671	0.124671	0.069469	0.365026	0.316661	0.374410	0.323677
215.000000	0.148344	0.148344	0.061759	0.368586	0.315916	0.365964	0.315654
210.000000	0.173537	0.173537	0.255349	0.362959	0.334139	0.388835	0.294706
205.000000	0.186843	0.186843	0.256494	0.368884	0.338195	0.389231	0.298069
200.000000	0.192194	0.192194	0.277517	0.372212	0.343658	0.388739	0.299700
195.000000	0.194557	0.194557	0.253243	0.367763	0.334130	0.385779	0.305973
190.000000	0.222937	0.222937	0.271586	0.369026	0.336262	0.387825	0.308775
185.000000	0.249000	0.249000	0.364023	0.368987	0.342346	0.385758	0.294422
180.000000	0.219438	0.219438	0.227159	0.368860	0.330081	0.371606	0.314727
175.000000	0.225918	0.225918	0.182408	0.364369	0.316051	0.369283	0.321071
170.000000	0.253469	0.253469	0.272097	0.373730	0.334007	0.376852	0.312345
165.000000	0.249466	0.249466	-0.049567	0.365770	0.273847	0.355528	0.360014
160.000000	0.261466	0.261466	0.121936	0.358698	0.290706	0.364942	0.330726
155.000000	0.270887	0.270887	0.175110	0.371001	0.310901	0.363184	0.316035
150.000000	0.279616	0.279616	0.204407	0.367212	0.309638	0.357803	0.304409
145.000000	0.291405	0.291405	0.297627	0.365384	0.318618	0.368741	0.295299
140.000000	0.288339	0.288339	0.207332	0.370460	0.312113	0.359391	0.303762
135.000000	0.298001	0.298001	0.263816	0.363097	0.310575	0.364410	0.290130
130.000000	0.292370	0.292370	0.200640	0.370911	0.309104	0.357124	0.293986
125.000000	0.313429	0.313429	0.258456	0.367965	0.312520	0.358897	0.282641
120.000000	0.352004	0.352004	0.483297	0.359946	0.335270	0.363133	0.263207
115.000000	0.339270	0.339270	0.399965	0.362368	0.326260	0.358899	0.260526
110.000000	0.315416	0.315416	0.303502	0.357883	0.313299	0.343618	0.258662
105.000000	0.338379	0.338379	0.346589	0.366528	0.322868	0.364414	0.253642
100.000000	0.374114	0.374114	0.468429	0.358837	0.327707	0.359678	0.249061
95.000000	0.376665	0.376665	0.464220	0.356847	0.327488	0.354585	0.242400
90.000000	0.385746	0.385746	0.460091	0.359691	0.325881	0.370235	0.245797
85.000000	0.380698	0.380698	0.422298	0.359112	0.320408	0.358152	0.238593
80.000000	0.379095	0.379095	0.395043	0.363799	0.321342	0.353796	0.238882
75.000000	0.376565	0.376565	0.385347	0.364613	0.319440	0.361021	0.241572
70.000000	0.388916	0.388916	0.414125	0.364550	0.323924	0.357549	0.235442
65.000000	0.376765	0.376765	0.365405	0.362950	0.314709	0.362383	0.235416
60.000000	0.380846	0.380846	0.382141	0.361797	0.320009	0.355446	0.234752
55.000000	0.370446	0.370446	0.342777	0.365931	0.312849	0.362681	0.240717
50.000000	0.367331	0.367331	0.320251	0.364262	0.309299	0.353257	0.233721
45.000000	0.372520	0.372520	0.330420	0.365211	0.311627	0.353787	0.234128
40.000000	0.367587	0.367587	0.332160	0.368419	0.313784	0.362494	0.241015
35.000000	0.364840	0.364840	0.319238	0.365623	0.311504	0.345390	0.232542
30.000000	0.359954	0.359954	0.294744	0.363861	0.307201	0.358427	0.241378
25.000000	0.379344	0.379344	0.371319	0.359349	0.313036	0.357659	0.229207
20.000000	0.366849	0.366849	0.307696	0.366410	0.304412	0.354968	0.238268
15.000000	0.366149	0.366149	-0.138023	0.360583	0.231214	0.344320	0.294723
10.000000	0.381876	0.381876	0.363545	0.358513	0.308388	0.348194	0.230279
5.000000	0.398675	0.398675	0.443038	0.360451	0.319239	0.353760	0.230417
0.000000	0.369998	0.369998	0.332294	0.360272	0.306989	0.359425	0.239320
