255.000000	0.000000	0.000000	0.000000	0.358472	0.059146	0.452835	0.080517
250.000000	0.002553	0.002553	-0.100294	0.363509	0.054863	0.447851	0.081328
245.000000	0.009952	0.009952	-0.251691	0.362007	0.051171	0.447986	0.084516
240.000000	0.021742	0.021742	-0.403097	0.353882	0.049105	0.450690	0.089922
235.000000	0.014188	0.014188	-0.490250	0.349562	0.049531	0.455377	0.094169
230.000000	0.022257	-0.022257	-0.477747	0.354883	0.049851	0.456042	0.095434
225.000000	0.059368	-0.059368	-0.375624	0.361175	0.051109	0.453840	0.092103
220.000000	0.072435	-0.072435	-0.275707	0.368744	0.053709	0.451186	0.087659
215.000000	0.044939	-0.044939	-0.209188	0.371340	0.054582	0.451613	0.084508
210.000000	0.022824	-0.022824	-0.060883	0.364766	0.058448	0.453801	0.080738
205.000000	0.013170	-0.013170	0.064973	0.367134	0.064141	0.455694	0.079496
200.000000	0.003476	-0.003476	0.133516	0.370781	0.068162	0.459678	0.079527
195.000000	0.000960	-0.000960	0.131856	0.371910	0.067666	0.460344	0.079520
190.000000	0.002143	0.002143	0.116786	0.367547	0.066131	0.459747	0.079692
185.000000	0.001431	0.001431	0.097371	0.365542	0.065051	0.459798	0.080055
180.000000	0.000085	0.000085	0.064683	0.363795	0.062730	0.456981	0.079973
175.000000	0.001658	-0.001658	0.035849	0.360606	0.061346	0.455948	0.080054
170.000000	0.001439	-0.001439	0.040558	0.361506	0.061728	0.454857	0.080577
165.000000	0.000012	-0.000012	0.046186	0.364535	0.061642	0.454458	0.080463
160.000000	0.002525	0.002525	0.070136	0.366323	0.063183	0.455509	0.080338
155.000000	0.004736	0.004736	0.091691	0.366111	0.063794	0.456078	0.080815
150.000000	0.007354	0.007354	0.113025	0.366648	0.065044	0.457419	0.080636
145.000000	0.009111	0.009111	0.138070	0.368070	0.066171	0.463245	0.081204
140.000000	0.011000	0.011000	0.146408	0.370815	0.066675	0.458811	0.080818
135.000000	0.012115	0.012115	0.160270	0.369626	0.067320	0.459001	0.080233
130.000000	0.014904	0.014904	0.172843	0.368500	0.067593	0.463142	0.080593
125.000000	0.019527	0.019527	0.187882	0.366666	0.067724	0.463869	0.080674
120.000000	0.024152	0.024152	0.199703	0.368977	0.068394	0.463237	0.080417
115.000000	0.030575	0.030575	0.228968	0.365949	0.068930	0.465886	0.080616
110.000000	0.036499	0.036499	0.256238	0.364562	0.068857	0.465151	0.079974
105.000000	0.040549	0.040549	0.286083	0.358845	0.067582	0.464597	0.079148
100.000000	0.047181	0.047181	0.328724	0.351213	0.065819	0.469771	0.079835
95.000000	0.054969	0.054969	0.405621	0.345314	0.064049	0.461439	0.079029
90.000000	0.057939	0.057939	0.518658	0.334283	0.061325	0.459964	0.079238
85.000000	0.045269	0.045269	0.651388	0.326953	0.058825	0.464352	0.081725
80.000000	0.027222	0.027222	0.813560	0.335226	0.059718	0.463256	0.086426
75.000000	0.014234	0.014234	0.976510	0.353409	0.063350	0.464380	0.090674
70.000000	0.007976	0.007976	1.123272	0.366274	0.070611	0.466917	0.095956
65.000000	0.013522	0.013522	1.254090	0.369482	0.073566	0.468677	0.102061
60.000000	0.024576	0.024576	1.370148	0.377439	0.077888	0.459004	0.105362
55.000000	0.031017	0.031017	1.472428	0.368125	0.077179	0.463793	0.111682
50.000000	0.026326	0.026326	1.561245	0.378182	0.078488	0.464479	0.115422
45.000000	0.009645	0.009645	1.643185	0.363726	0.076993	0.459003	0.115329
40.000000	0.018002	0.018002	1.711276	0.366542	0.076441	0.446579	0.115887
35.000000	0.033012	0.033012	1.771824	0.363112	0.073880	0.448783	0.117968
30.000000	0.054462	0.054462	1.821155	0.361291	0.072385	0.445300	0.120749
25.000000	0.075527	0.075527	1.867983	0.362902	0.069168	0.448983	0.123645
20.000000	0.091021	0.091021	1.904969	0.363965	0.067278	0.445930	0.125339
15.000000	0.101575	0.101575	1.939381	0.360619	0.065404	0.443870	0.127507
10.000000	0.102769	0.102769	1.966034	0.362648	0.063390	0.443669	0.128520
5.000000	0.089856	0.089856	1.988037	0.360669	0.063910	0.446432	0.128949
0.000000	0.071247	0.071247	2.002639	0.359382	0.063909	0.443353	0.127668
