0.000000	0.858232
5.000000	0.859595
10.000000	0.858700
15.000000	0.859193
20.000000	0.858439
25.000000	0.858014
30.000000	0.858381
35.000000	0.857551
40.000000	0.857611
45.000000	0.856931
50.000000	0.858513
55.000000	0.858389
60.000000	0.857779
65.000000	0.858028
70.000000	0.857431
75.000000	0.855789
80.000000	0.855419
85.000000	0.854863
90.000000	0.855783
95.000000	0.855310
100.000000	0.855127
105.000000	0.856116
110.000000	0.854405
115.000000	0.853819
120.000000	0.855560
125.000000	0.855686
130.000000	0.855487
135.000000	0.852509
140.000000	0.853470
145.000000	0.852706
150.000000	0.854166
155.000000	0.849991
160.000000	0.851558
165.000000	0.848727
170.000000	0.850754
175.000000	0.855452
180.000000	0.854663
185.000000	0.854168
190.000000	0.851824
195.000000	0.855055
200.000000	0.862276
205.000000	0.861254
210.000000	0.868809
215.000000	0.882946
220.000000	0.880441
225.000000	0.905955
230.000000	0.904369
235.000000	0.934974
240.000000	0.949841
245.000000	0.960339
250.000000	0.988894
255.000000	1.000000
