0.000000	0.604423
5.000000	0.605602
10.000000	0.604603
15.000000	0.603269
20.000000	0.603179
25.000000	0.603235
30.000000	0.605679
35.000000	0.603400
40.000000	0.603575
45.000000	0.603020
50.000000	0.606572
55.000000	0.603321
60.000000	0.606573
65.000000	0.604840
70.000000	0.604511
75.000000	0.598926
80.000000	0.590187
85.000000	0.585646
90.000000	0.574176
95.000000	0.569039
100.000000	0.555711
105.000000	0.543948
110.000000	0.530457
115.000000	0.520518
120.000000	0.500454
125.000000	0.487625
130.000000	0.473461
135.000000	0.451386
140.000000	0.428193
145.000000	0.409502
150.000000	0.387015
155.000000	0.362491
160.000000	0.337412
165.000000	0.308997
170.000000	0.287266
175.000000	0.259362
180.000000	0.240443
185.000000	0.217377
190.000000	0.201231
195.000000	0.186323
200.000000	0.182754
205.000000	0.187518
210.000000	0.205538
215.000000	0.235133
220.000000	0.283974
225.000000	0.343497
230.000000	0.427663
235.000000	0.526792
240.000000	0.647549
245.000000	0.753082
250.000000	0.874647
255.000000	1.000000
