0.000000	0.638759
5.000000	0.634470
10.000000	0.630190
15.000000	0.621788
20.000000	0.611196
25.000000	0.595364
30.000000	0.575509
35.000000	0.549068
40.000000	0.517084
45.000000	0.480790
50.000000	0.467664
55.000000	0.439235
60.000000	0.416222
65.000000	0.411461
70.000000	0.435496
75.000000	0.494940
80.000000	0.587809
85.000000	0.631639
90.000000	0.745815
95.000000	0.806373
100.000000	0.873105
105.000000	0.918676
110.000000	0.941178
115.000000	0.959793
120.000000	0.973823
125.000000	0.983698
130.000000	0.988271
135.000000	0.992116
140.000000	0.994320
145.000000	0.996099
150.000000	0.997334
155.000000	0.997865
160.000000	0.998388
165.000000	0.998738
170.000000	0.999108
175.000000	0.999128
180.000000	0.999277
185.000000	0.999398
190.000000	0.999934
195.000000	0.999789
200.000000	1.000000
205.000000	0.999858
210.000000	0.999605
215.000000	0.999707
220.000000	0.999934
225.000000	0.999880
230.000000	0.999721
235.000000	0.999598
240.000000	0.999719
245.000000	0.999559
250.000000	0.999605
255.000000	0.999413
