255.000000	0.000000	0.000000	0.000000	0.461214	0.027249	0.481287	0.149747
250.000000	0.079779	-0.221648	0.381206	0.462474	0.019616	0.477006	0.152467
245.000000	0.150565	-0.416457	0.717587	0.453483	0.039399	0.492887	0.156262
240.000000	0.154746	-0.446303	0.755795	0.453802	0.058084	0.489542	0.161360
235.000000	0.195550	-0.446382	0.837482	0.447021	0.083210	0.513594	0.168997
230.000000	0.247218	-0.436691	0.931128	0.459444	0.089038	0.500230	0.187667
225.000000	0.317304	-0.409073	1.043680	0.458408	0.099526	0.506990	0.202544
220.000000	0.290056	-0.412251	0.992362	0.468953	0.125783	0.517756	0.200894
215.000000	0.324721	-0.411224	1.060666	0.472518	0.124313	0.519624	0.198486
210.000000	0.362439	-0.374589	1.099467	0.472808	0.132705	0.516060	0.222801
205.000000	0.398063	-0.383237	1.179363	0.467211	0.132051	0.512409	0.223449
200.000000	0.446484	-0.349920	1.242889	0.464485	0.127947	0.503178	0.251416
195.000000	0.438201	-0.346723	1.223125	0.483830	0.145980	0.516603	0.240766
190.000000	0.476640	-0.347639	1.300920	0.471290	0.144965	0.503724	0.246786
185.000000	0.503203	-0.323197	1.329602	0.476349	0.139304	0.504074	0.264490
180.000000	0.509129	-0.331781	1.350040	0.472295	0.148688	0.497165	0.256873
175.000000	0.530878	-0.302970	1.364726	0.467940	0.139668	0.495494	0.270945
170.000000	0.559199	-0.328597	1.446995	0.470003	0.144098	0.496850	0.264818
165.000000	0.548512	-0.304053	1.401077	0.472747	0.140833	0.499925	0.268964
160.000000	0.569922	-0.321028	1.460871	0.468942	0.147629	0.492497	0.265685
155.000000	0.602625	-0.313579	1.518830	0.457517	0.133351	0.498384	0.275547
150.000000	0.628915	-0.328194	1.586025	0.472422	0.140919	0.498544	0.268507
145.000000	0.648093	-0.327391	1.623577	0.466000	0.130662	0.504342	0.269810
140.000000	0.663478	-0.334529	1.661485	0.472710	0.139467	0.498919	0.261957
135.000000	0.656437	-0.323912	1.636785	0.466424	0.134832	0.500644	0.267975
130.000000	0.667951	-0.331438	1.667340	0.469458	0.142551	0.495204	0.262148
125.000000	0.663760	-0.326608	1.654129	0.473201	0.137428	0.497098	0.264838
120.000000	0.645296	-0.316532	1.607123	0.479101	0.143332	0.486419	0.265790
115.000000	0.638787	-0.296939	1.574512	0.462259	0.142553	0.484209	0.271282
110.000000	0.652081	-0.314956	1.619118	0.478888	0.142013	0.491328	0.262094
105.000000	0.648740	-0.304561	1.602042	0.476285	0.145041	0.481806	0.267487
100.000000	0.646967	-0.307240	1.601173	0.471037	0.146907	0.477746	0.263309
95.000000	0.641968	-0.289180	1.573117	0.466101	0.146416	0.480068	0.267751
90.000000	0.647198	-0.305043	1.599440	0.477451	0.145527	0.480250	0.260771
85.000000	0.648472	-0.294979	1.591923	0.463349	0.140674	0.483141	0.266446
80.000000	0.655694	-0.306003	1.617390	0.479579	0.145941	0.480683	0.260646
75.000000	0.652315	-0.300742	1.605372	0.476063	0.144531	0.481872	0.263071
70.000000	0.666932	-0.304339	1.638203	0.470710	0.140535	0.487646	0.260891
65.000000	0.671076	-0.314453	1.656604	0.481447	0.142996	0.486119	0.254752
60.000000	0.691670	-0.328029	1.711369	0.474394	0.139115	0.499000	0.251128
55.000000	0.674725	-0.332417	1.681866	0.479272	0.143721	0.494180	0.252514
50.000000	0.675057	-0.319177	1.669291	0.473349	0.143208	0.487804	0.258280
45.000000	0.660240	-0.299328	1.619809	0.464818	0.141367	0.479420	0.266048
40.000000	0.647848	-0.308377	1.604074	0.474271	0.146669	0.475620	0.261761
35.000000	0.634634	-0.284848	1.554117	0.461974	0.145561	0.474094	0.269028
30.000000	0.632292	-0.305580	1.570164	0.477690	0.149396	0.473842	0.264569
25.000000	0.634174	-0.314200	1.582548	0.476917	0.145848	0.475697	0.266939
20.000000	0.636857	-0.320868	1.594583	0.467663	0.137874	0.475409	0.271145
15.000000	0.649770	-0.340873	1.640413	0.479146	0.142650	0.477981	0.262572
10.000000	0.640055	-0.311100	1.591210	0.466874	0.140366	0.480858	0.266822
5.000000	0.615624	-0.295548	1.526796	0.478371	0.153721	0.473220	0.262459
0.000000	0.629690	-0.285593	1.544974	0.471647	0.152698	0.482039	0.260111
