255.000000	0.000000	0.000000	0.000000	0.406420	0.302827	0.369341	0.264140
250.000000	0.019355	-0.178438	-0.019355	0.406551	0.300425	0.376088	0.276507
245.000000	0.017824	-0.233391	-0.017824	0.410035	0.303353	0.376381	0.283279
240.000000	0.195074	0.141860	-0.195074	0.401873	0.293357	0.389768	0.299712
235.000000	0.259135	0.620687	-0.259135	0.383028	0.285222	0.370835	0.301498
230.000000	0.182760	0.267838	-0.182760	0.410101	0.293495	0.381308	0.314668
225.000000	0.023373	-0.229402	-0.023373	0.387777	0.286290	0.371624	0.315585
220.000000	0.310544	0.231437	-0.310544	0.397979	0.285356	0.360786	0.316627
215.000000	0.344689	-0.049374	-0.344689	0.391335	0.282487	0.347767	0.310742
210.000000	0.359231	0.221428	-0.359231	0.405893	0.294684	0.320747	0.294234
205.000000	0.711130	-0.314571	-0.711130	0.339819	0.132078	0.239504	0.140102
200.000000	0.583360	0.740532	-0.583360	0.368969	0.263682	0.316065	0.287343
195.000000	0.682182	0.250102	-0.682182	0.388280	0.276384	0.317741	0.283665
190.000000	0.685737	-0.343378	-0.685737	0.389476	0.272728	0.343415	0.315368
185.000000	0.706927	-0.083891	-0.706927	0.397049	0.278210	0.356214	0.323729
180.000000	0.756406	0.680513	-0.756406	0.371255	0.253175	0.310147	0.270473
175.000000	0.801687	1.073450	-0.801687	0.387933	0.267581	0.318413	0.275719
170.000000	0.834990	1.263889	-0.834990	0.395921	0.277659	0.346966	0.303123
165.000000	0.858552	1.300791	-0.858552	0.393082	0.279682	0.343225	0.296517
160.000000	0.892352	1.257553	-0.892352	0.393576	0.275814	0.352492	0.298432
155.000000	0.909177	1.282885	-0.909177	0.394507	0.277220	0.349222	0.292219
150.000000	0.926473	1.294037	-0.926473	0.395058	0.278638	0.348872	0.288540
145.000000	0.944370	1.163408	-0.944370	0.393779	0.273011	0.353454	0.286879
140.000000	0.924944	1.292252	-0.924944	0.389650	0.274624	0.352704	0.284412
135.000000	0.951149	1.411791	-0.951149	0.393498	0.277672	0.358222	0.288158
130.000000	0.965692	1.083630	-0.965692	0.399590	0.273663	0.340216	0.266311
125.000000	0.966916	1.203897	-0.966916	0.401833	0.278433	0.343288	0.267301
120.000000	0.969675	1.309135	-0.969675	0.396184	0.275947	0.350069	0.273755
115.000000	0.988750	1.351356	-0.988750	0.402278	0.282135	0.341474	0.266213
110.000000	0.996987	1.477048	-0.996987	0.388597	0.277846	0.352027	0.272760
105.000000	0.999885	1.423561	-0.999885	0.390192	0.277121	0.356601	0.275502
100.000000	1.002207	1.470421	-1.002207	0.406439	0.286657	0.352051	0.270510
95.000000	1.009377	1.366077	-1.009377	0.395708	0.280859	0.343660	0.264760
90.000000	1.008733	1.322257	-1.008733	0.385299	0.271956	0.349012	0.263930
85.000000	1.011807	1.320336	-1.011807	0.387726	0.275229	0.347333	0.261436
80.000000	1.016370	1.356503	-1.016370	0.386047	0.274936	0.346679	0.263367
75.000000	1.024247	1.374828	-1.024247	0.392032	0.280542	0.343784	0.258834
70.000000	1.028621	1.375883	-1.028621	0.384169	0.275121	0.352926	0.263778
65.000000	1.027070	1.516916	-1.027070	0.397624	0.290255	0.352129	0.266216
60.000000	1.032537	1.453943	-1.032537	0.387013	0.276014	0.357174	0.266397
55.000000	1.090794	0.821707	-1.090794	0.404797	0.272553	0.365866	0.266789
50.000000	1.007333	0.187866	-1.007333	0.383984	0.260840	0.370334	0.272068
45.000000	1.107150	0.384294	-1.107150	0.389640	0.259457	0.385488	0.279731
40.000000	1.128041	0.410767	-1.128041	0.393924	0.265206	0.374744	0.270719
35.000000	1.032368	0.549449	-1.032368	0.390497	0.256938	0.378029	0.266810
30.000000	1.077365	0.897524	-1.077365	0.390726	0.270841	0.355654	0.261525
25.000000	1.056043	1.225146	-1.056043	0.414502	0.255417	0.356278	0.235034
20.000000	1.002828	-0.485360	-1.002828	0.366389	0.247870	0.373007	0.281126
15.000000	1.219421	0.401549	-1.219421	0.395943	0.241062	0.379279	0.261436
10.000000	1.039664	-0.234726	-1.039664	0.374978	0.252853	0.364008	0.271185
5.000000	1.042735	-0.023956	-1.042735	0.388153	0.264497	0.364526	0.272209
0.000000	1.031749	-0.249851	-1.031749	0.381698	0.253049	0.370581	0.276618
