255.000000	0.000000	0.000000	0.000000	0.428791	0.059008	0.383125	0.139099
250.000000	0.031955	0.136153	-0.072243	0.403936	0.052720	0.401672	0.132267
245.000000	0.071778	0.281927	-0.138372	0.428814	0.050669	0.386350	0.134543
240.000000	0.091267	0.405831	-0.223296	0.398413	0.049195	0.403560	0.127840
235.000000	0.165596	0.539156	-0.207964	0.433142	0.041567	0.410446	0.133800
230.000000	0.187976	0.675767	-0.299815	0.398961	0.041400	0.429296	0.129830
225.000000	0.240362	0.799325	-0.318601	0.433944	0.039759	0.430787	0.136807
220.000000	0.252171	0.887196	-0.382853	0.394233	0.045832	0.436352	0.134410
215.000000	0.301144	0.966192	-0.363904	0.423993	0.041933	0.443373	0.135378
210.000000	0.315747	1.051613	-0.420118	0.391221	0.049080	0.430096	0.136536
205.000000	0.358394	1.127663	-0.410876	0.411828	0.046880	0.443854	0.134112
200.000000	0.371366	1.193714	-0.450981	0.391406	0.053618	0.418636	0.132187
195.000000	0.410106	1.253577	-0.433366	0.403843	0.050473	0.432144	0.132217
190.000000	0.427849	1.334740	-0.479043	0.396326	0.056290	0.416366	0.125605
185.000000	0.461649	1.378087	-0.454789	0.414217	0.045919	0.430308	0.127611
180.000000	0.468184	1.408820	-0.472452	0.402579	0.058024	0.413159	0.124469
175.000000	0.462086	1.381075	-0.456904	0.398449	0.063691	0.402693	0.123149
170.000000	0.476546	1.379722	-0.426630	0.419374	0.057506	0.410800	0.125558
165.000000	0.472436	1.389667	-0.444796	0.400405	0.068492	0.393093	0.121379
160.000000	0.493178	1.408952	-0.422597	0.412292	0.062569	0.402949	0.124001
155.000000	0.508489	1.459977	-0.443000	0.402582	0.070107	0.395925	0.119266
150.000000	0.531556	1.497907	-0.434795	0.424957	0.061931	0.400530	0.123956
145.000000	0.539885	1.521144	-0.441374	0.403902	0.069620	0.403055	0.120798
140.000000	0.575282	1.604471	-0.453907	0.419026	0.062172	0.408379	0.124635
135.000000	0.592154	1.649819	-0.465512	0.408051	0.072756	0.408309	0.120719
130.000000	0.594198	1.645689	-0.457293	0.427281	0.064671	0.408654	0.124367
125.000000	0.600906	1.657132	-0.455320	0.416115	0.069081	0.415580	0.124566
120.000000	0.657917	1.818650	-0.502815	0.425883	0.067797	0.422345	0.126526
115.000000	0.665580	1.835929	-0.504769	0.431178	0.071187	0.422469	0.125920
110.000000	0.670602	1.823307	-0.482102	0.409515	0.079235	0.408538	0.120793
105.000000	0.662716	1.803454	-0.478021	0.420304	0.073902	0.417690	0.125054
100.000000	0.650696	1.765896	-0.464504	0.417673	0.077466	0.409575	0.125092
95.000000	0.638645	1.739132	-0.461842	0.426305	0.071210	0.416390	0.128487
90.000000	0.610534	1.657116	-0.436048	0.406223	0.076003	0.406545	0.125618
85.000000	0.600384	1.623828	-0.423060	0.419603	0.073147	0.409332	0.128777
80.000000	0.595656	1.609641	-0.418328	0.412529	0.077225	0.403089	0.128164
75.000000	0.591657	1.590876	-0.407562	0.417290	0.071601	0.407867	0.129749
70.000000	0.570533	1.541183	-0.400117	0.415321	0.079870	0.397468	0.126308
65.000000	0.580824	1.561852	-0.400204	0.418563	0.075812	0.406877	0.130556
60.000000	0.563688	1.526600	-0.399224	0.419273	0.080315	0.396699	0.128222
55.000000	0.540478	1.467661	-0.386704	0.424825	0.082734	0.395926	0.130372
50.000000	0.505226	1.394178	-0.383725	0.427022	0.091232	0.387685	0.127872
45.000000	0.493142	1.352655	-0.366371	0.445524	0.091657	0.376028	0.129260
40.000000	0.482724	1.350086	-0.384637	0.431817	0.095841	0.378712	0.127565
35.000000	0.493860	1.357806	-0.370086	0.438984	0.089802	0.386006	0.128883
30.000000	0.494336	1.366567	-0.377894	0.430671	0.092900	0.374158	0.126995
25.000000	0.495389	1.361545	-0.370767	0.431232	0.090508	0.385191	0.128659
20.000000	0.508748	1.388586	-0.371091	0.426594	0.088851	0.378109	0.128081
15.000000	0.514882	1.415579	-0.385815	0.422467	0.089602	0.384873	0.127405
10.000000	0.530368	1.425999	-0.365263	0.436718	0.081061	0.394566	0.131464
5.000000	0.520327	1.421045	-0.380390	0.423009	0.087917	0.391760	0.128102
0.000000	0.552286	1.484657	-0.380084	0.425402	0.076973	0.395766	0.130426
