255.000000	0.000000	0.000000	0.000000	0.375420	0.090272	0.414289	0.175204
250.000000	0.074180	0.018037	-0.074180	0.374050	0.090855	0.415371	0.176851
245.000000	0.102200	0.031602	-0.102200	0.374831	0.091742	0.418781	0.177407
240.000000	0.098481	0.032773	-0.098481	0.374518	0.091656	0.417889	0.178262
235.000000	0.104288	0.035091	-0.104288	0.375322	0.091540	0.416787	0.178022
230.000000	0.099946	0.037657	-0.099946	0.376127	0.091781	0.419152	0.178247
225.000000	0.064153	0.030123	-0.064153	0.374898	0.090856	0.416882	0.176747
220.000000	0.016796	0.018540	-0.016796	0.373428	0.090296	0.416256	0.176442
215.000000	0.034510	0.003829	0.034510	0.374266	0.089804	0.414959	0.176032
210.000000	0.082363	-0.010149	0.082363	0.380371	0.090909	0.411748	0.174320
205.000000	0.123276	-0.017770	0.123276	0.381368	0.092140	0.413662	0.174959
200.000000	0.179377	-0.027031	0.179377	0.383587	0.093647	0.411523	0.174518
195.000000	0.267642	-0.042743	0.267642	0.388151	0.098722	0.409157	0.174822
190.000000	0.350475	-0.055177	0.350475	0.390330	0.105436	0.412630	0.173427
185.000000	0.411072	-0.059877	0.411072	0.390130	0.111392	0.417881	0.172127
180.000000	0.437547	-0.058007	0.437547	0.389061	0.113752	0.418898	0.172109
175.000000	0.465311	-0.054585	0.465311	0.391878	0.117207	0.422277	0.172261
170.000000	0.509573	-0.048413	0.509573	0.388374	0.121528	0.427086	0.171601
165.000000	0.543613	-0.050822	0.543613	0.386872	0.127180	0.429387	0.170707
160.000000	0.561350	-0.054931	0.561350	0.392288	0.131632	0.432341	0.171140
155.000000	0.524657	-0.060674	0.524657	0.390329	0.125830	0.423723	0.170897
150.000000	0.489558	-0.064759	0.489558	0.390867	0.121297	0.422990	0.171250
145.000000	0.456257	-0.066657	0.456257	0.390810	0.116624	0.417606	0.171055
140.000000	0.449181	-0.068893	0.449181	0.388979	0.115021	0.419078	0.172511
135.000000	0.450645	-0.074849	0.450645	0.388624	0.116769	0.419304	0.171960
130.000000	0.452071	-0.083348	0.452071	0.389157	0.117548	0.414163	0.170127
125.000000	0.451974	-0.087609	0.451974	0.391265	0.117663	0.413416	0.170011
120.000000	0.494016	-0.097973	0.494016	0.392066	0.125619	0.418397	0.169430
115.000000	0.469445	-0.108393	0.469445	0.391615	0.122058	0.413433	0.168735
110.000000	0.392631	-0.118933	0.392631	0.396137	0.112621	0.403556	0.168993
105.000000	0.335899	-0.135698	0.335899	0.400565	0.106903	0.402175	0.169714
100.000000	0.304238	-0.170458	0.304238	0.402475	0.103616	0.397005	0.165412
95.000000	0.284114	-0.235654	0.284114	0.399574	0.099600	0.405196	0.165839
90.000000	0.277767	-0.330663	0.277767	0.399101	0.096426	0.396416	0.161832
85.000000	0.252458	-0.457258	0.252458	0.394950	0.091228	0.412868	0.163067
80.000000	0.227975	-0.607763	0.227975	0.389555	0.085863	0.430835	0.167277
75.000000	0.187557	-0.784200	0.187557	0.385950	0.075096	0.414752	0.169758
70.000000	0.166008	-0.970202	0.166008	0.388475	0.067824	0.417155	0.161343
65.000000	0.150937	-1.119838	0.150937	0.382815	0.071078	0.400869	0.149848
60.000000	0.127955	-1.238382	0.127955	0.385149	0.077386	0.420894	0.151337
55.000000	0.097769	-1.377168	0.097769	0.373157	0.071716	0.415475	0.150884
50.000000	0.078518	-1.533732	0.078518	0.376700	0.062702	0.426563	0.157255
45.000000	0.055418	-1.649230	0.055418	0.374609	0.059081	0.426237	0.156118
40.000000	0.087871	-1.835674	0.087871	0.377357	0.050987	0.423512	0.155941
35.000000	0.147550	-2.043683	0.147550	0.375378	0.052091	0.403390	0.152766
30.000000	0.159401	-2.199308	0.159401	0.380141	0.056944	0.400158	0.152590
25.000000	0.158317	-2.310521	0.158317	0.371779	0.062776	0.405741	0.149900
20.000000	0.154218	-2.385607	0.154218	0.375787	0.069520	0.406597	0.148401
15.000000	0.147056	-2.425618	0.147056	0.371910	0.071470	0.411069	0.147355
10.000000	0.129581	-2.419528	0.129581	0.372834	0.065049	0.409473	0.147748
5.000000	0.109787	-2.382375	0.109787	0.374005	0.055650	0.403551	0.148961
0.000000	0.082511	-2.338540	0.082511	0.369933	0.048690	0.406944	0.149381
