255.000000	0.000000	0.000000	0.000000	0.595417	0.251295	0.666995	0.143193
250.000000	0.150874	0.150874	-0.080134	0.586232	0.240731	0.650615	0.153574
245.000000	0.216963	0.216963	-0.024464	0.597888	0.240966	0.663245	0.108010
240.000000	0.291279	0.291279	-0.002679	0.594362	0.241942	0.655987	0.090137
235.000000	0.450066	0.450066	0.030886	0.598691	0.240568	0.644452	0.099042
230.000000	0.536051	0.536051	0.110173	0.595952	0.242656	0.643931	0.074110
225.000000	0.766173	0.766173	0.391462	0.603792	0.243794	0.646734	0.078600
220.000000	0.796080	0.796080	0.316109	0.602065	0.246767	0.642127	0.077327
215.000000	0.861548	0.861548	0.319628	0.601202	0.249129	0.637909	0.105120
210.000000	0.873894	0.873894	0.250794	0.598018	0.254510	0.637194	0.093670
205.000000	0.948224	0.948224	0.285261	0.607729	0.255909	0.642140	0.120768
200.000000	0.977033	0.977033	0.234677	0.608965	0.263351	0.645772	0.120078
195.000000	1.006597	1.006597	0.199238	0.600484	0.268111	0.635581	0.113402
190.000000	1.055282	1.055282	0.284646	0.606047	0.264655	0.643799	0.141398
185.000000	0.998017	0.998017	0.039820	0.594103	0.284356	0.643238	0.123303
180.000000	1.049029	1.049029	0.058817	0.603717	0.284182	0.652599	0.139315
175.000000	1.101508	1.101508	0.161440	0.606885	0.282316	0.651995	0.138882
170.000000	1.117485	1.117485	0.153420	0.594679	0.286237	0.642474	0.130153
165.000000	1.107300	1.107300	0.035767	0.599260	0.292951	0.655702	0.145275
160.000000	1.041008	1.041008	-0.188392	0.599200	0.300429	0.650682	0.145907
155.000000	1.082685	1.082685	-0.166540	0.601963	0.302616	0.657951	0.153471
150.000000	1.048210	1.048210	-0.292728	0.605152	0.301880	0.653017	0.161064
145.000000	1.078785	1.078785	-0.263718	0.609751	0.301116	0.658990	0.161236
140.000000	1.070738	1.070738	-0.276722	0.610529	0.301228	0.656445	0.160409
135.000000	1.091854	1.091854	-0.223702	0.609177	0.301355	0.658823	0.152988
130.000000	1.123927	1.123927	-0.145469	0.598242	0.302629	0.664766	0.154684
125.000000	1.088667	1.088667	-0.282617	0.611057	0.299631	0.657625	0.157841
120.000000	1.110184	1.110184	-0.270184	0.615185	0.298353	0.660969	0.160361
115.000000	1.160979	1.160979	-0.062155	0.601925	0.301392	0.657529	0.138879
110.000000	1.150329	1.150329	-0.142037	0.608655	0.302448	0.664982	0.150455
105.000000	1.165666	1.165666	-0.104379	0.606766	0.302619	0.659936	0.141010
100.000000	1.213728	1.213728	0.029033	0.604856	0.303423	0.663381	0.146738
95.000000	1.215451	1.215451	0.061390	0.601284	0.305388	0.661442	0.144710
90.000000	1.236570	1.236570	0.150212	0.604721	0.297118	0.664146	0.158050
85.000000	1.254215	1.254215	0.218203	0.605143	0.296374	0.660567	0.162798
80.000000	1.271647	1.271647	0.234845	0.594469	0.297198	0.650682	0.158984
75.000000	1.271595	1.271595	0.298984	0.606518	0.285988	0.660763	0.180173
70.000000	1.282070	1.282070	0.354783	0.608450	0.285071	0.650265	0.186140
65.000000	1.273320	1.273320	0.296768	0.605818	0.289814	0.653623	0.173650
60.000000	1.258724	1.258724	0.331564	0.606123	0.280834	0.659542	0.185338
55.000000	1.248264	1.248264	0.183966	0.597653	0.301704	0.658936	0.155616
50.000000	1.214252	1.214252	0.032494	0.605861	0.304503	0.665815	0.147472
45.000000	1.225589	1.225589	0.119824	0.598258	0.299915	0.669548	0.157391
40.000000	1.280530	1.280530	0.241382	0.598078	0.297662	0.653665	0.162957
35.000000	1.273964	1.273964	0.246885	0.607965	0.292951	0.659576	0.170824
30.000000	1.231019	1.231019	0.118927	0.602534	0.302484	0.667426	0.154317
25.000000	1.253731	1.253731	0.138885	0.602376	0.303892	0.663107	0.154928
20.000000	1.263725	1.263725	0.168010	0.595765	0.298986	0.666408	0.163315
15.000000	1.266476	1.266476	0.241978	0.604023	0.294081	0.656733	0.162965
10.000000	1.252733	1.252733	0.152188	0.600289	0.298385	0.666380	0.160846
5.000000	1.274566	1.274566	0.134963	0.600747	0.305202	0.659020	0.151775
0.000000	1.267375	1.267375	0.139379	0.604445	0.302989	0.661248	0.154561
