0.000000	0.515943
5.000000	0.523073
10.000000	0.542195
15.000000	0.576646
20.000000	0.615401
25.000000	0.662499
30.000000	0.720256
35.000000	0.785915
40.000000	0.852806
45.000000	0.930691
50.000000	0.989632
55.000000	1.000000
60.000000	0.993494
65.000000	0.916798
70.000000	0.792959
75.000000	0.604548
80.000000	0.401016
85.000000	0.223518
90.000000	0.124213
95.000000	0.068885
100.000000	0.037767
105.000000	0.035706
110.000000	0.039930
115.000000	0.045429
120.000000	0.050055
125.000000	0.053047
130.000000	0.056118
135.000000	0.060013
140.000000	0.061620
145.000000	0.063396
150.000000	0.064320
155.000000	0.063213
160.000000	0.065889
165.000000	0.066072
170.000000	0.066336
175.000000	0.066542
180.000000	0.066986
185.000000	0.066769
190.000000	0.067105
195.000000	0.066943
200.000000	0.067160
205.000000	0.066988
210.000000	0.067326
215.000000	0.067033
220.000000	0.067094
225.000000	0.067238
230.000000	0.067088
235.000000	0.067198
240.000000	0.067600
245.000000	0.067112
250.000000	0.067573
255.000000	0.067160
