255.000000	0.000000	0.000000	0.000000	0.370323	0.142414	0.403024	0.304348
250.000000	0.003471	-0.067767	0.074708	0.370751	0.140055	0.404072	0.312424
245.000000	0.017107	-0.103565	0.137779	0.369972	0.142322	0.390236	0.311935
240.000000	0.050205	-0.078677	0.179088	0.370011	0.140731	0.399420	0.317536
235.000000	0.080495	-0.088829	0.249818	0.366990	0.141004	0.387836	0.323741
230.000000	0.134213	-0.015975	0.284402	0.363437	0.132892	0.372042	0.315712
225.000000	0.185191	0.037712	0.332670	0.369725	0.129399	0.392870	0.343661
220.000000	0.205599	-0.002160	0.413357	0.362425	0.133958	0.374155	0.332810
215.000000	0.247257	0.006502	0.488012	0.360163	0.135451	0.361407	0.325963
210.000000	0.298786	0.037974	0.559599	0.358043	0.136297	0.363210	0.320580
205.000000	0.403014	0.178748	0.627280	0.359683	0.122064	0.367028	0.315119
200.000000	0.460540	0.206470	0.714609	0.362201	0.124563	0.379892	0.319985
195.000000	0.518892	0.253050	0.784734	0.359163	0.122581	0.377295	0.320095
190.000000	0.586813	0.341707	0.831920	0.353331	0.115879	0.364832	0.307967
185.000000	0.641827	0.412632	0.871023	0.358035	0.108882	0.369533	0.307644
180.000000	0.691063	0.495978	0.886148	0.349771	0.101662	0.352445	0.291588
175.000000	0.720352	0.505088	0.935616	0.352936	0.099427	0.358157	0.293969
170.000000	0.749579	0.534512	0.964646	0.351017	0.099628	0.346732	0.281204
165.000000	0.769566	0.538411	1.000721	0.352117	0.097136	0.362597	0.292230
160.000000	0.789790	0.555590	1.023990	0.349399	0.097015	0.351590	0.278610
155.000000	0.789304	0.516886	1.061721	0.351552	0.098843	0.368375	0.289047
150.000000	0.775757	0.439313	1.112200	0.352913	0.117035	0.356768	0.276153
145.000000	0.791253	0.451063	1.131444	0.350270	0.114923	0.360070	0.275344
140.000000	0.810723	0.477473	1.143974	0.352592	0.109619	0.362072	0.273552
135.000000	0.827360	0.510994	1.143727	0.347220	0.104732	0.354929	0.266333
130.000000	0.851707	0.569173	1.134242	0.355648	0.092002	0.371998	0.275823
125.000000	0.852504	0.538497	1.166510	0.355086	0.099591	0.369003	0.271451
120.000000	0.883382	0.617102	1.149662	0.352014	0.086023	0.365400	0.271024
115.000000	0.887180	0.631799	1.142560	0.350370	0.084774	0.369358	0.271064
110.000000	0.880884	0.595354	1.166413	0.354776	0.085363	0.380413	0.275466
105.000000	0.865721	0.522236	1.209206	0.352695	0.100788	0.377425	0.271714
100.000000	0.878357	0.537655	1.219059	0.357989	0.097278	0.375377	0.270596
95.000000	0.908249	0.636838	1.179660	0.351691	0.083136	0.373331	0.270648
90.000000	0.906004	0.617549	1.194458	0.352076	0.083289	0.375344	0.271216
85.000000	0.910991	0.617756	1.204226	0.354098	0.083769	0.372473	0.268482
80.000000	0.909473	0.609490	1.209456	0.354009	0.086736	0.375066	0.269718
75.000000	0.884841	0.526261	1.243421	0.358343	0.103345	0.375614	0.266566
70.000000	0.880632	0.514184	1.247080	0.349192	0.105516	0.373342	0.265644
65.000000	0.866112	0.473042	1.259183	0.357730	0.115264	0.377657	0.267624
60.000000	0.853177	0.442813	1.263541	0.354163	0.126304	0.373733	0.262369
55.000000	0.856458	0.442712	1.270203	0.358824	0.122698	0.377589	0.267028
50.000000	0.907686	0.596181	1.219190	0.350483	0.090318	0.368177	0.264575
45.000000	0.909432	0.616393	1.202470	0.351257	0.085230	0.372785	0.266317
40.000000	0.926157	0.659028	1.193286	0.352199	0.079881	0.372048	0.268869
35.000000	0.942814	0.738214	1.147413	0.352949	0.071796	0.367703	0.265746
30.000000	0.952261	0.798397	1.106125	0.349333	0.068314	0.368757	0.266447
25.000000	0.982409	0.975949	0.988868	0.351881	0.065908	0.366604	0.267774
20.000000	0.997459	1.051963	0.942955	0.348357	0.070830	0.363508	0.268428
15.000000	1.011248	1.137066	0.885430	0.353476	0.076771	0.368033	0.273550
10.000000	1.013363	1.139262	0.887463	0.346161	0.078057	0.366361	0.272255
5.000000	1.018367	1.133888	0.902846	0.353156	0.075189	0.367853	0.273761
0.000000	1.027087	1.144928	0.909246	0.351848	0.075083	0.366755	0.273375
