0.000000	0.093668
5.000000	0.096983
10.000000	0.102808
15.000000	0.115363
20.000000	0.129303
25.000000	0.159649
30.000000	0.187770
35.000000	0.233508
40.000000	0.287647
45.000000	0.379508
50.000000	0.428321
55.000000	0.497252
60.000000	0.564587
65.000000	0.594274
70.000000	0.598795
75.000000	0.578472
80.000000	0.562454
85.000000	0.579743
90.000000	0.609976
95.000000	0.694241
100.000000	0.798279
105.000000	0.850512
110.000000	0.899002
115.000000	0.933078
120.000000	0.950997
125.000000	0.963707
130.000000	0.976141
135.000000	0.983874
140.000000	0.988049
145.000000	0.991307
150.000000	0.993683
155.000000	0.995071
160.000000	0.996347
165.000000	0.997113
170.000000	0.997909
175.000000	0.997530
180.000000	0.998457
185.000000	0.998964
190.000000	0.999004
195.000000	0.998472
200.000000	0.998530
205.000000	0.999350
210.000000	0.998956
215.000000	0.998890
220.000000	0.998804
225.000000	1.000000
230.000000	0.999317
235.000000	0.999529
240.000000	0.999267
245.000000	0.999327
250.000000	0.999498
255.000000	0.999875
