0.000000	0.764757
5.000000	0.765451
10.000000	0.764906
15.000000	0.764879
20.000000	0.765342
25.000000	0.765470
30.000000	0.765397
35.000000	0.764437
40.000000	0.764919
45.000000	0.765402
50.000000	0.765159
55.000000	0.766536
60.000000	0.765339
65.000000	0.765468
70.000000	0.765093
75.000000	0.767552
80.000000	0.770242
85.000000	0.771017
90.000000	0.773307
95.000000	0.776122
100.000000	0.779549
105.000000	0.783831
110.000000	0.788966
115.000000	0.793516
120.000000	0.798006
125.000000	0.802509
130.000000	0.809116
135.000000	0.816067
140.000000	0.824972
145.000000	0.832726
150.000000	0.841597
155.000000	0.853838
160.000000	0.865639
165.000000	0.873942
170.000000	0.884246
175.000000	0.896633
180.000000	0.910358
185.000000	0.931332
190.000000	0.939923
195.000000	0.952678
200.000000	0.967466
205.000000	0.982826
210.000000	0.981344
215.000000	0.997017
220.000000	0.992993
225.000000	1.000000
230.000000	0.982885
235.000000	0.975620
240.000000	0.940338
245.000000	0.899087
250.000000	0.873756
255.000000	0.826213
