0.000000	0.851811
5.000000	0.854355
10.000000	0.856376
15.000000	0.856689
20.000000	0.862640
25.000000	0.869391
30.000000	0.876790
35.000000	0.885020
40.000000	0.903017
45.000000	0.924030
50.000000	0.943022
55.000000	0.965700
60.000000	0.990190
65.000000	0.998054
70.000000	1.000000
75.000000	0.979716
80.000000	0.923315
85.000000	0.847068
90.000000	0.787551
95.000000	0.717420
100.000000	0.662639
105.000000	0.637608
110.000000	0.613533
115.000000	0.590514
120.000000	0.578763
125.000000	0.572625
130.000000	0.566750
135.000000	0.562483
140.000000	0.560267
145.000000	0.558029
150.000000	0.556293
155.000000	0.555239
160.000000	0.554542
165.000000	0.553975
170.000000	0.553677
175.000000	0.553502
180.000000	0.553297
185.000000	0.553091
190.000000	0.553052
195.000000	0.553236
200.000000	0.553080
205.000000	0.553144
210.000000	0.553187
215.000000	0.553157
220.000000	0.552346
225.000000	0.553214
230.000000	0.553081
235.000000	0.553163
240.000000	0.552980
245.000000	0.553021
250.000000	0.552973
255.000000	0.553059
