0.000000	0.433137
5.000000	0.425325
10.000000	0.412581
15.000000	0.394054
20.000000	0.373796
25.000000	0.365896
30.000000	0.348799
35.000000	0.334893
40.000000	0.335278
45.000000	0.348292
50.000000	0.378902
55.000000	0.422881
60.000000	0.488008
65.000000	0.583253
70.000000	0.675611
75.000000	0.779092
80.000000	0.862532
85.000000	0.934422
90.000000	0.972943
95.000000	0.994143
100.000000	1.000000
105.000000	0.998697
110.000000	0.994965
115.000000	0.990511
120.000000	0.986133
125.000000	0.983382
130.000000	0.980163
135.000000	0.977908
140.000000	0.977039
145.000000	0.974488
150.000000	0.973721
155.000000	0.972483
160.000000	0.971951
165.000000	0.971392
170.000000	0.970944
175.000000	0.970491
180.000000	0.970033
185.000000	0.970331
190.000000	0.970421
195.000000	0.970722
200.000000	0.970277
205.000000	0.970617
210.000000	0.970369
215.000000	0.970022
220.000000	0.970483
225.000000	0.970196
230.000000	0.970598
235.000000	0.970022
240.000000	0.970371
245.000000	0.970295
250.000000	0.970548
255.000000	0.970779
