255.000000	0.000000	0.000000	0.000000	0.326578	0.090814	0.452273	0.133484
250.000000	0.020614	-0.012177	-0.029051	0.325233	0.091459	0.458000	0.134141
245.000000	0.040085	-0.013022	-0.067148	0.318291	0.092958	0.455665	0.134058
240.000000	0.026790	-0.016631	-0.036949	0.312568	0.090637	0.450300	0.134327
235.000000	0.015132	-0.019621	-0.010644	0.310478	0.088836	0.449515	0.134820
230.000000	0.007717	-0.016841	0.001408	0.315793	0.089660	0.448774	0.134787
225.000000	0.014400	-0.018719	0.047519	0.315879	0.087181	0.446111	0.135091
220.000000	0.047790	-0.027195	0.122775	0.319473	0.086586	0.441757	0.135201
215.000000	0.069402	-0.023228	0.162032	0.327494	0.087629	0.444792	0.136264
210.000000	0.077360	-0.009657	0.164376	0.329158	0.088590	0.443041	0.135968
205.000000	0.066295	-0.006731	0.139322	0.324835	0.089237	0.445395	0.136058
200.000000	0.059895	-0.008990	0.128780	0.321239	0.089339	0.443556	0.135693
195.000000	0.085360	-0.026339	0.197058	0.322733	0.088969	0.441877	0.136134
190.000000	0.128289	-0.047608	0.304186	0.330644	0.091925	0.440178	0.137744
185.000000	0.166409	-0.065136	0.397954	0.332053	0.095090	0.434984	0.138747
180.000000	0.196497	-0.077546	0.470540	0.340669	0.100887	0.430010	0.138866
175.000000	0.214837	-0.084146	0.513820	0.341848	0.103280	0.427330	0.139381
170.000000	0.222359	-0.090392	0.535110	0.339101	0.104697	0.427807	0.140226
165.000000	0.217770	-0.098252	0.533793	0.341909	0.105334	0.431109	0.140742
160.000000	0.224600	-0.107202	0.556403	0.338975	0.106714	0.430239	0.141100
155.000000	0.219094	-0.113815	0.552002	0.340923	0.106957	0.431199	0.141647
150.000000	0.236749	-0.119752	0.593249	0.339584	0.110779	0.428272	0.141725
145.000000	0.242883	-0.120541	0.606307	0.335393	0.111194	0.425068	0.141434
140.000000	0.245068	-0.121761	0.611897	0.336165	0.111517	0.424503	0.141658
135.000000	0.247655	-0.124966	0.620275	0.338261	0.112082	0.427625	0.142382
130.000000	0.243919	-0.129023	0.616860	0.340095	0.111951	0.425223	0.142018
125.000000	0.216529	-0.131658	0.564717	0.340807	0.106855	0.430141	0.141909
120.000000	0.205128	-0.133060	0.543316	0.342552	0.104236	0.433451	0.141751
115.000000	0.212477	-0.142615	0.567569	0.342216	0.105754	0.431220	0.142364
110.000000	0.221053	-0.152875	0.594981	0.343395	0.109115	0.429599	0.142727
105.000000	0.220466	-0.167048	0.607981	0.341767	0.111458	0.433342	0.144405
100.000000	0.201303	-0.194403	0.597010	0.346364	0.112114	0.432665	0.143518
95.000000	0.133376	-0.250468	0.517221	0.346495	0.104269	0.444373	0.144246
90.000000	0.030979	-0.303003	0.241046	0.339310	0.076717	0.444577	0.139083
85.000000	0.053119	-0.390456	0.284218	0.327669	0.076050	0.431436	0.142814
80.000000	0.084239	-0.572272	0.403794	0.341224	0.093664	0.428280	0.142467
75.000000	0.175363	-0.741587	0.390861	0.339141	0.098330	0.432713	0.148569
70.000000	0.268535	-0.890736	0.353666	0.332554	0.104103	0.421688	0.156462
65.000000	0.338784	-1.015933	0.338366	0.309995	0.113649	0.425000	0.164885
60.000000	0.404463	-1.112344	0.303417	0.308647	0.120406	0.397592	0.165568
55.000000	0.457224	-1.186881	0.272433	0.306799	0.121857	0.398144	0.171707
50.000000	0.513845	-1.256274	0.228584	0.315064	0.118958	0.378519	0.171520
45.000000	0.564752	-1.315162	0.185657	0.319978	0.114427	0.382364	0.175237
40.000000	0.607298	-1.363320	0.148725	0.322929	0.109742	0.401879	0.183242
35.000000	0.641911	-1.399257	0.115435	0.329159	0.108272	0.377452	0.177888
30.000000	0.685103	-1.444414	0.074207	0.331351	0.102325	0.403188	0.187112
25.000000	0.731546	-1.489706	0.026614	0.345498	0.094880	0.402086	0.187461
20.000000	0.768150	-1.528713	-0.007586	0.352423	0.089143	0.416726	0.193739
15.000000	0.786956	-1.548856	-0.025056	0.358533	0.085791	0.422662	0.195463
10.000000	0.811938	-1.586989	-0.036887	0.364825	0.076257	0.422226	0.191482
5.000000	0.838349	-1.629509	-0.047189	0.371146	0.067360	0.430939	0.193616
0.000000	0.848260	-1.648705	-0.047815	0.367764	0.063833	0.438966	0.196651
