0.000000	0.612366
5.000000	0.616071
10.000000	0.616884
15.000000	0.619649
20.000000	0.623736
25.000000	0.626565
30.000000	0.629157
35.000000	0.634598
40.000000	0.638332
45.000000	0.643798
50.000000	0.649100
55.000000	0.656084
60.000000	0.661080
65.000000	0.669991
70.000000	0.676569
75.000000	0.684912
80.000000	0.695486
85.000000	0.706234
90.000000	0.715455
95.000000	0.728824
100.000000	0.743120
105.000000	0.758207
110.000000	0.772804
115.000000	0.788841
120.000000	0.810604
125.000000	0.826123
130.000000	0.848245
135.000000	0.862603
140.000000	0.888067
145.000000	0.904304
150.000000	0.927369
155.000000	0.940309
160.000000	0.964387
165.000000	0.972857
170.000000	0.991740
175.000000	0.982957
180.000000	1.000000
185.000000	0.985320
190.000000	0.933527
195.000000	0.948792
200.000000	0.903418
205.000000	0.860526
210.000000	0.805843
215.000000	0.739333
220.000000	0.671740
225.000000	0.598162
230.000000	0.514547
235.000000	0.434047
240.000000	0.360114
245.000000	0.292511
250.000000	0.242957
255.000000	0.207759
