255.000000	0.000000	0.000000	0.000000	0.341827	0.100267	0.422957	0.207942
250.000000	0.003425	-0.003425	0.008257	0.335944	0.099587	0.418866	0.210209
245.000000	0.004461	-0.004461	0.025092	0.336375	0.102684	0.424303	0.211367
240.000000	0.002687	-0.002687	0.067770	0.345545	0.104141	0.413554	0.211844
235.000000	0.010789	-0.010789	0.073681	0.342042	0.105856	0.413625	0.212393
230.000000	0.020295	-0.020295	0.083953	0.343521	0.107258	0.407268	0.210750
225.000000	0.018800	-0.018800	0.130825	0.348172	0.107187	0.411007	0.211591
220.000000	0.023014	-0.023014	0.148702	0.351554	0.110172	0.412208	0.213836
215.000000	0.014491	-0.014491	0.204538	0.359947	0.113886	0.397843	0.214008
210.000000	0.005425	-0.005425	0.255413	0.361016	0.116622	0.392315	0.218507
205.000000	0.000380	-0.000380	0.275839	0.364185	0.117808	0.391566	0.216755
200.000000	0.009048	0.009048	0.292401	0.363163	0.117634	0.394625	0.220038
195.000000	0.016265	0.016265	0.292927	0.364990	0.119747	0.396681	0.220709
190.000000	0.025728	0.025728	0.284738	0.364894	0.117595	0.393097	0.217794
185.000000	0.030931	0.030931	0.273340	0.366864	0.118315	0.395238	0.218526
180.000000	0.032867	0.032867	0.246707	0.360513	0.115434	0.400618	0.217940
175.000000	0.035746	0.035746	0.237400	0.356968	0.113591	0.399195	0.216486
170.000000	0.038373	0.038373	0.221849	0.360029	0.112034	0.399787	0.216970
165.000000	0.050859	0.050859	0.246141	0.354037	0.111562	0.393657	0.219512
160.000000	0.064401	0.064401	0.275915	0.359150	0.111909	0.394931	0.220430
155.000000	0.073511	0.073511	0.304836	0.355358	0.113648	0.390946	0.223830
150.000000	0.080466	0.080466	0.322939	0.360439	0.114371	0.392899	0.224238
145.000000	0.080502	0.080502	0.322191	0.352601	0.113828	0.394772	0.225871
140.000000	0.072274	0.072274	0.291490	0.356844	0.111495	0.397690	0.224222
135.000000	0.055357	0.055357	0.237344	0.350407	0.110331	0.399410	0.215735
130.000000	0.032935	0.032935	0.180391	0.342766	0.105400	0.394984	0.209065
125.000000	0.014728	0.014728	0.176485	0.342485	0.107515	0.400450	0.207679
120.000000	0.001429	0.001429	0.205451	0.351512	0.109512	0.402671	0.205602
115.000000	0.001813	0.001813	0.254327	0.352004	0.113860	0.396635	0.206129
110.000000	0.010433	0.010433	0.309164	0.353759	0.117551	0.394945	0.207426
105.000000	0.022609	0.022609	0.361567	0.356807	0.119037	0.388905	0.203059
100.000000	0.034528	0.034528	0.414567	0.357238	0.120262	0.382899	0.196813
95.000000	0.046407	0.046407	0.484202	0.356367	0.115925	0.405355	0.190554
90.000000	0.061275	0.061275	0.608999	0.356316	0.111384	0.414156	0.180778
85.000000	0.067799	0.067799	0.746691	0.347682	0.103988	0.437279	0.169832
80.000000	0.062098	0.062098	0.899109	0.339522	0.096889	0.454717	0.164528
75.000000	0.053303	0.053303	1.059272	0.335570	0.087732	0.448225	0.145902
70.000000	0.035382	0.035382	1.215971	0.325714	0.077121	0.435212	0.139097
65.000000	0.006709	-0.006709	1.369019	0.320675	0.067623	0.436167	0.127668
60.000000	0.052515	-0.052515	1.520840	0.327192	0.063353	0.442414	0.124757
55.000000	0.111681	-0.111681	1.667581	0.322577	0.059150	0.438536	0.120788
50.000000	0.181113	-0.181113	1.810169	0.334999	0.060542	0.432055	0.115604
45.000000	0.211727	-0.211727	1.936560	0.330119	0.058506	0.449928	0.119342
40.000000	0.253519	-0.253519	2.039020	0.331253	0.063813	0.442121	0.116777
35.000000	0.276618	-0.276618	2.134872	0.337911	0.067824	0.435210	0.114127
30.000000	0.292154	-0.292154	2.219867	0.329476	0.067904	0.461867	0.120771
25.000000	0.301236	-0.301236	2.295910	0.333732	0.074582	0.432096	0.114284
20.000000	0.309329	-0.309329	2.359501	0.333580	0.077198	0.454124	0.118892
15.000000	0.301082	-0.301082	2.421930	0.334528	0.079643	0.451130	0.118413
10.000000	0.287103	-0.287103	2.472049	0.331910	0.080398	0.448956	0.117301
5.000000	0.293310	-0.293310	2.506405	0.332204	0.083031	0.445681	0.116831
0.000000	0.280562	-0.280562	2.542790	0.329089	0.082960	0.444397	0.116687
