255.000000	0.000000	0.000000	0.000000	0.390696	0.159639	0.400604	0.165359
250.000000	0.026747	0.021319	0.026747	0.383160	0.160477	0.396491	0.161827
245.000000	0.037662	0.018318	0.037662	0.381473	0.164760	0.381862	0.152104
240.000000	0.080215	0.082165	0.080215	0.398854	0.162987	0.372197	0.152512
235.000000	0.118610	0.135634	0.118610	0.396906	0.158098	0.370700	0.148720
230.000000	0.147780	0.193773	0.147780	0.408966	0.162643	0.357044	0.150190
225.000000	0.182741	0.255029	0.182741	0.406776	0.157978	0.356667	0.146964
220.000000	0.203769	0.293979	0.203769	0.403875	0.156169	0.363342	0.143102
215.000000	0.236987	0.348842	0.236987	0.401696	0.154659	0.351996	0.146322
210.000000	0.251674	0.378421	0.251674	0.400213	0.154960	0.361540	0.146118
205.000000	0.282767	0.434289	0.282767	0.401261	0.155152	0.365793	0.146045
200.000000	0.306070	0.513813	0.306070	0.391143	0.141453	0.359818	0.148967
195.000000	0.338644	0.626124	0.338644	0.390265	0.129608	0.362640	0.153597
190.000000	0.369007	0.789539	0.369007	0.392494	0.111077	0.377727	0.160493
185.000000	0.354411	0.742826	0.354411	0.383157	0.119467	0.367884	0.154860
180.000000	0.389147	0.696259	0.389147	0.394175	0.134226	0.385087	0.153949
175.000000	0.407169	0.795679	0.407169	0.375333	0.127865	0.377028	0.160517
170.000000	0.439784	0.932462	0.439784	0.386711	0.112539	0.402154	0.169795
165.000000	0.445152	1.021888	0.445152	0.377515	0.111136	0.393644	0.170602
160.000000	0.466908	1.046860	0.466908	0.378320	0.111932	0.409243	0.173914
155.000000	0.494608	1.063533	0.494608	0.384532	0.109534	0.418670	0.173910
150.000000	0.496070	1.169069	0.496070	0.372455	0.109494	0.414123	0.179534
145.000000	0.503504	1.282926	0.503504	0.378558	0.102238	0.430052	0.183545
140.000000	0.507715	1.359160	0.507715	0.382589	0.101348	0.420822	0.181197
135.000000	0.520310	1.381812	0.520310	0.370953	0.106821	0.390784	0.176471
130.000000	0.538813	1.396081	0.538813	0.380371	0.102387	0.415879	0.180204
125.000000	0.554753	1.398264	0.554753	0.379515	0.106931	0.400996	0.175503
120.000000	0.575122	1.316675	0.575122	0.368991	0.114173	0.399003	0.174917
115.000000	0.600272	1.270791	0.600272	0.381918	0.115644	0.417072	0.175377
110.000000	0.610799	1.281871	0.610799	0.385207	0.115061	0.420181	0.176607
105.000000	0.622602	1.263172	0.622602	0.381352	0.122670	0.402560	0.171726
100.000000	0.626770	1.271802	0.626770	0.374136	0.124538	0.402070	0.171535
95.000000	0.645137	1.281521	0.645137	0.386763	0.123619	0.407857	0.172065
90.000000	0.644301	1.348618	0.644301	0.376436	0.123507	0.396447	0.172496
85.000000	0.648899	1.422424	0.648899	0.387453	0.115138	0.403739	0.175129
80.000000	0.648234	1.473221	0.648234	0.387325	0.116725	0.392068	0.171017
75.000000	0.650922	1.470068	0.650922	0.378150	0.118327	0.395456	0.172940
70.000000	0.662161	1.503760	0.662161	0.391156	0.113995	0.402045	0.173962
65.000000	0.666608	1.473000	0.666608	0.390280	0.121041	0.391415	0.170293
60.000000	0.698254	1.294498	0.698254	0.389702	0.131522	0.414121	0.172380
55.000000	0.704227	1.291221	0.704227	0.389811	0.140828	0.401276	0.168826
50.000000	0.713390	1.351964	0.713390	0.388672	0.129142	0.405532	0.171848
45.000000	0.711880	1.398531	0.711880	0.389771	0.125246	0.398636	0.170037
40.000000	0.722168	1.367627	0.722168	0.389589	0.132272	0.406917	0.172481
35.000000	0.734211	1.311274	0.734211	0.395622	0.135394	0.409176	0.170705
30.000000	0.733776	1.254589	0.733776	0.392025	0.149767	0.403192	0.168551
25.000000	0.743851	1.220507	0.743851	0.395591	0.152532	0.415465	0.169056
20.000000	0.744188	1.216710	0.744188	0.398883	0.156511	0.407074	0.167582
15.000000	0.755390	1.233808	0.755390	0.393701	0.149350	0.412418	0.168436
10.000000	0.757411	1.243926	0.757411	0.397109	0.152696	0.406613	0.167073
5.000000	0.755294	1.258217	0.755294	0.392141	0.153464	0.407190	0.169827
0.000000	0.765324	1.263654	0.765324	0.387796	0.143265	0.405546	0.168389
