255.000000	0.000000	0.000000	0.000000	0.384120	0.062218	0.429452	0.135057
250.000000	0.118419	0.133971	-0.370809	0.381062	0.048170	0.440640	0.148614
245.000000	0.179729	0.241243	-0.600701	0.377685	0.057190	0.434583	0.151358
240.000000	0.236792	0.299653	-0.773237	0.373160	0.077319	0.434367	0.152278
235.000000	0.324291	0.287867	-0.936449	0.397334	0.107193	0.424310	0.152315
230.000000	0.350157	0.280164	-0.980478	0.409679	0.118403	0.416783	0.154754
225.000000	0.331243	0.294581	-0.957067	0.407123	0.115978	0.419307	0.155327
220.000000	0.241266	0.332644	-0.815176	0.385519	0.090855	0.430831	0.154756
215.000000	0.180832	0.271233	-0.632897	0.378309	0.060942	0.434827	0.152129
210.000000	0.183320	0.229061	-0.595701	0.378128	0.056329	0.435035	0.151468
205.000000	0.162863	0.226492	-0.552218	0.379496	0.054107	0.437014	0.151125
200.000000	0.121428	0.164786	-0.407641	0.382058	0.048834	0.441097	0.148908
195.000000	0.091514	0.129944	-0.312971	0.382395	0.047979	0.435657	0.144761
190.000000	0.094487	0.113230	-0.302204	0.382858	0.048674	0.435993	0.145488
185.000000	0.110860	0.131974	-0.353694	0.383721	0.048339	0.437118	0.146682
180.000000	0.107805	0.126078	-0.341689	0.380458	0.047914	0.434659	0.145793
175.000000	0.121269	0.156247	-0.398785	0.381413	0.048445	0.439422	0.148324
170.000000	0.152601	0.166241	-0.471444	0.382479	0.049796	0.439274	0.150316
165.000000	0.206294	0.229796	-0.642384	0.378249	0.059068	0.433516	0.152766
160.000000	0.219620	0.303287	-0.742527	0.375992	0.075230	0.437476	0.154154
155.000000	0.140303	0.296695	-0.577302	0.377987	0.058754	0.440013	0.150569
150.000000	0.223711	0.313887	-0.761309	0.378316	0.079202	0.433778	0.155003
145.000000	0.270677	0.324696	-0.866049	0.392673	0.099895	0.429867	0.156783
140.000000	0.197349	0.315597	-0.710295	0.376885	0.072087	0.437326	0.153520
135.000000	0.195767	0.314020	-0.705554	0.379063	0.071433	0.437674	0.153464
130.000000	0.162330	0.297687	-0.622347	0.380077	0.061619	0.437715	0.151007
125.000000	0.194654	0.333924	-0.723231	0.378028	0.075714	0.435815	0.152632
120.000000	0.094311	0.174271	-0.362893	0.380658	0.047700	0.435794	0.144482
115.000000	0.083820	0.174443	-0.342084	0.384460	0.047291	0.436283	0.143977
110.000000	0.090383	0.146899	-0.327666	0.385369	0.046880	0.437040	0.144666
105.000000	0.056974	0.049863	-0.163811	0.388643	0.049853	0.437694	0.140554
100.000000	0.058649	0.175976	-0.293273	0.388133	0.043626	0.435749	0.140001
95.000000	0.048500	0.256379	-0.353378	0.391767	0.040848	0.433430	0.139022
90.000000	0.031449	0.431167	-0.494065	0.391742	0.042191	0.431863	0.133914
85.000000	0.034369	0.581021	-0.512283	0.388770	0.037047	0.431323	0.130668
80.000000	0.144934	0.806086	-0.516218	0.387838	0.023792	0.430715	0.125121
75.000000	0.186289	1.002587	-0.630008	0.374720	0.045782	0.431972	0.128338
70.000000	0.204672	1.068926	-0.659581	0.362218	0.076665	0.426124	0.129726
65.000000	0.332282	1.267596	-0.603032	0.362293	0.069136	0.428527	0.140266
60.000000	0.450688	1.478802	-0.577425	0.371454	0.062645	0.410672	0.148806
55.000000	0.572499	1.712405	-0.567407	0.380403	0.060762	0.398827	0.163977
50.000000	0.700352	1.975208	-0.574504	0.372363	0.063044	0.397301	0.177240
45.000000	0.702428	1.858168	-0.453313	0.383137	0.071390	0.378641	0.177951
40.000000	0.754161	1.861123	-0.352801	0.386734	0.080660	0.390361	0.188855
35.000000	0.846490	2.087375	-0.394395	0.385738	0.072330	0.391328	0.194223
30.000000	0.890353	2.167209	-0.386504	0.379316	0.072226	0.387534	0.193678
25.000000	0.927231	2.166581	-0.312119	0.389456	0.073621	0.397864	0.202112
20.000000	0.891437	1.977809	-0.194935	0.394240	0.084883	0.383925	0.194311
15.000000	0.933390	2.048884	-0.182104	0.393197	0.079797	0.390694	0.198991
10.000000	1.035769	2.288715	-0.217177	0.387117	0.070663	0.411374	0.209686
5.000000	1.099414	2.467043	-0.268216	0.370670	0.073489	0.415834	0.207578
0.000000	1.039398	2.328937	-0.250141	0.379640	0.069899	0.415431	0.211362
