255.000000	0.000000	0.000000	0.000000	0.426646	0.109106	0.403068	0.199476
250.000000	0.020222	0.020222	0.016731	0.427533	0.118400	0.402392	0.207801
245.000000	0.051767	0.051767	0.054953	0.416575	0.118815	0.423049	0.217709
240.000000	0.079056	0.079056	0.107247	0.411011	0.114792	0.407343	0.218716
235.000000	0.103994	0.103994	0.162062	0.417168	0.120292	0.407716	0.217949
230.000000	0.126603	0.126603	0.225271	0.422026	0.124492	0.414882	0.225180
225.000000	0.151380	0.151380	0.276040	0.415316	0.124866	0.402043	0.218214
220.000000	0.196765	0.196765	0.314252	0.414060	0.119993	0.402419	0.227438
215.000000	0.229673	0.229673	0.327936	0.422994	0.133474	0.394871	0.228686
210.000000	0.258681	0.258681	0.383564	0.403998	0.138090	0.386126	0.218850
205.000000	0.298262	0.298262	0.481169	0.422610	0.133972	0.383422	0.219015
200.000000	0.327474	0.327474	0.564875	0.426891	0.124324	0.388942	0.221688
195.000000	0.353034	0.353034	0.551708	0.429064	0.136785	0.373770	0.211871
190.000000	0.374145	0.374145	0.543131	0.402763	0.153002	0.391779	0.222709
185.000000	0.439153	0.439153	0.638913	0.431047	0.147280	0.378986	0.212560
180.000000	0.448233	0.448233	0.819504	0.422756	0.126018	0.408645	0.227812
175.000000	0.491443	0.491443	0.789110	0.421518	0.133791	0.396500	0.219705
170.000000	0.526555	0.526555	0.769206	0.417130	0.141999	0.383284	0.213054
165.000000	0.543679	0.543679	0.881131	0.419417	0.136531	0.396087	0.219311
160.000000	0.564480	0.564480	0.948603	0.411522	0.122669	0.395353	0.216198
155.000000	0.592580	0.592580	0.931527	0.417680	0.126291	0.389048	0.213558
150.000000	0.615818	0.615818	1.041935	0.409064	0.118636	0.379924	0.208768
145.000000	0.615185	0.615185	0.989074	0.409835	0.125355	0.388830	0.209680
140.000000	0.628095	0.628095	0.937292	0.407428	0.145545	0.378973	0.204521
135.000000	0.659618	0.659618	1.025590	0.408023	0.132044	0.385464	0.205860
130.000000	0.657116	0.657116	1.153566	0.417217	0.113969	0.384565	0.202552
125.000000	0.651052	0.651052	1.246498	0.411647	0.112605	0.386462	0.204107
120.000000	0.661081	0.661081	1.341580	0.412652	0.095764	0.392870	0.202977
115.000000	0.639584	0.639584	1.444361	0.416022	0.095163	0.397863	0.208580
110.000000	0.629600	0.629600	1.489554	0.421085	0.092530	0.400206	0.207583
105.000000	0.626554	0.626554	1.527480	0.399424	0.091935	0.386922	0.202917
100.000000	0.625410	0.625410	1.575311	0.410160	0.086731	0.391286	0.201079
95.000000	0.624827	0.624827	1.612955	0.406122	0.087826	0.387110	0.199664
90.000000	0.650236	0.650236	1.559470	0.401269	0.089111	0.386564	0.199891
85.000000	0.699354	0.699354	1.448147	0.412704	0.094170	0.399642	0.203814
80.000000	0.719101	0.719101	1.414216	0.409953	0.099412	0.394989	0.205560
75.000000	0.697454	0.697454	1.487293	0.411990	0.096591	0.396536	0.202996
70.000000	0.677078	0.677078	1.598440	0.413455	0.090407	0.384787	0.199447
65.000000	0.685495	0.685495	1.581316	0.411383	0.091719	0.388621	0.199591
60.000000	0.735511	0.735511	1.453202	0.410013	0.096468	0.393515	0.201726
55.000000	0.756380	0.756380	1.433991	0.407539	0.103565	0.398777	0.203527
50.000000	0.735979	0.735979	1.576279	0.418911	0.093828	0.389079	0.198186
45.000000	0.671863	0.671863	1.755307	0.395468	0.088504	0.378043	0.193277
40.000000	0.644886	0.644886	1.835626	0.394836	0.091570	0.380316	0.193111
35.000000	0.630513	0.630513	1.886461	0.399196	0.092711	0.374070	0.188729
30.000000	0.640498	0.640498	1.869327	0.392647	0.094808	0.380573	0.192541
25.000000	0.657893	0.657893	1.815972	0.409550	0.091494	0.377008	0.192005
20.000000	0.684503	0.684503	1.734315	0.408482	0.091885	0.378075	0.193307
15.000000	0.723745	0.723745	1.612688	0.403184	0.097610	0.387189	0.197802
10.000000	0.738454	0.738454	1.601013	0.412629	0.096092	0.384784	0.197120
5.000000	0.736768	0.736768	1.605879	0.399131	0.097177	0.384761	0.196778
0.000000	0.745328	0.745328	1.583944	0.410162	0.095575	0.386818	0.197638
