0.000000	0.665027
5.000000	0.662652
10.000000	0.664198
15.000000	0.661593
20.000000	0.658463
25.000000	0.657502
30.000000	0.657037
35.000000	0.653308
40.000000	0.650338
45.000000	0.648319
50.000000	0.647765
55.000000	0.642513
60.000000	0.640611
65.000000	0.637170
70.000000	0.636749
75.000000	0.630308
80.000000	0.629537
85.000000	0.624885
90.000000	0.622458
95.000000	0.621437
100.000000	0.615066
105.000000	0.612494
110.000000	0.613636
115.000000	0.606933
120.000000	0.604568
125.000000	0.601861
130.000000	0.606265
135.000000	0.603096
140.000000	0.601840
145.000000	0.606361
150.000000	0.607830
155.000000	0.616245
160.000000	0.618570
165.000000	0.625768
170.000000	0.646837
175.000000	0.650132
180.000000	0.671026
185.000000	0.692386
190.000000	0.707132
195.000000	0.724219
200.000000	0.754559
205.000000	0.783984
210.000000	0.808613
215.000000	0.828830
220.000000	0.866658
225.000000	0.898829
230.000000	0.921833
235.000000	0.939099
240.000000	0.965101
245.000000	0.984302
250.000000	0.990333
255.000000	1.000000
