255.000000	0.000000	0.000000	0.000000	0.399743	0.198671	0.421726	0.182433
250.000000	0.025888	0.025888	0.084242	0.393922	0.189830	0.398147	0.179724
245.000000	0.061085	0.061085	0.150773	0.398553	0.183404	0.401971	0.183452
240.000000	0.093709	0.093709	0.287756	0.378174	0.164039	0.395671	0.181976
235.000000	0.158860	0.158860	0.377335	0.390537	0.158750	0.384372	0.184454
230.000000	0.171471	0.171471	0.314732	0.365042	0.159173	0.372952	0.176781
225.000000	0.210848	0.210848	0.423737	0.368042	0.147778	0.376800	0.180203
220.000000	0.228479	0.228479	0.502036	0.374576	0.142051	0.381255	0.182142
215.000000	0.262124	0.262124	0.438692	0.368288	0.141813	0.375337	0.176766
210.000000	0.305428	0.305428	0.662706	0.363414	0.126810	0.399843	0.185009
205.000000	0.280244	0.280244	0.808125	0.353849	0.115057	0.411152	0.186877
200.000000	0.284235	0.284235	0.923451	0.369414	0.115849	0.418921	0.189608
195.000000	0.332296	0.332296	1.118883	0.368787	0.110700	0.413819	0.186797
190.000000	0.382124	0.382124	0.976495	0.363775	0.105870	0.407124	0.187153
185.000000	0.437746	0.437746	0.807081	0.366553	0.108418	0.406107	0.187946
180.000000	0.490101	0.490101	0.523937	0.366450	0.135558	0.394442	0.175616
175.000000	0.556983	0.556983	0.388557	0.369000	0.157025	0.386867	0.166610
170.000000	0.595442	0.595442	0.387492	0.368116	0.162018	0.394791	0.167736
165.000000	0.604375	0.604375	0.439471	0.373528	0.157497	0.399606	0.167712
160.000000	0.645732	0.645732	0.379455	0.363950	0.157773	0.387032	0.165154
155.000000	0.672913	0.672913	0.414454	0.381133	0.172059	0.398359	0.165105
150.000000	0.697731	0.697731	0.477903	0.362499	0.145737	0.383862	0.164615
145.000000	0.712140	0.712140	0.579332	0.364999	0.135850	0.395226	0.167375
140.000000	0.761047	0.761047	0.554694	0.367516	0.143441	0.385037	0.163713
135.000000	0.775903	0.775903	0.611772	0.367338	0.139698	0.392247	0.163254
130.000000	0.783400	0.783400	0.605959	0.379352	0.150562	0.395780	0.161649
125.000000	0.815397	0.815397	0.603853	0.360835	0.138203	0.397475	0.163835
120.000000	0.801786	0.801786	0.704344	0.374228	0.132900	0.409936	0.166555
115.000000	0.808768	0.808768	0.607318	0.358031	0.135537	0.404228	0.165577
110.000000	0.848997	0.848997	0.664061	0.360520	0.133599	0.405060	0.165384
105.000000	0.862901	0.862901	0.680033	0.378823	0.146376	0.408299	0.163917
100.000000	0.877751	0.877751	0.674505	0.367978	0.136083	0.403567	0.165288
95.000000	0.857960	0.857960	0.650003	0.379980	0.147860	0.405599	0.162551
90.000000	0.874669	0.874669	0.537651	0.367899	0.158748	0.394656	0.158733
85.000000	0.893739	0.893739	0.605888	0.376475	0.156811	0.404436	0.161437
80.000000	0.892949	0.892949	0.568255	0.378545	0.160344	0.399512	0.158986
75.000000	0.897179	0.897179	0.532036	0.373511	0.165831	0.400934	0.158695
70.000000	0.911297	0.911297	0.578213	0.381145	0.166995	0.403433	0.159313
65.000000	0.931545	0.931545	0.697744	0.366774	0.138198	0.400669	0.162706
60.000000	0.937909	0.937909	0.790584	0.372188	0.131373	0.395237	0.161054
55.000000	0.959298	0.959298	0.722008	0.361979	0.139011	0.400438	0.161994
50.000000	0.934520	0.934520	0.730694	0.378532	0.143227	0.404189	0.160970
45.000000	0.970872	0.970872	0.695989	0.367082	0.145275	0.399823	0.160800
40.000000	0.967716	0.967716	0.862706	0.372925	0.126203	0.389229	0.158871
35.000000	0.973585	0.973585	0.727805	0.369672	0.141710	0.399099	0.160412
30.000000	0.995491	0.995491	0.788989	0.376063	0.140925	0.392483	0.159162
25.000000	0.989825	0.989825	0.824186	0.367287	0.130766	0.388234	0.159001
20.000000	0.967083	0.967083	1.099228	0.372332	0.100794	0.374124	0.158719
15.000000	0.970742	0.970742	1.049083	0.374701	0.105378	0.381280	0.157917
10.000000	0.987602	0.987602	0.840035	0.370476	0.130516	0.393582	0.158892
5.000000	0.988492	0.988492	0.705974	0.366288	0.148135	0.401796	0.159756
0.000000	0.971989	0.971989	0.731582	0.378748	0.151690	0.404573	0.160530
