255.000000	0.000000	0.000000	0.000000	0.431226	0.078895	0.416741	0.131809
250.000000	0.050517	0.034198	0.066837	0.424650	0.080557	0.429468	0.133909
245.000000	0.111144	0.070539	0.151748	0.424203	0.080646	0.436019	0.130247
240.000000	0.168764	0.106163	0.231365	0.425485	0.081841	0.433576	0.127279
235.000000	0.226341	0.140061	0.312621	0.414174	0.076111	0.416348	0.123354
230.000000	0.287246	0.183587	0.390906	0.413871	0.074230	0.409133	0.120789
225.000000	0.336271	0.187346	0.485196	0.436735	0.075691	0.402486	0.119228
220.000000	0.401929	0.270314	0.533543	0.404248	0.063062	0.393485	0.116575
215.000000	0.441223	0.241950	0.640496	0.425952	0.063164	0.391396	0.117258
210.000000	0.485505	0.298000	0.673011	0.400043	0.054790	0.403701	0.119746
205.000000	0.506051	0.207632	0.804471	0.428522	0.062614	0.396619	0.118367
200.000000	0.547172	0.275600	0.818745	0.407829	0.056443	0.398962	0.120463
195.000000	0.566450	0.188026	0.944874	0.426511	0.062523	0.402607	0.121310
190.000000	0.597382	0.218708	0.976056	0.412327	0.059430	0.401623	0.126126
185.000000	0.602001	0.154781	1.049221	0.430132	0.068669	0.404586	0.123275
180.000000	0.634541	0.220041	1.049042	0.396244	0.059713	0.400619	0.128958
175.000000	0.651396	0.165831	1.136961	0.421953	0.065713	0.411303	0.130453
170.000000	0.666827	0.223036	1.110618	0.396521	0.060904	0.414327	0.130552
165.000000	0.669525	0.140999	1.198052	0.432665	0.074881	0.415148	0.132046
160.000000	0.692123	0.169838	1.214409	0.427645	0.073485	0.425647	0.132756
155.000000	0.705370	0.194312	1.216429	0.414476	0.071531	0.423980	0.136399
150.000000	0.708872	0.136481	1.281262	0.436527	0.081756	0.436156	0.136944
145.000000	0.746120	0.194981	1.297259	0.419672	0.067993	0.426041	0.136587
140.000000	0.763180	0.152295	1.374065	0.435446	0.073813	0.433593	0.141342
135.000000	0.798762	0.211279	1.386244	0.405525	0.054625	0.421451	0.139133
130.000000	0.816382	0.163449	1.469315	0.423217	0.061652	0.420650	0.141227
125.000000	0.847793	0.152975	1.542611	0.426277	0.055756	0.419819	0.143520
120.000000	0.871695	0.154909	1.588480	0.417509	0.051484	0.414044	0.144679
115.000000	0.888199	0.121211	1.655188	0.406430	0.054618	0.416622	0.144380
110.000000	0.899919	0.158971	1.640868	0.421545	0.044801	0.412976	0.145358
105.000000	0.906434	0.131034	1.681834	0.409235	0.056074	0.415392	0.147530
100.000000	0.918075	0.167258	1.668892	0.398641	0.038787	0.415678	0.146472
95.000000	0.932978	0.126895	1.739062	0.415734	0.054514	0.414693	0.147671
90.000000	0.943506	0.135504	1.751509	0.406690	0.045943	0.416586	0.146541
85.000000	0.952043	0.123342	1.780744	0.417900	0.052094	0.410634	0.145411
80.000000	0.966511	0.111891	1.821132	0.415186	0.050168	0.414547	0.145104
75.000000	0.986750	0.083814	1.889686	0.420834	0.047947	0.414492	0.142330
70.000000	1.013392	0.040241	1.986543	0.413606	0.045665	0.417759	0.140800
65.000000	1.042299	0.030326	2.054273	0.402372	0.054131	0.424619	0.141294
60.000000	1.053136	-0.012203	2.118476	0.428460	0.048790	0.421923	0.139052
55.000000	1.050587	0.025990	2.075184	0.414613	0.052349	0.420989	0.140265
50.000000	1.041956	0.027526	2.056385	0.417452	0.047863	0.424177	0.140630
45.000000	1.044617	0.048714	2.040521	0.407200	0.054354	0.425247	0.141823
40.000000	1.056245	0.028966	2.083525	0.416540	0.052669	0.422425	0.138419
35.000000	1.070932	-0.024127	2.165992	0.421776	0.048932	0.423492	0.138307
30.000000	1.080019	0.029636	2.130402	0.398011	0.057270	0.428020	0.138947
25.000000	1.078712	-0.011540	2.168964	0.428355	0.050503	0.422918	0.136831
20.000000	1.074583	0.047014	2.102153	0.399565	0.054468	0.425106	0.139693
15.000000	1.074033	0.020739	2.127327	0.426209	0.049065	0.420880	0.137536
10.000000	1.082739	0.042996	2.122482	0.411944	0.053122	0.426890	0.138676
5.000000	1.093052	0.050561	2.135544	0.393770	0.056474	0.432868	0.138647
0.000000	1.114572	0.006453	2.222691	0.420091	0.057623	0.428065	0.136903
