255.000000	0.000000	0.000000	0.000000	0.374191	0.063614	0.457991	0.106115
250.000000	0.071721	0.028548	-0.171990	0.376577	0.068321	0.462294	0.114398
245.000000	0.123476	0.053130	-0.300082	0.373124	0.077221	0.463666	0.120958
240.000000	0.094877	0.041601	-0.231354	0.371240	0.071571	0.460411	0.118251
235.000000	0.025482	-0.013321	-0.037643	0.367617	0.062081	0.457058	0.108839
230.000000	0.007146	-0.025852	0.011559	0.366183	0.061697	0.452020	0.106588
225.000000	0.035814	-0.060463	0.132091	0.365332	0.062824	0.449143	0.102747
220.000000	0.090890	-0.088407	0.270187	0.368462	0.069062	0.450211	0.098837
215.000000	0.145117	-0.105938	0.396171	0.364019	0.078604	0.451632	0.096312
210.000000	0.132154	-0.109842	0.374149	0.367681	0.078044	0.449151	0.096784
205.000000	0.143460	-0.101571	0.388491	0.368923	0.079101	0.450913	0.096279
200.000000	0.177095	-0.108921	0.463111	0.369828	0.087309	0.449500	0.095604
195.000000	0.154231	-0.138616	0.447077	0.375173	0.088438	0.448144	0.095050
190.000000	0.087536	-0.143704	0.318776	0.370438	0.076991	0.451987	0.098145
185.000000	0.019395	-0.105563	0.144354	0.373842	0.065661	0.451113	0.102971
180.000000	0.000727	-0.072648	0.071194	0.371480	0.062687	0.449089	0.104544
175.000000	0.051227	-0.126269	0.228723	0.366824	0.068742	0.452356	0.101113
170.000000	0.096909	-0.127804	0.321622	0.369937	0.074952	0.449770	0.097713
165.000000	0.058774	-0.118493	0.236041	0.372373	0.069488	0.453329	0.100942
160.000000	0.004329	-0.056034	0.064693	0.375986	0.063119	0.456875	0.105742
155.000000	0.086915	0.017652	-0.191482	0.372479	0.067921	0.463201	0.116125
150.000000	0.085059	0.015460	-0.185578	0.373950	0.067869	0.465215	0.117890
145.000000	0.086550	0.004714	-0.177815	0.374304	0.066554	0.463637	0.117046
140.000000	0.085143	-0.010979	-0.159306	0.372610	0.065542	0.459777	0.115505
135.000000	0.045054	-0.033460	-0.056648	0.374438	0.062831	0.462055	0.111605
130.000000	0.047166	-0.075614	0.169946	0.370025	0.064986	0.452826	0.101184
125.000000	0.170006	-0.087857	0.427869	0.369767	0.081273	0.449088	0.094428
120.000000	0.268983	-0.052367	0.590333	0.390281	0.098927	0.451714	0.095024
115.000000	0.303276	-0.034045	0.640597	0.404694	0.106722	0.450828	0.095745
110.000000	0.308756	-0.025408	0.642919	0.406036	0.106487	0.455970	0.095801
105.000000	0.305591	-0.019306	0.630489	0.403311	0.103858	0.453920	0.093990
100.000000	0.283334	-0.023579	0.590247	0.395468	0.097185	0.455852	0.091301
95.000000	0.254256	-0.035370	0.543882	0.383872	0.090211	0.456159	0.087587
90.000000	0.248171	-0.056947	0.553288	0.392930	0.093130	0.456608	0.083838
85.000000	0.226797	-0.101392	0.554986	0.391658	0.094492	0.449619	0.076742
80.000000	0.191895	-0.168189	0.551979	0.390073	0.094585	0.456534	0.072322
75.000000	0.117777	-0.263540	0.499094	0.382595	0.086264	0.445904	0.065498
70.000000	0.018532	-0.397600	0.360536	0.375281	0.063140	0.454057	0.069515
65.000000	0.141271	-0.513688	0.231147	0.371605	0.039762	0.463502	0.077327
60.000000	0.222889	-0.668883	0.223104	0.371347	0.026711	0.460070	0.086680
55.000000	0.284836	-0.883445	0.313772	0.368055	0.026864	0.446773	0.092287
50.000000	0.314501	-0.972436	0.343434	0.367698	0.043753	0.450898	0.092461
45.000000	0.344044	-1.035957	0.347868	0.374201	0.055855	0.444161	0.097837
40.000000	0.394860	-1.127929	0.338209	0.371860	0.059654	0.450934	0.107748
35.000000	0.432487	-1.179713	0.314739	0.378420	0.066956	0.447101	0.114752
30.000000	0.475615	-1.251089	0.299859	0.382193	0.068997	0.440509	0.125497
25.000000	0.519221	-1.318954	0.280512	0.379830	0.067798	0.448941	0.134385
20.000000	0.544767	-1.342637	0.253102	0.380853	0.072770	0.454904	0.143011
15.000000	0.559228	-1.346366	0.227910	0.380736	0.079009	0.443603	0.145226
10.000000	0.565298	-1.343791	0.213195	0.378249	0.085880	0.447436	0.146382
5.000000	0.537441	-1.283085	0.208204	0.377195	0.104352	0.446623	0.144966
0.000000	0.488114	-1.207849	0.231621	0.384809	0.128826	0.451546	0.131887
