255.000000	0.000000	0.000000	0.000000	0.327366	0.139837	0.421171	0.145382
250.000000	0.005190	0.005913	0.004468	0.332981	0.141792	0.430875	0.147839
245.000000	0.010812	0.020550	0.001074	0.320869	0.138941	0.419798	0.145351
240.000000	0.028856	0.055989	0.001724	0.328657	0.141327	0.428502	0.146197
235.000000	0.050389	0.099679	0.001099	0.332279	0.140955	0.432426	0.150324
230.000000	0.067887	0.137496	-0.001721	0.330689	0.138780	0.445944	0.146396
225.000000	0.073908	0.148923	-0.001107	0.347434	0.146681	0.442451	0.148965
220.000000	0.085369	0.170991	-0.000254	0.348184	0.144176	0.446954	0.147360
215.000000	0.096843	0.194042	-0.000355	0.334413	0.141893	0.452944	0.150919
210.000000	0.153783	0.314606	-0.007039	0.341731	0.145991	0.473643	0.145636
205.000000	0.182956	0.372684	-0.006773	0.338197	0.144292	0.469445	0.159918
200.000000	0.196985	0.399040	-0.005070	0.350423	0.140376	0.457703	0.158571
195.000000	0.207975	0.423800	-0.007850	0.342733	0.147470	0.471983	0.158572
190.000000	0.207725	0.428760	-0.013311	0.344293	0.148128	0.461250	0.153925
185.000000	0.544393	1.207670	-0.118884	0.380952	0.111340	0.491941	0.078883
180.000000	0.168611	0.335222	0.002000	0.334404	0.145236	0.471688	0.157196
175.000000	0.131733	0.246726	0.016740	0.343099	0.142456	0.464254	0.142315
170.000000	0.105416	0.176351	0.034482	0.329784	0.138267	0.437538	0.146248
165.000000	0.115383	0.185551	0.045215	0.344597	0.143132	0.446663	0.146164
160.000000	0.160369	0.272706	0.048033	0.339116	0.146590	0.450379	0.156006
155.000000	0.180319	0.310116	0.050521	0.348468	0.141992	0.452036	0.151856
150.000000	0.118224	0.157314	0.079134	0.323868	0.139171	0.465401	0.147105
145.000000	0.080515	0.067895	0.093135	0.336220	0.142935	0.455398	0.142345
140.000000	0.060528	0.000051	0.121004	0.333975	0.145803	0.417160	0.138302
135.000000	0.057317	-0.043475	0.158109	0.341587	0.153161	0.413555	0.129062
130.000000	0.113210	0.017869	0.208551	0.337062	0.147005	0.403976	0.118077
125.000000	0.203273	0.127739	0.278807	0.342867	0.149405	0.442893	0.132969
120.000000	0.304415	0.256970	0.351859	0.355173	0.144821	0.468697	0.154063
115.000000	0.387137	0.342658	0.431615	0.338805	0.147368	0.464759	0.167600
110.000000	0.458934	0.407709	0.510158	0.344379	0.148994	0.449222	0.195725
105.000000	0.519332	0.444096	0.594568	0.351207	0.154353	0.421731	0.212140
100.000000	0.569837	0.479293	0.660382	0.347952	0.158829	0.416771	0.229349
95.000000	0.612257	0.524309	0.700204	0.359735	0.154431	0.389381	0.223001
90.000000	0.649577	0.572854	0.726299	0.362077	0.163106	0.411766	0.210336
85.000000	0.692673	0.601438	0.783908	0.341921	0.147358	0.415660	0.182370
80.000000	0.754249	0.607433	0.901066	0.334866	0.130981	0.423257	0.147499
75.000000	0.647829	0.537496	0.758161	0.274774	0.080431	0.411000	0.127674
70.000000	0.926108	0.623111	1.229106	0.328661	0.113388	0.422235	0.109286
65.000000	1.026458	0.644824	1.408091	0.303001	0.109075	0.428052	0.101417
60.000000	1.133643	0.670911	1.596376	0.339588	0.126640	0.444435	0.107548
55.000000	0.845505	-0.222365	1.913374	0.292367	0.133062	0.375120	0.068730
50.000000	1.225557	0.695145	1.755968	0.321585	0.128861	0.437160	0.115740
45.000000	1.230552	0.688114	1.772990	0.331340	0.124319	0.460575	0.121208
40.000000	1.238664	0.683574	1.793754	0.326748	0.114483	0.456487	0.121067
35.000000	1.267004	0.692402	1.841606	0.322926	0.115374	0.451683	0.125302
30.000000	1.293640	0.701234	1.886047	0.320434	0.112328	0.463410	0.134968
25.000000	1.303723	0.701906	1.905541	0.317047	0.103890	0.462719	0.138175
20.000000	1.306913	0.694821	1.919005	0.323453	0.102925	0.460464	0.136995
15.000000	1.372660	0.847299	1.898021	0.279822	0.058980	0.444405	0.070264
10.000000	1.310610	0.683590	1.937631	0.335736	0.100390	0.458901	0.135944
5.000000	1.316127	0.687532	1.944723	0.320292	0.096938	0.461723	0.136737
0.000000	1.324596	0.691268	1.957924	0.320537	0.097250	0.455889	0.138314
