0.000000	0.594163
5.000000	0.599265
10.000000	0.607293
15.000000	0.619533
20.000000	0.636279
25.000000	0.658635
30.000000	0.681169
35.000000	0.713182
40.000000	0.751763
45.000000	0.797011
50.000000	0.848720
55.000000	0.891049
60.000000	0.944017
65.000000	0.983936
70.000000	0.999975
75.000000	1.000000
80.000000	0.978114
85.000000	0.963734
90.000000	0.913125
95.000000	0.896637
100.000000	0.866009
105.000000	0.850257
110.000000	0.837323
115.000000	0.827271
120.000000	0.822635
125.000000	0.819584
130.000000	0.816971
135.000000	0.815503
140.000000	0.814630
145.000000	0.814174
150.000000	0.812965
155.000000	0.811402
160.000000	0.810725
165.000000	0.810593
170.000000	0.810452
175.000000	0.809364
180.000000	0.807919
185.000000	0.807921
190.000000	0.807708
195.000000	0.808033
200.000000	0.807470
205.000000	0.807345
210.000000	0.806934
215.000000	0.806862
220.000000	0.807136
225.000000	0.806937
230.000000	0.806475
235.000000	0.806215
240.000000	0.806835
245.000000	0.807859
250.000000	0.806257
255.000000	0.807141
