0.000000	0.116365
5.000000	0.115152
10.000000	0.114030
15.000000	0.112328
20.000000	0.108387
25.000000	0.104261
30.000000	0.097175
35.000000	0.089317
40.000000	0.078907
45.000000	0.066032
50.000000	0.057516
55.000000	0.051224
60.000000	0.053923
65.000000	0.075694
70.000000	0.126419
75.000000	0.214441
80.000000	0.341412
85.000000	0.454701
90.000000	0.598621
95.000000	0.688418
100.000000	0.782595
105.000000	0.862812
110.000000	0.901132
115.000000	0.929555
120.000000	0.949004
125.000000	0.963875
130.000000	0.973808
135.000000	0.979803
140.000000	0.985662
145.000000	0.989107
150.000000	0.990446
155.000000	0.992239
160.000000	0.993456
165.000000	0.995064
170.000000	0.995897
175.000000	0.996268
180.000000	0.997147
185.000000	0.997160
190.000000	0.997425
195.000000	0.997810
200.000000	0.998836
205.000000	0.999873
210.000000	1.000000
215.000000	0.999239
220.000000	0.999277
225.000000	0.998731
230.000000	0.997745
235.000000	0.997072
240.000000	0.997694
245.000000	0.998115
250.000000	0.998432
255.000000	0.999811
