0.000000	0.597869
5.000000	0.602887
10.000000	0.609404
15.000000	0.622568
20.000000	0.640494
25.000000	0.658607
30.000000	0.686603
35.000000	0.719300
40.000000	0.761293
45.000000	0.799416
50.000000	0.850019
55.000000	0.902325
60.000000	0.939139
65.000000	0.978986
70.000000	0.999354
75.000000	1.000000
80.000000	0.980735
85.000000	0.946553
90.000000	0.917413
95.000000	0.884849
100.000000	0.866554
105.000000	0.845629
110.000000	0.834441
115.000000	0.829071
120.000000	0.824040
125.000000	0.820695
130.000000	0.818319
135.000000	0.816220
140.000000	0.814762
145.000000	0.813746
150.000000	0.812651
155.000000	0.811889
160.000000	0.811537
165.000000	0.811310
170.000000	0.810941
175.000000	0.811190
180.000000	0.810907
185.000000	0.811071
190.000000	0.810890
195.000000	0.811077
200.000000	0.810732
205.000000	0.811275
210.000000	0.811398
215.000000	0.811635
220.000000	0.811692
225.000000	0.811396
230.000000	0.811278
235.000000	0.811237
240.000000	0.811400
245.000000	0.807356
250.000000	0.811186
255.000000	0.811221
