255.000000	0.000000	0.000000	0.000000	0.408693	0.270706	0.386856	0.350080
250.000000	0.055419	-0.043057	-0.055419	0.398292	0.264381	0.374458	0.353606
245.000000	0.105311	-0.069855	-0.105311	0.403922	0.269821	0.362806	0.348019
240.000000	0.138092	-0.088013	-0.138092	0.402353	0.269815	0.373859	0.344524
235.000000	0.158382	-0.095173	-0.158382	0.411048	0.271106	0.377140	0.339847
230.000000	0.146774	-0.089941	-0.146774	0.403305	0.265438	0.372701	0.331564
225.000000	0.163645	-0.079964	-0.163645	0.384401	0.257776	0.387660	0.336150
220.000000	0.160457	-0.070251	-0.160457	0.388245	0.264037	0.385894	0.327723
215.000000	0.123241	-0.054529	-0.123241	0.385946	0.262080	0.388813	0.327516
210.000000	0.071668	-0.039395	-0.071668	0.388843	0.256329	0.387100	0.324880
205.000000	0.005610	-0.025433	-0.005610	0.403168	0.259109	0.384449	0.320977
200.000000	0.040557	-0.012188	0.040557	0.389501	0.254813	0.378109	0.311707
195.000000	0.085642	0.001455	0.085642	0.373914	0.243075	0.376264	0.313081
190.000000	0.119073	0.015642	0.119073	0.400108	0.257663	0.371289	0.308135
185.000000	0.137754	0.029947	0.137754	0.387521	0.247575	0.375735	0.308457
180.000000	0.130340	0.046330	0.130340	0.395660	0.252933	0.374109	0.306330
175.000000	0.119203	0.062942	0.119203	0.379503	0.244568	0.374531	0.309885
170.000000	0.103916	0.077401	0.103916	0.383508	0.248574	0.378977	0.313980
165.000000	0.074431	0.091360	0.074431	0.383152	0.256042	0.379342	0.314791
160.000000	0.030633	0.114279	0.030633	0.374096	0.250767	0.378929	0.320333
155.000000	0.004668	0.134377	0.004668	0.378775	0.257460	0.376704	0.316506
150.000000	0.026030	0.150354	-0.026030	0.376068	0.262036	0.384202	0.322909
145.000000	0.041039	0.166280	-0.041039	0.364162	0.254404	0.380647	0.327387
140.000000	0.022170	0.183634	-0.022170	0.377934	0.260705	0.382080	0.322127
135.000000	0.023463	0.197546	-0.023463	0.379427	0.262862	0.377400	0.327739
130.000000	0.027649	0.212581	-0.027649	0.375760	0.270428	0.381311	0.326964
125.000000	0.034913	0.224672	-0.034913	0.380637	0.270313	0.382924	0.328820
120.000000	0.063804	0.235889	-0.063804	0.373912	0.260931	0.382776	0.334257
115.000000	0.110700	0.248331	-0.110700	0.369858	0.266708	0.388153	0.337813
110.000000	0.148233	0.259770	-0.148233	0.370844	0.265626	0.386833	0.343544
105.000000	0.194414	0.270841	-0.194414	0.373034	0.271015	0.384757	0.338749
100.000000	0.220663	0.281055	-0.220663	0.374575	0.270118	0.381234	0.338108
95.000000	0.250244	0.293096	-0.250244	0.385732	0.280327	0.381231	0.338851
90.000000	0.265625	0.296648	-0.265625	0.375937	0.277572	0.378507	0.337073
85.000000	0.266422	0.309411	-0.266422	0.382558	0.275058	0.378573	0.339418
80.000000	0.255307	0.319943	-0.255307	0.388220	0.285209	0.382069	0.340880
75.000000	0.264304	0.324571	-0.264304	0.391001	0.280828	0.382510	0.336334
70.000000	0.277574	0.330317	-0.277574	0.381857	0.277009	0.383608	0.341053
65.000000	0.279568	0.339665	-0.279568	0.389363	0.286790	0.382111	0.347491
60.000000	0.248900	0.349010	-0.248900	0.383825	0.281849	0.375903	0.343439
55.000000	0.200954	0.354141	-0.200954	0.387810	0.283470	0.382348	0.345961
50.000000	0.164277	0.358027	-0.164277	0.392195	0.283863	0.381094	0.343124
45.000000	0.118643	0.362700	-0.118643	0.378893	0.275200	0.381904	0.344695
40.000000	0.179359	-1.367592	-0.179359	0.384559	0.206732	0.344856	0.275075
35.000000	0.067562	0.377304	-0.067562	0.387754	0.285275	0.383842	0.341030
30.000000	0.036546	0.388934	-0.036546	0.391268	0.282689	0.378202	0.337294
25.000000	0.012204	0.400802	0.012204	0.383636	0.280035	0.377324	0.331145
20.000000	0.038796	0.408302	0.038796	0.383110	0.277830	0.375442	0.326772
15.000000	0.062038	0.414824	0.062038	0.380916	0.276091	0.376910	0.326959
10.000000	0.071106	0.416666	0.071106	0.384169	0.276999	0.374102	0.323582
5.000000	0.110213	0.420867	0.110213	0.376716	0.272137	0.374512	0.320915
0.000000	0.115894	0.427333	0.115894	0.379037	0.274897	0.370400	0.319115
