0.000000	0.520798
5.000000	0.520054
10.000000	0.520225
15.000000	0.519459
20.000000	0.519184
25.000000	0.519402
30.000000	0.517458
35.000000	0.516840
40.000000	0.517300
45.000000	0.514775
50.000000	0.513416
55.000000	0.512546
60.000000	0.510338
65.000000	0.507970
70.000000	0.508000
75.000000	0.504411
80.000000	0.503635
85.000000	0.498900
90.000000	0.494211
95.000000	0.492258
100.000000	0.489026
105.000000	0.482041
110.000000	0.477186
115.000000	0.470325
120.000000	0.470053
125.000000	0.457943
130.000000	0.453280
135.000000	0.449715
140.000000	0.434850
145.000000	0.429218
150.000000	0.417715
155.000000	0.416800
160.000000	0.401145
165.000000	0.398781
170.000000	0.385161
175.000000	0.381082
180.000000	0.382425
185.000000	0.372535
190.000000	0.382197
195.000000	0.382939
200.000000	0.388404
205.000000	0.411605
210.000000	0.436538
215.000000	0.459717
220.000000	0.497398
225.000000	0.554260
230.000000	0.597730
235.000000	0.676487
240.000000	0.749219
245.000000	0.830060
250.000000	0.918567
255.000000	1.000000
