255.000000	0.000000	0.000000	0.000000	0.329662	0.146225	0.439855	0.165520
250.000000	0.036682	-0.094746	0.021381	0.329671	0.139521	0.438065	0.161111
245.000000	0.017265	0.036640	-0.002110	0.338973	0.141258	0.444639	0.162612
240.000000	0.012632	0.014427	0.010837	0.323090	0.134629	0.446621	0.163760
235.000000	0.027284	-0.071127	0.016558	0.355817	0.136576	0.441936	0.166079
230.000000	0.047563	-0.121737	0.026612	0.314942	0.135832	0.419623	0.166362
225.000000	0.084762	-0.232827	0.063303	0.318865	0.131138	0.429117	0.162039
220.000000	0.096249	-0.232776	0.040279	0.331743	0.127254	0.429192	0.168999
215.000000	0.125295	-0.379148	0.128559	0.338400	0.137615	0.423066	0.162742
210.000000	0.179262	-0.610565	0.252041	0.370558	0.150031	0.417357	0.160237
205.000000	0.095697	-0.350614	0.159219	0.348965	0.134191	0.421236	0.165439
200.000000	0.111308	-0.373082	0.150466	0.348976	0.136277	0.432076	0.165390
195.000000	0.059462	-0.216217	0.097293	0.321254	0.132085	0.433416	0.161502
190.000000	0.036172	0.103611	-0.031266	0.348396	0.152235	0.446997	0.162095
185.000000	0.010219	0.067938	-0.047501	0.338468	0.153384	0.440997	0.158408
180.000000	0.018368	-0.039906	0.003170	0.322541	0.138498	0.425832	0.165186
175.000000	0.013514	0.040924	-0.013896	0.323808	0.142563	0.465727	0.162584
170.000000	0.009237	0.030025	-0.011551	0.328011	0.147177	0.439190	0.164324
165.000000	0.013921	-0.039072	0.011231	0.322727	0.138238	0.436466	0.164499
160.000000	0.052740	-0.145546	0.040066	0.324267	0.133533	0.427387	0.163279
155.000000	0.096297	-0.284857	0.092262	0.336420	0.132299	0.415658	0.154477
150.000000	0.123381	-0.431298	0.184536	0.355186	0.139120	0.403507	0.155996
145.000000	0.063145	-0.298677	0.172387	0.337651	0.141352	0.419370	0.149833
140.000000	0.090693	-0.425730	0.244343	0.358826	0.140512	0.412984	0.155492
135.000000	0.027835	-0.315254	0.259583	0.352104	0.141302	0.423750	0.148411
130.000000	0.046084	-0.209575	0.301744	0.345594	0.138156	0.415159	0.143274
125.000000	0.093596	-0.204863	0.392054	0.338655	0.147946	0.406008	0.142518
120.000000	0.118042	-0.247563	0.483646	0.342638	0.151034	0.407193	0.119601
115.000000	0.255174	-0.009226	0.519574	0.329420	0.150471	0.416184	0.167757
110.000000	0.328243	0.162200	0.494287	0.321332	0.147274	0.433446	0.212844
105.000000	0.384234	0.270095	0.498374	0.304139	0.163925	0.420417	0.244056
100.000000	0.438970	0.316010	0.561930	0.308181	0.178607	0.414823	0.260503
95.000000	0.474934	0.355419	0.594448	0.298849	0.193682	0.404007	0.255599
90.000000	0.521819	0.377513	0.666125	0.291716	0.198373	0.399736	0.233698
85.000000	0.693582	0.263880	1.123284	0.325780	0.137477	0.405229	0.126098
80.000000	0.921716	0.300299	1.543134	0.330883	0.105299	0.440783	0.103647
75.000000	1.016532	0.260019	1.773045	0.330677	0.103316	0.428461	0.107649
70.000000	1.032592	0.226011	1.839172	0.305417	0.085687	0.444796	0.120675
65.000000	1.098774	0.182328	2.015221	0.303519	0.088985	0.426311	0.127796
60.000000	1.167231	0.149345	2.185116	0.301860	0.111162	0.409859	0.141507
55.000000	1.101695	0.079405	2.123984	0.310034	0.093075	0.430952	0.127219
50.000000	1.113238	0.045626	2.180850	0.296306	0.085326	0.428760	0.130655
45.000000	1.138730	0.042115	2.235345	0.296097	0.088693	0.409961	0.137068
40.000000	1.187670	0.072562	2.302778	0.317033	0.109699	0.419368	0.145942
35.000000	1.191135	0.050762	2.331509	0.310759	0.106084	0.409050	0.143210
30.000000	1.175302	0.012845	2.337759	0.307980	0.104500	0.420294	0.141507
25.000000	1.183456	0.003874	2.363039	0.315728	0.106215	0.419508	0.141587
20.000000	1.163787	-0.031712	2.359287	0.310659	0.105155	0.426008	0.135820
15.000000	1.166204	-0.037031	2.369438	0.314192	0.105682	0.430176	0.142051
10.000000	1.183187	-0.020925	2.387300	0.315884	0.110757	0.419347	0.143819
5.000000	1.183626	-0.028684	2.395937	0.314540	0.107875	0.427393	0.149933
0.000000	1.187688	-0.032432	2.407808	0.327496	0.109789	0.425898	0.147618
