255.000000	0.000000	0.000000	0.000000	0.358889	0.138223	0.388218	0.257320
250.000000	0.050058	-0.043500	0.143616	0.359694	0.139617	0.378600	0.248783
245.000000	0.079278	-0.051221	0.209777	0.356165	0.144338	0.377416	0.244990
240.000000	0.097677	-0.041203	0.236557	0.359808	0.146278	0.379335	0.244446
235.000000	0.114890	-0.023943	0.253723	0.356621	0.143541	0.377361	0.240545
230.000000	0.135104	-0.008988	0.279196	0.361350	0.144511	0.375485	0.243840
225.000000	0.147957	0.012562	0.283353	0.358549	0.143177	0.377120	0.242687
220.000000	0.174678	0.016665	0.332691	0.355326	0.143104	0.377416	0.242218
215.000000	0.193745	0.033568	0.353923	0.358424	0.143911	0.371484	0.239033
210.000000	0.211827	0.048397	0.375257	0.355271	0.140932	0.373922	0.244939
205.000000	0.233892	0.073860	0.393924	0.348023	0.136816	0.366690	0.239939
200.000000	0.265538	0.096946	0.434130	0.353601	0.136134	0.377498	0.244237
195.000000	0.279553	0.141203	0.417903	0.358943	0.130101	0.366887	0.240496
190.000000	0.281114	0.189100	0.373127	0.356852	0.122293	0.367319	0.240241
185.000000	0.279145	0.241413	0.316877	0.357560	0.118882	0.370187	0.243944
180.000000	0.284134	0.283502	0.284767	0.362197	0.116816	0.359590	0.239315
175.000000	0.310893	0.297845	0.323941	0.351170	0.111456	0.370069	0.248435
170.000000	0.347021	0.296003	0.398040	0.356228	0.110872	0.375391	0.249880
165.000000	0.366674	0.309781	0.423568	0.357204	0.108656	0.371775	0.250739
160.000000	0.388516	0.324172	0.452860	0.352359	0.105720	0.380437	0.257817
155.000000	0.419155	0.327111	0.511200	0.357435	0.105441	0.379597	0.261390
150.000000	0.466490	0.310913	0.622067	0.348908	0.109733	0.391404	0.273226
145.000000	0.523488	0.286627	0.760348	0.347933	0.121376	0.388010	0.269071
140.000000	0.564933	0.290968	0.838897	0.344761	0.129000	0.381742	0.268096
135.000000	0.590211	0.304934	0.875488	0.345962	0.130209	0.381628	0.271524
130.000000	0.609875	0.309995	0.909756	0.345041	0.127433	0.374900	0.265989
125.000000	0.642198	0.327867	0.956528	0.345849	0.136679	0.377826	0.267312
120.000000	0.636704	0.349938	0.923471	0.345422	0.120525	0.370187	0.262688
115.000000	0.634599	0.393071	0.876128	0.346372	0.110687	0.372574	0.263991
110.000000	0.653453	0.395478	0.911429	0.342579	0.109265	0.366596	0.262534
105.000000	0.669631	0.410452	0.928810	0.347696	0.112470	0.374415	0.265747
100.000000	0.685772	0.419947	0.951596	0.341349	0.109876	0.367908	0.263615
95.000000	0.711616	0.415835	1.007397	0.348020	0.117768	0.369617	0.264223
90.000000	0.747292	0.405906	1.088678	0.340482	0.128512	0.372344	0.267604
85.000000	0.788712	0.421802	1.155622	0.347953	0.148235	0.374889	0.269130
80.000000	0.790083	0.433946	1.146220	0.341272	0.131655	0.374153	0.267708
75.000000	0.775475	0.459514	1.091436	0.344493	0.121743	0.371747	0.267304
70.000000	0.752585	0.511401	0.993770	0.339931	0.097573	0.371335	0.263629
65.000000	0.757781	0.524303	0.991259	0.339672	0.092370	0.371027	0.263525
60.000000	0.782923	0.513044	1.052801	0.338468	0.103659	0.380327	0.266552
55.000000	0.810677	0.494908	1.126445	0.340398	0.112474	0.380765	0.267260
50.000000	0.826780	0.496203	1.157356	0.339195	0.117053	0.381223	0.265274
45.000000	0.826089	0.505400	1.146779	0.342537	0.117539	0.384013	0.268270
40.000000	0.808270	0.534540	1.081999	0.335895	0.097863	0.375651	0.264990
35.000000	0.795336	0.550712	1.039961	0.338335	0.094966	0.378114	0.263179
30.000000	0.781965	0.581354	0.982576	0.338322	0.084846	0.375450	0.261509
25.000000	0.776402	0.611768	0.941036	0.337401	0.081612	0.375077	0.261431
20.000000	0.749098	0.700171	0.798025	0.342540	0.074121	0.372762	0.257182
15.000000	0.719996	0.790982	0.649009	0.343476	0.074662	0.367842	0.256138
10.000000	0.715278	0.812018	0.618538	0.345441	0.079796	0.371013	0.255795
5.000000	0.756760	0.716713	0.796808	0.340806	0.072411	0.371178	0.256541
0.000000	0.816151	0.576730	1.055571	0.334380	0.087158	0.378668	0.262225
