255.000000	0.000000	0.000000	0.000000	0.418778	0.060068	0.378022	0.205006
250.000000	0.027001	0.037911	0.016090	0.418107	0.060475	0.376836	0.204706
245.000000	0.075052	0.011348	0.138756	0.424177	0.055175	0.381447	0.206570
240.000000	0.091762	0.055698	0.127826	0.428946	0.054294	0.380757	0.203788
235.000000	0.124216	0.054231	0.194200	0.428700	0.050001	0.386657	0.209568
230.000000	0.131498	0.134575	0.128421	0.429669	0.049179	0.387668	0.210267
225.000000	0.248349	-0.025943	0.522641	0.441674	0.049552	0.402804	0.214490
220.000000	0.316449	-0.100207	0.733105	0.444864	0.075667	0.396730	0.211343
215.000000	0.347210	-0.088916	0.783336	0.445566	0.070275	0.407092	0.219404
210.000000	0.371527	-0.081320	0.824374	0.433816	0.069216	0.407542	0.220962
205.000000	0.393900	-0.077790	0.865591	0.443192	0.059806	0.414854	0.226621
200.000000	0.404488	-0.076511	0.885488	0.436728	0.056989	0.409008	0.224497
195.000000	0.430034	-0.089221	0.949288	0.440212	0.060639	0.393307	0.220876
190.000000	0.428604	-0.085486	0.942694	0.437189	0.039314	0.393118	0.220493
185.000000	0.460226	-0.095447	1.015898	0.429498	0.033875	0.384253	0.219816
180.000000	0.525589	-0.067783	1.118960	0.436023	0.051658	0.375309	0.223202
175.000000	0.561605	-0.053286	1.176496	0.435911	0.052970	0.381282	0.221010
170.000000	0.544101	-0.112129	1.200332	0.438218	0.036099	0.379486	0.222704
165.000000	0.548465	-0.204915	1.301844	0.433737	0.030074	0.370678	0.216198
160.000000	0.576131	-0.187247	1.339508	0.432013	0.026922	0.383159	0.215868
155.000000	0.637021	-0.087190	1.361232	0.438914	0.051426	0.379711	0.211120
150.000000	0.656490	-0.086434	1.399413	0.431242	0.046276	0.383115	0.212789
145.000000	0.638350	-0.163381	1.440082	0.425972	0.037336	0.372949	0.209814
140.000000	0.681584	-0.128725	1.491893	0.430422	0.045065	0.373175	0.207976
135.000000	0.766266	0.051322	1.481210	0.433099	0.068593	0.388878	0.214320
130.000000	0.764811	0.000019	1.529603	0.432843	0.064555	0.377653	0.208968
125.000000	0.662411	-0.455036	1.779857	0.420451	0.032143	0.374422	0.203071
120.000000	0.611564	-0.693969	1.917096	0.423082	0.053266	0.359307	0.200759
115.000000	0.638544	-0.685087	1.962174	0.434297	0.051627	0.368740	0.200927
110.000000	0.673960	-0.608533	1.956452	0.424896	0.048305	0.367981	0.200418
105.000000	0.727480	-0.399067	1.854026	0.424809	0.044896	0.368043	0.202735
100.000000	0.789167	-0.147009	1.725343	0.425417	0.044542	0.374791	0.205167
95.000000	0.811871	-0.059075	1.682818	0.422482	0.056544	0.376448	0.207102
90.000000	0.777941	-0.228634	1.784516	0.423099	0.042932	0.375576	0.205019
85.000000	0.809274	-0.112401	1.730949	0.417412	0.051023	0.375583	0.206965
80.000000	0.782682	-0.290648	1.856012	0.427469	0.044333	0.373236	0.203604
75.000000	0.827541	-0.084695	1.739776	0.424900	0.052273	0.380923	0.207240
70.000000	0.808174	-0.203904	1.820251	0.422032	0.047563	0.374054	0.204275
65.000000	0.768555	-0.425034	1.962145	0.429098	0.049070	0.374047	0.200536
60.000000	0.795011	-0.329379	1.919401	0.421334	0.050697	0.367207	0.200522
55.000000	0.775153	-0.437749	1.988056	0.432654	0.050707	0.371795	0.199270
50.000000	0.806462	-0.285144	1.898069	0.425601	0.049711	0.373580	0.201682
45.000000	0.808924	-0.301547	1.919395	0.432315	0.047514	0.375564	0.204089
40.000000	0.821660	-0.289236	1.932555	0.424342	0.050633	0.375113	0.204021
35.000000	0.856301	-0.149931	1.862532	0.413624	0.052013	0.379901	0.208621
30.000000	0.818592	-0.351555	1.988739	0.427881	0.051121	0.374880	0.202741
25.000000	0.776069	-0.490311	2.042449	0.426221	0.064830	0.369651	0.197922
20.000000	0.832210	-0.333711	1.998130	0.434154	0.051037	0.381041	0.205564
15.000000	0.795335	-0.449608	2.040279	0.420346	0.061601	0.373363	0.200192
10.000000	0.766654	-0.525876	2.059185	0.431410	0.065167	0.370436	0.196385
5.000000	0.721193	-0.625748	2.068135	0.428076	0.085645	0.360373	0.190466
0.000000	0.768552	-0.558102	2.095206	0.436809	0.074269	0.371019	0.195176
