255.000000	0.000000	0.000000	0.000000	0.387616	0.186337	0.402317	0.217959
250.000000	0.005095	-0.049256	0.005095	0.402146	0.195708	0.401132	0.216699
245.000000	0.009013	-0.090937	0.009013	0.406545	0.201365	0.401392	0.216593
240.000000	0.012084	-0.120452	0.012084	0.404768	0.203533	0.400133	0.215667
235.000000	0.015291	-0.139153	0.015291	0.408665	0.206831	0.400167	0.215568
230.000000	0.016780	-0.134447	0.016780	0.407629	0.205850	0.400768	0.215461
225.000000	0.017279	-0.131421	0.017279	0.407695	0.205371	0.400389	0.215295
220.000000	0.017914	-0.121334	0.017914	0.409933	0.205855	0.406545	0.217789
215.000000	0.017402	-0.095276	0.017402	0.407349	0.201799	0.404431	0.217089
210.000000	0.017283	-0.059975	0.017283	0.406227	0.198504	0.403343	0.217552
205.000000	0.015529	-0.035721	0.015529	0.394856	0.191143	0.404182	0.217245
200.000000	0.014888	-0.020016	0.014888	0.399872	0.191663	0.403158	0.216553
195.000000	0.014212	-0.013760	0.014212	0.397923	0.191157	0.403423	0.217739
190.000000	0.014952	-0.033519	0.014952	0.403202	0.194200	0.404102	0.217209
185.000000	0.015248	-0.049822	0.015248	0.405114	0.196207	0.403745	0.216300
180.000000	0.016023	-0.061169	0.016023	0.408524	0.197048	0.404169	0.215845
175.000000	0.018114	-0.068948	0.018114	0.410734	0.198223	0.402540	0.215547
170.000000	0.021068	-0.087054	0.021068	0.409984	0.199522	0.402206	0.214302
165.000000	0.021174	-0.106825	0.021174	0.408533	0.201631	0.403298	0.214010
160.000000	0.022120	-0.121929	0.022120	0.409284	0.202141	0.404742	0.215264
155.000000	0.023964	-0.120931	0.023964	0.409140	0.201870	0.405872	0.215590
150.000000	0.025380	-0.096840	0.025380	0.408791	0.199548	0.403634	0.215128
145.000000	0.025273	-0.053391	0.025273	0.409309	0.196017	0.405700	0.216406
140.000000	0.025806	-0.021648	0.025806	0.410656	0.195880	0.401394	0.217454
135.000000	0.026918	-0.012870	0.026918	0.407727	0.193174	0.401851	0.218392
130.000000	0.029451	-0.026174	0.029451	0.413408	0.196299	0.400649	0.217963
125.000000	0.032093	-0.054265	0.032093	0.407999	0.196975	0.402511	0.218125
120.000000	0.037033	-0.082133	0.037033	0.408320	0.200042	0.401818	0.220239
115.000000	0.044821	-0.108293	0.044821	0.407835	0.202785	0.399365	0.220328
110.000000	0.055731	-0.143761	0.055731	0.403950	0.205071	0.401117	0.223993
105.000000	0.075776	-0.183226	0.075776	0.390624	0.205532	0.400780	0.226143
100.000000	0.102403	-0.213229	0.102403	0.376637	0.207126	0.405561	0.232788
95.000000	0.143735	-0.199678	0.143735	0.369612	0.207212	0.408791	0.241400
90.000000	0.207655	-0.157184	0.207655	0.358273	0.204380	0.401286	0.249160
85.000000	0.304075	-0.026568	0.304075	0.356548	0.200327	0.374128	0.248221
80.000000	0.426363	0.142177	0.426363	0.347965	0.191707	0.371907	0.251196
75.000000	0.576315	0.346674	0.576315	0.351338	0.190482	0.365980	0.243735
70.000000	0.531114	1.950575	0.531114	0.385399	0.184870	0.317281	0.161299
65.000000	0.852810	0.747673	0.852810	0.359567	0.191078	0.364434	0.241480
60.000000	0.962329	0.943914	0.962329	0.361922	0.190896	0.374693	0.235356
55.000000	1.049031	1.097609	1.049031	0.360482	0.191455	0.392268	0.231854
50.000000	1.126706	1.234117	1.126706	0.363021	0.190912	0.370159	0.215775
45.000000	1.190297	1.367936	1.190297	0.371140	0.197207	0.388938	0.223322
40.000000	1.244841	1.448390	1.244841	0.372130	0.197468	0.388852	0.215532
35.000000	1.292065	1.519525	1.292065	0.379564	0.201035	0.389507	0.212492
30.000000	1.331713	1.582675	1.331713	0.379540	0.202017	0.388494	0.205377
25.000000	1.365834	1.642416	1.365834	0.383966	0.203567	0.393386	0.204957
20.000000	1.392284	1.698339	1.392284	0.388940	0.207067	0.392738	0.201539
15.000000	1.412769	1.723207	1.412769	0.388197	0.206032	0.402340	0.204860
10.000000	1.431072	1.748809	1.431072	0.394140	0.208065	0.391950	0.200823
5.000000	1.444743	1.782687	1.444743	0.398081	0.210165	0.403062	0.204007
0.000000	1.453543	1.773283	1.453543	0.393729	0.205650	0.403555	0.204590
