255.000000	0.000000	0.000000	0.000000	0.395410	0.174056	0.434538	0.162228
250.000000	0.004133	0.004133	-0.013443	0.396492	0.177327	0.433086	0.162463
245.000000	0.006450	0.006450	-0.017456	0.397715	0.180639	0.436101	0.164085
240.000000	0.007835	0.007835	-0.022462	0.394300	0.179553	0.433970	0.163534
235.000000	0.009283	0.009283	-0.051783	0.399150	0.187850	0.435738	0.164610
230.000000	0.009388	0.009388	-0.099292	0.403235	0.199427	0.430563	0.165526
225.000000	0.006645	0.006645	-0.138989	0.410038	0.205837	0.432441	0.168358
220.000000	0.003228	-0.003228	-0.204804	0.417506	0.217270	0.432338	0.172091
215.000000	0.018575	-0.018575	-0.265595	0.417491	0.226733	0.431064	0.174302
210.000000	0.036052	-0.036052	-0.306072	0.420266	0.233120	0.430872	0.177857
205.000000	0.050025	-0.050025	-0.323696	0.419558	0.234102	0.429041	0.178837
200.000000	0.054657	-0.054657	-0.327944	0.415920	0.232958	0.428987	0.178062
195.000000	0.057416	-0.057416	-0.334409	0.423570	0.236797	0.431435	0.180246
190.000000	0.057024	-0.057024	-0.338408	0.414947	0.234213	0.433299	0.179691
185.000000	0.059192	-0.059192	-0.353493	0.419999	0.239469	0.434040	0.180528
180.000000	0.057107	-0.057107	-0.355048	0.415300	0.237097	0.427485	0.178141
175.000000	0.054302	-0.054302	-0.353383	0.416445	0.239320	0.425148	0.176778
170.000000	0.049651	-0.049651	-0.335181	0.414675	0.235607	0.429927	0.178026
165.000000	0.041807	-0.041807	-0.313954	0.410560	0.231345	0.428294	0.176405
160.000000	0.029125	-0.029125	-0.277013	0.410316	0.226280	0.428624	0.174659
155.000000	0.016268	-0.016268	-0.228778	0.412078	0.219996	0.427063	0.172283
150.000000	0.005921	-0.005921	-0.177008	0.409910	0.210255	0.428833	0.170520
145.000000	0.000449	0.000449	-0.115844	0.402717	0.199191	0.429700	0.167819
140.000000	0.000298	0.000298	-0.038168	0.396840	0.183601	0.432842	0.164713
135.000000	0.001038	-0.001038	0.007379	0.400900	0.174094	0.434301	0.162995
130.000000	0.001222	-0.001222	0.028241	0.392747	0.167621	0.434584	0.162083
125.000000	0.001881	-0.001881	0.047056	0.396661	0.164475	0.435258	0.161319
120.000000	0.000543	-0.000543	0.044938	0.398242	0.166036	0.436208	0.163372
115.000000	0.000795	-0.000795	0.062183	0.399593	0.162257	0.437568	0.163225
110.000000	0.000083	0.000083	0.064529	0.398181	0.162056	0.436460	0.164212
105.000000	0.001819	0.001819	0.055862	0.396740	0.162140	0.432422	0.166303
100.000000	0.000682	0.000682	0.067116	0.395722	0.158557	0.434034	0.167777
95.000000	0.002466	0.002466	0.071021	0.395824	0.156287	0.428891	0.170688
90.000000	0.005207	0.005207	0.070044	0.395115	0.153730	0.423334	0.174718
85.000000	0.004335	0.004335	0.086871	0.395941	0.149079	0.419617	0.177996
80.000000	0.001644	0.001644	0.104510	0.392580	0.144209	0.417874	0.182944
75.000000	0.004360	-0.004360	0.116516	0.393171	0.141416	0.419637	0.185229
70.000000	0.003611	-0.003611	0.114564	0.391272	0.139752	0.423750	0.188952
65.000000	0.000412	0.000412	0.123241	0.391913	0.138554	0.429323	0.189979
60.000000	0.010391	0.010391	0.150027	0.390372	0.135518	0.429403	0.186506
55.000000	0.028855	0.028855	0.175421	0.392068	0.131970	0.426057	0.177954
50.000000	0.049097	0.049097	0.223489	0.392822	0.126657	0.431085	0.172513
45.000000	0.073961	0.073961	0.278940	0.390667	0.121798	0.432726	0.167701
40.000000	0.102368	0.102368	0.321574	0.390291	0.117106	0.431799	0.162866
35.000000	0.129638	0.129638	0.359012	0.389305	0.113566	0.426768	0.161757
30.000000	0.157510	0.157510	0.401385	0.389201	0.110562	0.430344	0.157855
25.000000	0.180403	0.180403	0.436474	0.386101	0.106806	0.424230	0.155669
20.000000	0.204620	0.204620	0.464670	0.388443	0.104743	0.423053	0.157448
15.000000	0.229822	0.229822	0.469404	0.385165	0.103457	0.429877	0.158504
10.000000	0.249779	0.249779	0.472171	0.385220	0.102456	0.427840	0.160100
5.000000	0.267896	0.267896	0.449460	0.385335	0.104697	0.430638	0.160980
0.000000	0.280052	0.280052	0.438498	0.388222	0.105139	0.435824	0.161599
