0.000000	0.960039
5.000000	0.961173
10.000000	0.961303
15.000000	0.961926
20.000000	0.962212
25.000000	0.962946
30.000000	0.962035
35.000000	0.959834
40.000000	0.963362
45.000000	0.962228
50.000000	0.962809
55.000000	0.964168
60.000000	0.962483
65.000000	0.962254
70.000000	0.962884
75.000000	0.964462
80.000000	0.962800
85.000000	0.967219
90.000000	0.965066
95.000000	0.968712
100.000000	0.966534
105.000000	0.967885
110.000000	0.972369
115.000000	0.969436
120.000000	0.965999
125.000000	0.971993
130.000000	0.967675
135.000000	0.965042
140.000000	0.978036
145.000000	0.975211
150.000000	0.981054
155.000000	0.969065
160.000000	0.982187
165.000000	0.985357
170.000000	0.980822
175.000000	0.977295
180.000000	0.991530
185.000000	0.983047
190.000000	0.975807
195.000000	0.988185
200.000000	0.979087
205.000000	1.000000
210.000000	0.996845
215.000000	0.982634
220.000000	0.991790
225.000000	0.974094
230.000000	0.976839
235.000000	0.956551
240.000000	0.931311
245.000000	0.924753
250.000000	0.896291
255.000000	0.881089
