255.000000	0.000000	0.000000	0.000000	0.400157	0.154579	0.501856	0.121020
250.000000	0.000519	-0.018340	0.000519	0.401102	0.154540	0.497696	0.121495
245.000000	0.001782	-0.023087	-0.001782	0.398366	0.152351	0.498457	0.121793
240.000000	0.001416	-0.058856	-0.001416	0.397487	0.151241	0.493427	0.123557
235.000000	0.002689	-0.115811	-0.002689	0.395364	0.149721	0.482642	0.124306
230.000000	0.007525	-0.211881	-0.007525	0.394721	0.150849	0.459772	0.126941
225.000000	0.016109	-0.282905	-0.016109	0.391680	0.150785	0.446867	0.129702
220.000000	0.025198	-0.352057	-0.025198	0.389262	0.153238	0.432152	0.133910
215.000000	0.031745	-0.370236	-0.031745	0.387610	0.152645	0.428646	0.135805
210.000000	0.032661	-0.383515	-0.032661	0.389237	0.154664	0.420287	0.134980
205.000000	0.032494	-0.387881	-0.032494	0.385322	0.154113	0.422970	0.135312
200.000000	0.032495	-0.376928	-0.032495	0.380830	0.154454	0.423667	0.134501
195.000000	0.032213	-0.364162	-0.032213	0.385087	0.154480	0.425550	0.133373
190.000000	0.033102	-0.360605	-0.033102	0.381504	0.153823	0.426139	0.132912
185.000000	0.034115	-0.363038	-0.034115	0.383703	0.154851	0.423519	0.132881
180.000000	0.035647	-0.350972	-0.035647	0.381676	0.153596	0.426544	0.132393
175.000000	0.036185	-0.344379	-0.036185	0.382053	0.154830	0.426557	0.132028
170.000000	0.036205	-0.325227	-0.036205	0.380267	0.154591	0.431384	0.130379
165.000000	0.036434	-0.311781	-0.036434	0.385269	0.154637	0.428768	0.128761
160.000000	0.035497	-0.306404	-0.035497	0.380745	0.153477	0.431007	0.128866
155.000000	0.035248	-0.304820	-0.035248	0.384661	0.154554	0.431919	0.128850
150.000000	0.033859	-0.292355	-0.033859	0.384814	0.153594	0.437360	0.128721
145.000000	0.031514	-0.277422	-0.031514	0.385125	0.153171	0.438702	0.127342
140.000000	0.028041	-0.253934	-0.028041	0.387432	0.154876	0.445034	0.127694
135.000000	0.023654	-0.244481	-0.023654	0.389941	0.153212	0.446648	0.126794
130.000000	0.018269	-0.232550	-0.018269	0.386512	0.153555	0.449344	0.126563
125.000000	0.014799	-0.221038	-0.014799	0.383125	0.153072	0.454355	0.126506
120.000000	0.009735	-0.204690	-0.009735	0.390656	0.153557	0.457842	0.126136
115.000000	0.006334	-0.204830	-0.006334	0.390470	0.154611	0.458483	0.126101
110.000000	0.005404	-0.194916	-0.005404	0.392499	0.156094	0.460162	0.127410
105.000000	0.008238	-0.197447	-0.008238	0.393811	0.154692	0.457857	0.128032
100.000000	0.011929	-0.187174	-0.011929	0.401319	0.158042	0.454680	0.130839
95.000000	0.022706	-0.183105	-0.022706	0.406203	0.161070	0.450257	0.134398
90.000000	0.039669	-0.182348	-0.039669	0.403529	0.163026	0.442227	0.140138
85.000000	0.047223	-0.167861	-0.047223	0.414733	0.167904	0.431745	0.146932
80.000000	0.062787	-0.163167	-0.062787	0.416413	0.169001	0.402572	0.149777
75.000000	0.063869	-0.154227	-0.063869	0.409197	0.168752	0.374485	0.153249
70.000000	0.044310	-0.128659	-0.044310	0.412801	0.169434	0.319715	0.147124
65.000000	0.011954	-0.073911	0.011954	0.411753	0.169082	0.295500	0.147946
60.000000	0.113661	0.019720	0.113661	0.407319	0.167692	0.311581	0.162572
55.000000	0.211847	0.137956	0.211847	0.408934	0.166509	0.353779	0.194290
50.000000	0.258580	0.200598	0.258580	0.410415	0.168062	0.378374	0.223797
45.000000	0.197030	1.315932	0.197030	0.369144	0.162128	0.381479	0.237928
40.000000	0.197298	1.326025	0.197298	0.369266	0.161776	0.387225	0.244817
35.000000	0.263948	0.248005	0.263948	0.409916	0.168594	0.399631	0.226719
30.000000	0.440730	-0.782886	0.440730	0.424753	0.115720	0.298368	0.054320
25.000000	0.249389	0.233403	0.249389	0.405522	0.168218	0.411369	0.221650
20.000000	0.241095	0.228238	0.241095	0.407419	0.169478	0.406053	0.216846
15.000000	0.233977	0.226265	0.233977	0.407139	0.168391	0.412449	0.219481
10.000000	0.228016	0.237060	0.228016	0.408182	0.167454	0.420366	0.219051
5.000000	0.225559	0.245303	0.225559	0.406759	0.167358	0.418897	0.216632
0.000000	0.221798	0.250342	0.221798	0.415290	0.169249	0.429113	0.222727
