0.000000	0.234533
5.000000	0.234473
10.000000	0.234407
15.000000	0.233676
20.000000	0.234402
25.000000	0.235434
30.000000	0.238952
35.000000	0.247372
40.000000	0.258470
45.000000	0.277582
50.000000	0.307315
55.000000	0.363035
60.000000	0.417301
65.000000	0.501787
70.000000	0.585942
75.000000	0.688714
80.000000	0.775883
85.000000	0.870867
90.000000	0.909543
95.000000	0.951410
100.000000	0.972136
105.000000	0.986808
110.000000	0.990832
115.000000	0.994985
120.000000	0.995897
125.000000	0.996312
130.000000	0.996942
135.000000	0.996924
140.000000	0.996838
145.000000	0.997799
150.000000	0.997703
155.000000	0.997101
160.000000	0.997254
165.000000	0.997018
170.000000	0.996255
175.000000	0.996743
180.000000	0.997197
185.000000	0.997088
190.000000	0.996657
195.000000	0.997391
200.000000	0.997788
205.000000	0.997495
210.000000	0.998519
215.000000	0.997911
220.000000	0.996944
225.000000	0.996729
230.000000	0.996105
235.000000	0.997987
240.000000	0.998971
245.000000	1.000000
250.000000	0.999495
255.000000	0.998502
