0.000000	0.897745
5.000000	0.899305
10.000000	0.898670
15.000000	0.900372
20.000000	0.899634
25.000000	0.900640
30.000000	0.903437
35.000000	0.902801
40.000000	0.904659
45.000000	0.904657
50.000000	0.905915
55.000000	0.907094
60.000000	0.906891
65.000000	0.909998
70.000000	0.909670
75.000000	0.914158
80.000000	0.912744
85.000000	0.919023
90.000000	0.918772
95.000000	0.923766
100.000000	0.924505
105.000000	0.928401
110.000000	0.927661
115.000000	0.931278
120.000000	0.933616
125.000000	0.942698
130.000000	0.943666
135.000000	0.946618
140.000000	0.949228
145.000000	0.966269
150.000000	0.959080
155.000000	0.977729
160.000000	0.976239
165.000000	0.974446
170.000000	0.988718
175.000000	0.982306
180.000000	0.997523
185.000000	0.988520
190.000000	0.979362
195.000000	1.000000
200.000000	0.972843
205.000000	0.978284
210.000000	0.953765
215.000000	0.953730
220.000000	0.936027
225.000000	0.901733
230.000000	0.864567
235.000000	0.845679
240.000000	0.803955
245.000000	0.760935
250.000000	0.707596
255.000000	0.666416
