0.000000	0.218140
5.000000	0.219126
10.000000	0.219881
15.000000	0.220093
20.000000	0.221171
25.000000	0.222184
30.000000	0.223492
35.000000	0.223639
40.000000	0.224600
45.000000	0.225625
50.000000	0.226074
55.000000	0.226736
60.000000	0.227763
65.000000	0.228143
70.000000	0.229374
75.000000	0.229177
80.000000	0.229760
85.000000	0.231601
90.000000	0.229621
95.000000	0.230273
100.000000	0.229443
105.000000	0.230672
110.000000	0.228668
115.000000	0.225476
120.000000	0.224146
125.000000	0.223149
130.000000	0.218283
135.000000	0.216404
140.000000	0.209808
145.000000	0.201645
150.000000	0.196650
155.000000	0.189228
160.000000	0.177444
165.000000	0.165801
170.000000	0.151246
175.000000	0.143981
180.000000	0.124704
185.000000	0.116522
190.000000	0.106722
195.000000	0.098516
200.000000	0.093732
205.000000	0.097151
210.000000	0.110540
215.000000	0.132268
220.000000	0.174972
225.000000	0.226949
230.000000	0.299787
235.000000	0.398866
240.000000	0.515012
245.000000	0.660037
250.000000	0.821184
255.000000	1.000000
