255.000000	0.000000	0.000000	0.000000	0.365893	0.259480	0.446272	0.086520
250.000000	0.029872	0.063295	0.029872	0.363125	0.261078	0.444864	0.088014
245.000000	0.056789	0.120412	0.056789	0.359809	0.261825	0.446048	0.091215
240.000000	0.064550	0.140198	0.064550	0.364060	0.263616	0.446586	0.092492
235.000000	0.054276	0.124587	0.054276	0.361368	0.263893	0.448585	0.091307
230.000000	0.027255	0.065186	0.027255	0.361732	0.261416	0.446026	0.087888
225.000000	0.015412	0.030780	0.015412	0.365745	0.262438	0.446521	0.086916
220.000000	0.008952	0.013609	0.008952	0.370858	0.261313	0.448077	0.087258
215.000000	0.001203	-0.000550	0.001203	0.363648	0.258572	0.447453	0.086371
210.000000	0.012231	-0.027422	-0.012231	0.362538	0.256523	0.449006	0.085960
205.000000	0.010532	-0.024023	-0.010532	0.365335	0.259375	0.449238	0.086577
200.000000	0.011602	-0.031321	-0.011602	0.363064	0.256409	0.447819	0.086323
195.000000	0.025888	-0.065057	-0.025888	0.366289	0.253771	0.452491	0.086709
190.000000	0.053372	-0.121327	-0.053372	0.370414	0.253564	0.451921	0.086780
185.000000	0.065418	-0.153594	-0.065418	0.374461	0.253258	0.450228	0.087316
180.000000	0.081267	-0.193635	-0.081267	0.381875	0.255967	0.452472	0.088423
175.000000	0.092466	-0.217887	-0.092466	0.378527	0.250355	0.451447	0.089737
170.000000	0.125762	-0.300419	-0.125762	0.376733	0.241326	0.452808	0.094366
165.000000	0.160037	-0.405020	-0.160037	0.367608	0.224227	0.457475	0.104978
160.000000	0.186635	-0.552024	-0.186635	0.357834	0.199195	0.450500	0.121297
155.000000	0.194736	-0.646478	-0.194736	0.361734	0.187180	0.447399	0.134266
150.000000	0.210664	-0.677677	-0.210664	0.353205	0.182451	0.438565	0.140680
145.000000	0.223499	-0.692263	-0.223499	0.354819	0.181303	0.439963	0.145051
140.000000	0.242142	-0.645268	-0.242142	0.355762	0.192641	0.433328	0.138876
135.000000	0.256031	-0.595497	-0.256031	0.358704	0.201755	0.437913	0.133788
130.000000	0.262775	-0.533414	-0.262775	0.356617	0.216742	0.440402	0.126945
125.000000	0.265388	-0.488114	-0.265388	0.361075	0.227048	0.442871	0.121016
120.000000	0.263264	-0.453945	-0.263264	0.364829	0.235669	0.444633	0.117609
115.000000	0.259366	-0.432653	-0.259366	0.365247	0.239337	0.450944	0.116751
110.000000	0.267407	-0.449862	-0.267407	0.365570	0.235810	0.446321	0.121210
105.000000	0.271199	-0.473790	-0.271199	0.362493	0.229286	0.437915	0.125013
100.000000	0.271428	-0.516208	-0.271428	0.365751	0.222373	0.437624	0.135860
95.000000	0.267022	-0.528285	-0.267022	0.370339	0.218222	0.434394	0.143620
90.000000	0.264673	-0.557246	-0.264673	0.370669	0.210502	0.432858	0.152814
85.000000	0.264635	-0.566842	-0.264635	0.366796	0.206935	0.433805	0.161054
80.000000	0.257542	-0.609257	-0.257542	0.372594	0.199551	0.424912	0.168577
75.000000	0.242365	-0.620652	-0.242365	0.374040	0.196739	0.426500	0.172759
70.000000	0.205419	-0.562965	-0.205419	0.380914	0.199870	0.433223	0.165632
65.000000	0.184539	-0.581981	-0.184539	0.375795	0.191651	0.431317	0.164050
60.000000	0.151991	-0.556194	-0.151991	0.373131	0.190624	0.434488	0.160260
55.000000	0.110484	-0.465893	-0.110484	0.376202	0.196908	0.441301	0.148391
50.000000	0.075485	-0.427492	-0.075485	0.368969	0.195392	0.440893	0.145430
45.000000	0.048569	-0.426547	-0.048569	0.362609	0.188218	0.435064	0.143968
40.000000	0.014981	-0.447900	-0.014981	0.364881	0.176429	0.431938	0.141920
35.000000	0.012303	-0.422656	0.012303	0.362071	0.175698	0.433045	0.143160
30.000000	0.032288	-0.476926	0.032288	0.362348	0.163899	0.433729	0.146303
25.000000	0.049937	-0.561446	0.049937	0.353563	0.151449	0.427109	0.152895
20.000000	0.049368	-0.580175	0.049368	0.360555	0.151637	0.433802	0.159140
15.000000	0.034423	-0.546653	0.034423	0.360423	0.153184	0.435804	0.157083
10.000000	0.031394	-0.442054	0.031394	0.363443	0.165772	0.434447	0.151259
5.000000	0.051457	-0.273264	0.051457	0.366368	0.182132	0.422746	0.138042
0.000000	0.079871	-0.223421	0.079871	0.369521	0.185947	0.422821	0.135993
