0.000000	0.998409
5.000000	1.000000
10.000000	0.996767
15.000000	0.998805
20.000000	0.995851
25.000000	0.999047
30.000000	0.989623
35.000000	0.983234
40.000000	0.968483
45.000000	0.930749
50.000000	0.898979
55.000000	0.846667
60.000000	0.756945
65.000000	0.645392
70.000000	0.503161
75.000000	0.391895
80.000000	0.260395
85.000000	0.123495
90.000000	0.101886
95.000000	0.056638
100.000000	0.032424
105.000000	0.018660
110.000000	0.014799
115.000000	0.012514
120.000000	0.011738
125.000000	0.011344
130.000000	0.011139
135.000000	0.011110
140.000000	0.011206
145.000000	0.011148
150.000000	0.011261
155.000000	0.011238
160.000000	0.011196
165.000000	0.011280
170.000000	0.011219
175.000000	0.011329
180.000000	0.011239
185.000000	0.011281
190.000000	0.011313
195.000000	0.011198
200.000000	0.011277
205.000000	0.011310
210.000000	0.011355
215.000000	0.011265
220.000000	0.011321
225.000000	0.011374
230.000000	0.011314
235.000000	0.011364
240.000000	0.011302
245.000000	0.011415
250.000000	0.011129
255.000000	0.011562
