0.000000	0.960476
5.000000	0.959081
10.000000	0.961124
15.000000	0.962901
20.000000	0.963793
25.000000	0.966895
30.000000	0.966142
35.000000	0.973030
40.000000	0.981259
45.000000	0.982281
50.000000	0.994579
55.000000	1.000000
60.000000	0.997699
65.000000	0.983091
70.000000	0.963747
75.000000	0.920784
80.000000	0.837734
85.000000	0.757409
90.000000	0.700618
95.000000	0.646918
100.000000	0.594618
105.000000	0.573452
110.000000	0.547052
115.000000	0.529294
120.000000	0.519195
125.000000	0.514627
130.000000	0.509436
135.000000	0.504471
140.000000	0.501642
145.000000	0.499373
150.000000	0.498118
155.000000	0.497172
160.000000	0.496565
165.000000	0.495909
170.000000	0.495721
175.000000	0.495755
180.000000	0.495875
185.000000	0.495816
190.000000	0.495799
195.000000	0.495682
200.000000	0.495418
205.000000	0.495470
210.000000	0.495778
215.000000	0.496007
220.000000	0.496205
225.000000	0.496207
230.000000	0.495883
235.000000	0.495984
240.000000	0.495962
245.000000	0.496359
250.000000	0.496517
255.000000	0.496978
