0.000000	0.116350
5.000000	0.115260
10.000000	0.113808
15.000000	0.111880
20.000000	0.108516
25.000000	0.103540
30.000000	0.096988
35.000000	0.083049
40.000000	0.078309
45.000000	0.066222
50.000000	0.056666
55.000000	0.051067
60.000000	0.056304
65.000000	0.086720
70.000000	0.120013
75.000000	0.200832
80.000000	0.342485
85.000000	0.459083
90.000000	0.582487
95.000000	0.725209
100.000000	0.816051
105.000000	0.879303
110.000000	0.910711
115.000000	0.931803
120.000000	0.956249
125.000000	0.969386
130.000000	0.977266
135.000000	0.984094
140.000000	0.988974
145.000000	0.992510
150.000000	0.994251
155.000000	0.995903
160.000000	0.996807
165.000000	0.997788
170.000000	0.998353
175.000000	0.998991
180.000000	0.999224
185.000000	0.999886
190.000000	0.999748
195.000000	0.999945
200.000000	0.999689
205.000000	0.999804
210.000000	1.000000
215.000000	0.999362
220.000000	0.999485
225.000000	0.998942
230.000000	0.999087
235.000000	0.999155
240.000000	0.998993
245.000000	0.998882
250.000000	0.998989
255.000000	0.998585
