255.000000	0.000000	0.000000	0.000000	0.413215	0.246370	0.398112	0.253471
250.000000	0.011928	0.011928	0.111611	0.430399	0.246891	0.390713	0.247150
245.000000	0.038502	0.038502	-0.026421	0.410774	0.248261	0.394608	0.249101
240.000000	0.049522	0.049522	-0.011682	0.408156	0.248114	0.389942	0.246499
235.000000	0.060595	0.060595	0.005887	0.410846	0.248198	0.387154	0.244121
230.000000	0.083788	0.083788	0.071137	0.417494	0.249361	0.370934	0.236775
225.000000	0.086844	0.086844	0.167085	0.431442	0.254404	0.373457	0.239649
220.000000	0.099071	0.099071	0.128648	0.424073	0.254449	0.364507	0.234952
215.000000	0.123661	0.123661	0.258428	0.432858	0.252119	0.365238	0.234735
210.000000	0.137910	0.137910	0.339815	0.426395	0.248942	0.370236	0.236428
205.000000	0.172958	0.172958	0.313779	0.432389	0.251898	0.356062	0.229453
200.000000	0.185439	0.185439	0.325275	0.425847	0.251834	0.366257	0.237303
195.000000	0.206339	0.206339	0.329476	0.419348	0.251522	0.353810	0.230486
190.000000	0.225143	0.225143	0.345560	0.422811	0.252579	0.364695	0.237739
185.000000	0.247834	0.247834	0.453568	0.423705	0.248109	0.372722	0.243370
180.000000	0.267233	0.267233	0.475748	0.417281	0.247362	0.375344	0.245616
175.000000	0.286044	0.286044	0.467127	0.416139	0.248975	0.372918	0.244443
170.000000	0.308772	0.308772	0.440961	0.417572	0.251413	0.373046	0.248851
165.000000	0.334091	0.334091	0.500098	0.412379	0.248385	0.387327	0.257930
160.000000	0.363282	0.363282	0.601005	0.413244	0.245617	0.399939	0.265045
155.000000	0.379393	0.379393	0.624873	0.406706	0.242452	0.400708	0.272156
150.000000	0.389529	0.389529	0.664985	0.408160	0.245807	0.392471	0.268566
145.000000	0.423381	0.423381	0.857614	0.405245	0.239505	0.382630	0.268908
140.000000	0.433038	0.433038	0.886213	0.408551	0.243787	0.380430	0.269710
135.000000	0.457922	0.457922	0.806280	0.409321	0.241591	0.376583	0.265354
130.000000	0.483037	0.483037	0.834054	0.404644	0.239639	0.377639	0.267536
125.000000	0.501755	0.501755	0.802823	0.402527	0.239891	0.374852	0.265304
120.000000	0.523640	0.523640	0.799690	0.402431	0.240854	0.367679	0.262101
115.000000	0.533373	0.533373	0.838916	0.404942	0.238238	0.369618	0.263645
110.000000	0.542827	0.542827	0.836324	0.399293	0.239189	0.363923	0.260015
105.000000	0.556786	0.556786	0.943141	0.397163	0.237319	0.370033	0.264583
100.000000	0.568687	0.568687	1.026858	0.400925	0.239334	0.372074	0.269749
95.000000	0.584026	0.584026	1.041328	0.391965	0.234402	0.371764	0.267689
90.000000	0.597856	0.597856	1.035359	0.395347	0.236557	0.367205	0.264375
85.000000	0.609687	0.609687	1.099702	0.395991	0.236709	0.379545	0.268916
80.000000	0.618828	0.618828	1.154864	0.399811	0.237423	0.378982	0.270147
75.000000	0.624493	0.624493	1.132656	0.395364	0.237934	0.386517	0.270975
70.000000	0.630730	0.630730	1.188176	0.398538	0.236899	0.383315	0.271831
65.000000	0.634269	0.634269	1.134509	0.398974	0.237452	0.381063	0.269050
60.000000	0.644524	0.644524	1.113282	0.391547	0.234727	0.378663	0.268603
55.000000	0.648737	0.648737	1.155344	0.391999	0.234306	0.385078	0.271422
50.000000	0.659580	0.659580	1.076698	0.397659	0.234535	0.379502	0.265821
45.000000	0.664012	0.664012	1.119374	0.388636	0.232915	0.382544	0.268883
40.000000	0.673157	0.673157	1.161521	0.391578	0.234500	0.389685	0.272924
35.000000	0.683732	0.683732	1.169474	0.393306	0.234137	0.379983	0.266611
30.000000	0.692156	0.692156	1.255563	0.392893	0.232615	0.380218	0.268285
25.000000	0.686765	0.686765	1.374447	0.403803	0.236199	0.382822	0.266373
20.000000	0.696980	0.696980	1.367257	0.400496	0.234365	0.385852	0.268609
15.000000	0.706399	0.706399	1.235746	0.394772	0.234200	0.381971	0.266824
10.000000	0.704786	0.704786	1.203122	0.391551	0.232671	0.381596	0.266452
5.000000	0.720786	0.720786	1.231414	0.392741	0.233989	0.384060	0.269409
0.000000	0.721563	0.721563	1.318648	0.395415	0.231749	0.381635	0.263605
