255.000000	0.000000	0.000000	0.000000	0.374105	0.099013	0.451098	0.134082
250.000000	0.037278	0.027432	0.047123	0.373445	0.096934	0.452440	0.134754
245.000000	0.016361	0.008150	-0.040872	0.364548	0.104861	0.449327	0.133809
240.000000	0.039153	-0.012653	-0.065654	0.362671	0.106313	0.446633	0.134816
235.000000	0.130654	-0.067407	-0.193901	0.350834	0.116902	0.448440	0.133959
230.000000	0.018624	-0.019669	-0.017579	0.370273	0.098682	0.448990	0.135533
225.000000	0.025558	-0.022023	0.073139	0.378572	0.089662	0.451601	0.136408
220.000000	0.144690	-0.051920	0.341299	0.395427	0.075163	0.447881	0.132195
215.000000	0.140855	0.013260	0.268450	0.397844	0.080503	0.448563	0.131618
210.000000	0.157418	-0.001454	0.316290	0.395695	0.078326	0.449130	0.132129
205.000000	0.225945	-0.076516	0.528406	0.386187	0.071978	0.451270	0.129483
200.000000	0.330466	-0.144033	0.804965	0.376774	0.081857	0.454019	0.125222
195.000000	0.300650	-0.127478	0.728779	0.376847	0.076913	0.459663	0.126687
190.000000	0.247926	-0.057482	0.553334	0.377469	0.070509	0.451822	0.127841
185.000000	0.233501	-0.026779	0.493780	0.381554	0.071578	0.452763	0.130104
180.000000	0.280976	-0.068839	0.630792	0.378162	0.071660	0.458152	0.128383
175.000000	0.278296	-0.085260	0.641852	0.376971	0.073101	0.455699	0.128520
170.000000	0.192754	-0.034868	0.420376	0.381662	0.072911	0.451356	0.131882
165.000000	0.235338	-0.072336	0.543012	0.380468	0.071882	0.454971	0.130292
160.000000	0.298633	-0.133792	0.731059	0.379092	0.078011	0.460959	0.127353
155.000000	0.304301	-0.126827	0.735429	0.380527	0.078306	0.461115	0.126202
150.000000	0.384154	-0.151631	0.919939	0.365811	0.092134	0.462514	0.120869
145.000000	0.387501	-0.152320	0.927322	0.367775	0.094139	0.459353	0.119394
140.000000	0.395683	-0.140967	0.932333	0.365796	0.092129	0.457437	0.118380
135.000000	0.383958	-0.137344	0.905259	0.369439	0.089104	0.460357	0.118757
130.000000	0.361379	-0.155870	0.878629	0.364929	0.088161	0.462528	0.120804
125.000000	0.376923	-0.148440	0.902286	0.363754	0.090112	0.460778	0.118417
120.000000	0.425118	-0.116760	0.966997	0.361126	0.092981	0.458979	0.111961
115.000000	0.291112	-0.064997	0.647221	0.374277	0.071555	0.458998	0.121341
110.000000	0.255572	-0.020479	0.531624	0.375361	0.069235	0.456573	0.118853
105.000000	0.362009	-0.061116	0.785135	0.363971	0.073152	0.466832	0.112746
100.000000	0.420061	-0.089001	0.929123	0.355500	0.081590	0.463467	0.102709
95.000000	0.508560	-0.059884	1.077005	0.338738	0.086681	0.461448	0.089297
90.000000	0.618268	-0.012202	1.248738	0.330783	0.091215	0.462041	0.079167
85.000000	0.690760	0.017430	1.364091	0.334076	0.083056	0.465874	0.072260
80.000000	0.777208	0.035906	1.518510	0.335707	0.076035	0.468428	0.067374
75.000000	0.855238	0.022997	1.687478	0.353567	0.073549	0.450160	0.063450
70.000000	1.051123	0.139939	1.962307	0.373700	0.096683	0.446975	0.073593
65.000000	0.982064	-0.059063	2.023191	0.375121	0.075670	0.456716	0.071352
60.000000	0.997273	-0.201077	2.195624	0.356212	0.070673	0.449004	0.070344
55.000000	0.985529	-0.352151	2.323209	0.354888	0.082193	0.445313	0.068350
50.000000	1.023635	-0.342590	2.389859	0.369576	0.096843	0.458914	0.077028
45.000000	1.097928	-0.246196	2.442051	0.367224	0.097580	0.446522	0.084198
40.000000	1.116509	-0.205341	2.438360	0.392561	0.103043	0.455711	0.092849
35.000000	1.186949	-0.087115	2.461014	0.387523	0.102395	0.454929	0.102541
30.000000	1.255478	0.041676	2.469280	0.394152	0.105876	0.437809	0.109248
25.000000	1.224667	-0.093580	2.542914	0.398287	0.100907	0.432472	0.103261
20.000000	1.211048	-0.176972	2.599068	0.378268	0.099800	0.445703	0.103361
15.000000	1.219532	-0.191715	2.630778	0.376977	0.098549	0.443090	0.103828
10.000000	1.199307	-0.228313	2.626927	0.377090	0.101962	0.435236	0.100171
5.000000	1.194405	-0.240717	2.629526	0.371862	0.101799	0.441550	0.100069
0.000000	1.237477	-0.181631	2.656585	0.370646	0.094937	0.445618	0.106721
