0.000000	0.974995
5.000000	0.975611
10.000000	0.976593
15.000000	0.976573
20.000000	0.977429
25.000000	0.978438
30.000000	0.978849
35.000000	0.982274
40.000000	0.982039
45.000000	0.984816
50.000000	0.983323
55.000000	0.987400
60.000000	0.986480
65.000000	0.989505
70.000000	0.988706
75.000000	0.989949
80.000000	0.993737
85.000000	0.990945
90.000000	0.997299
95.000000	0.995168
100.000000	0.993176
105.000000	0.996125
110.000000	1.000000
115.000000	0.993062
120.000000	0.997847
125.000000	0.997932
130.000000	0.990896
135.000000	0.988029
140.000000	0.987667
145.000000	0.981386
150.000000	0.984714
155.000000	0.974879
160.000000	0.980140
165.000000	0.965925
170.000000	0.968978
175.000000	0.952546
180.000000	0.959367
185.000000	0.944186
190.000000	0.948498
195.000000	0.920194
200.000000	0.933151
205.000000	0.901735
210.000000	0.919753
215.000000	0.907524
220.000000	0.907175
225.000000	0.902373
230.000000	0.897294
235.000000	0.900866
240.000000	0.893330
245.000000	0.902882
250.000000	0.892311
255.000000	0.892572
