0.000000	0.843867
5.000000	0.844455
10.000000	0.843431
15.000000	0.844581
20.000000	0.844008
25.000000	0.842416
30.000000	0.842203
35.000000	0.842247
40.000000	0.842531
45.000000	0.840843
50.000000	0.843162
55.000000	0.842449
60.000000	0.841853
65.000000	0.840071
70.000000	0.838746
75.000000	0.839791
80.000000	1.000000
85.000000	0.832218
90.000000	0.832420
95.000000	0.834553
100.000000	0.828230
105.000000	0.824125
110.000000	0.825060
115.000000	0.827860
120.000000	0.822839
125.000000	0.818461
130.000000	0.817271
135.000000	0.816514
140.000000	0.811713
145.000000	0.813500
150.000000	0.805011
155.000000	0.815046
160.000000	0.802493
165.000000	0.814214
170.000000	0.812299
175.000000	0.803707
180.000000	0.816214
185.000000	0.808420
190.000000	0.810800
195.000000	0.825893
200.000000	0.821674
205.000000	0.820658
210.000000	0.841273
215.000000	0.859766
220.000000	0.850443
225.000000	0.874243
230.000000	0.895347
235.000000	0.901782
240.000000	0.902534
245.000000	0.923422
250.000000	0.931817
255.000000	0.939524
