255.000000	0.000000	0.000000	0.000000	0.432594	0.091082	0.396584	0.172884
250.000000	0.032859	0.038809	0.026909	0.415393	0.092769	0.373878	0.160053
245.000000	0.055673	0.091987	0.019360	0.414551	0.097637	0.390642	0.167467
240.000000	0.085796	0.122809	0.048784	0.408964	0.097527	0.380717	0.158409
235.000000	0.150190	0.169779	0.130602	0.402508	0.083479	0.390810	0.164616
230.000000	0.187461	0.197373	0.177550	0.412391	0.082716	0.396051	0.166539
225.000000	0.263476	0.201124	0.325828	0.392291	0.063646	0.395048	0.156743
220.000000	0.353784	0.166903	0.540664	0.411817	0.052788	0.375875	0.167630
215.000000	0.264342	0.346137	0.182547	0.403904	0.080434	0.377806	0.156061
210.000000	0.286843	0.395653	0.178033	0.412684	0.089446	0.381880	0.167618
205.000000	0.299704	0.444503	0.154906	0.394256	0.088818	0.377190	0.156204
200.000000	0.389577	0.504888	0.274265	0.402003	0.064730	0.384924	0.169624
195.000000	0.429884	0.547748	0.312020	0.409623	0.061246	0.395273	0.176355
190.000000	0.415189	0.582119	0.248259	0.395781	0.062891	0.385595	0.167567
185.000000	0.453290	0.619397	0.287182	0.410348	0.067688	0.412864	0.177925
180.000000	0.430112	0.664035	0.196189	0.401249	0.079144	0.386649	0.168857
175.000000	0.449407	0.694152	0.204661	0.404307	0.093397	0.409939	0.171614
170.000000	0.531943	0.786873	0.277013	0.411139	0.063646	0.388150	0.174555
165.000000	0.554926	0.809267	0.300585	0.412571	0.063268	0.405702	0.176591
160.000000	0.614175	0.894523	0.333827	0.409844	0.042900	0.404717	0.176452
155.000000	0.657728	0.959756	0.355701	0.403365	0.030103	0.416108	0.180089
150.000000	0.708613	1.005846	0.411380	0.404216	0.007135	0.428538	0.184066
145.000000	0.720208	1.425682	0.014735	0.398137	0.009989	0.410868	0.184313
140.000000	0.666283	0.988668	0.343897	0.413965	0.044455	0.413834	0.177349
135.000000	0.658392	1.007516	0.309267	0.417904	0.053179	0.405734	0.175870
130.000000	0.640581	1.019000	0.262162	0.398176	0.071401	0.396147	0.172141
125.000000	0.728028	1.098179	0.357876	0.411169	0.038677	0.424683	0.181224
120.000000	0.795137	1.491330	0.098945	0.407292	0.019034	0.419871	0.183992
115.000000	0.803008	1.591038	0.014977	0.399745	0.020127	0.415356	0.180878
110.000000	0.792433	1.433245	0.151621	0.401881	0.018149	0.424443	0.183214
105.000000	0.832523	1.767720	-0.102674	0.394916	0.026700	0.413772	0.181815
100.000000	0.739346	1.123717	0.354975	0.410777	0.052329	0.426498	0.178652
95.000000	0.775197	1.280215	0.270178	0.396162	0.041183	0.424906	0.181304
90.000000	0.770132	1.189736	0.350528	0.408942	0.052183	0.428719	0.178628
85.000000	0.866880	1.588473	0.145287	0.416626	0.023868	0.409583	0.176049
80.000000	0.878452	1.680263	0.076642	0.392466	0.029553	0.406163	0.177515
75.000000	0.862581	1.379118	0.346044	0.427972	0.033638	0.421120	0.178408
70.000000	0.837459	1.381460	0.293458	0.397632	0.042973	0.412136	0.177020
65.000000	0.818644	1.277735	0.359554	0.420218	0.048881	0.419874	0.176466
60.000000	0.811537	1.293084	0.329989	0.402603	0.053881	0.417553	0.177415
55.000000	0.800693	1.238465	0.362921	0.413933	0.063055	0.423085	0.177899
50.000000	0.791063	1.191782	0.390343	0.411943	0.071558	0.429022	0.177514
45.000000	0.836046	1.324784	0.347308	0.396403	0.057329	0.419618	0.179110
40.000000	0.778709	1.183299	0.374119	0.404594	0.083170	0.434112	0.179722
35.000000	0.828553	1.260745	0.396361	0.409544	0.070569	0.421258	0.177582
30.000000	0.936278	1.683276	0.189279	0.399147	0.034105	0.406401	0.175981
25.000000	0.905745	1.487156	0.324335	0.417937	0.034539	0.408459	0.173562
20.000000	0.893030	1.447460	0.338600	0.415055	0.041780	0.410348	0.175235
15.000000	0.890645	1.442913	0.338378	0.394225	0.045517	0.407112	0.176128
10.000000	0.919496	1.537634	0.301359	0.417201	0.030126	0.410666	0.176098
5.000000	0.898350	1.461729	0.334970	0.407227	0.042673	0.406807	0.176030
0.000000	0.877958	1.365066	0.390850	0.405126	0.054824	0.410971	0.177702
