0.000000	0.675867
5.000000	0.675372
10.000000	0.673557
15.000000	0.671532
20.000000	0.669008
25.000000	0.667419
30.000000	0.665082
35.000000	0.662378
40.000000	0.662329
45.000000	0.657568
50.000000	0.657553
55.000000	0.652881
60.000000	0.649301
65.000000	0.646630
70.000000	0.642887
75.000000	0.639356
80.000000	0.639352
85.000000	0.632155
90.000000	0.629889
95.000000	0.629863
100.000000	0.624607
105.000000	0.620230
110.000000	0.620720
115.000000	0.615377
120.000000	0.615991
125.000000	0.615005
130.000000	0.613661
135.000000	0.610122
140.000000	0.608521
145.000000	0.612573
150.000000	0.620027
155.000000	0.617922
160.000000	0.631466
165.000000	0.630913
170.000000	0.650247
175.000000	0.653809
180.000000	0.674227
185.000000	0.694834
190.000000	0.710675
195.000000	0.727514
200.000000	0.759858
205.000000	0.777997
210.000000	0.815071
215.000000	0.836526
220.000000	0.859173
225.000000	0.898263
230.000000	0.922574
235.000000	0.939010
240.000000	0.962462
245.000000	0.977459
250.000000	0.986784
255.000000	1.000000
