255.000000	0.000000	0.000000	0.000000	0.396810	0.105247	0.424843	0.181275
250.000000	0.011694	-0.016219	-0.007170	0.398917	0.110500	0.424561	0.180082
245.000000	0.007785	-0.010788	-0.004782	0.397291	0.107821	0.424385	0.180850
240.000000	0.001381	0.002481	0.000281	0.397373	0.104145	0.422900	0.181105
235.000000	0.000808	0.002001	-0.000385	0.398282	0.103950	0.425637	0.182302
230.000000	0.012813	-0.016734	-0.008891	0.397169	0.109316	0.424647	0.179248
225.000000	0.030071	-0.039044	-0.021098	0.397556	0.115560	0.423647	0.177636
220.000000	0.040459	-0.052595	-0.028323	0.395150	0.118290	0.422936	0.176936
215.000000	0.045444	-0.058792	-0.032096	0.393656	0.119312	0.422826	0.176910
210.000000	0.051043	-0.065848	-0.036239	0.394776	0.122268	0.422924	0.175771
205.000000	0.052376	-0.067340	-0.037413	0.395496	0.122847	0.421563	0.174868
200.000000	0.054985	-0.070662	-0.039308	0.392244	0.123278	0.422869	0.175209
195.000000	0.054373	-0.069963	-0.038784	0.393560	0.122418	0.422664	0.175240
190.000000	0.056129	-0.072035	-0.040223	0.395521	0.123647	0.420547	0.174447
185.000000	0.052696	-0.067170	-0.038223	0.396144	0.122127	0.423448	0.175611
180.000000	0.041119	-0.052136	-0.030101	0.396401	0.117532	0.422065	0.175928
175.000000	0.030043	-0.038039	-0.022048	0.396692	0.114223	0.423647	0.177612
170.000000	0.031378	-0.041235	-0.021521	0.397674	0.116451	0.424686	0.178003
165.000000	0.027992	-0.038571	-0.017412	0.398401	0.116917	0.422898	0.176782
160.000000	0.026650	-0.038527	-0.014772	0.399759	0.117855	0.424695	0.177813
155.000000	0.018392	-0.028410	-0.008373	0.397368	0.115489	0.427095	0.180099
150.000000	0.015646	-0.026208	-0.005083	0.398762	0.115594	0.425215	0.179289
145.000000	0.001024	-0.007098	0.005051	0.399510	0.110138	0.425725	0.180778
140.000000	0.008610	0.005669	0.011552	0.403217	0.107126	0.424879	0.182069
135.000000	0.013701	0.010445	0.016958	0.403093	0.106580	0.426749	0.182332
130.000000	0.012590	0.006166	0.019013	0.401052	0.108317	0.428526	0.182371
125.000000	0.005616	-0.006124	0.017355	0.399176	0.112755	0.427674	0.181811
120.000000	0.003944	-0.022762	0.014874	0.397449	0.118058	0.426938	0.179826
115.000000	0.015943	-0.042072	0.010187	0.395591	0.125653	0.430768	0.178880
110.000000	0.021943	-0.056566	0.012680	0.393142	0.131215	0.427651	0.177070
105.000000	0.019151	-0.065214	0.026912	0.389126	0.137591	0.428108	0.175887
100.000000	0.002626	-0.056592	0.061845	0.390401	0.141924	0.432971	0.177761
95.000000	0.064430	-0.012062	0.140922	0.391626	0.136684	0.425073	0.178205
90.000000	0.146397	0.045654	0.247140	0.397931	0.126377	0.400341	0.176178
85.000000	0.228397	0.085062	0.371731	0.405091	0.122826	0.387490	0.179076
80.000000	0.309736	0.124172	0.495301	0.402551	0.123368	0.396972	0.169074
75.000000	0.401568	0.167849	0.635286	0.405987	0.124725	0.410016	0.174064
70.000000	0.529692	0.226722	0.832662	0.392729	0.106238	0.396139	0.172248
65.000000	0.666908	0.266942	1.066874	0.395827	0.093855	0.404946	0.173071
60.000000	0.750745	0.312407	1.189083	0.396436	0.094271	0.421012	0.166038
55.000000	0.781358	0.381520	1.181195	0.393449	0.105148	0.421016	0.169395
50.000000	0.836879	0.424992	1.248767	0.389177	0.103153	0.427043	0.169362
45.000000	0.910019	0.452853	1.367185	0.387591	0.093674	0.436582	0.168358
40.000000	0.905328	0.496235	1.314420	0.387648	0.099521	0.434023	0.164300
35.000000	1.009628	0.514808	1.504448	0.388043	0.082900	0.447031	0.169418
30.000000	1.151022	0.425757	1.876287	0.387254	0.080784	0.409884	0.155016
25.000000	1.161447	0.452353	1.870541	0.375967	0.074953	0.400231	0.152076
20.000000	1.202248	0.455810	1.948687	0.384964	0.074981	0.406578	0.152903
15.000000	1.379940	0.458225	2.301656	0.383385	0.108679	0.377061	0.141256
10.000000	1.372133	0.475090	2.269175	0.382288	0.086006	0.375598	0.142686
5.000000	1.285718	0.469067	2.102370	0.384838	0.071974	0.387160	0.147587
0.000000	1.200693	0.674990	1.726396	0.374946	0.053088	0.398566	0.151295
