255.000000	0.000000	0.000000	0.000000	0.374684	0.162761	0.428334	0.217056
250.000000	0.002238	0.034141	-0.029665	0.381959	0.160923	0.424462	0.218212
245.000000	0.032806	0.059219	0.006394	0.386317	0.160160	0.411764	0.214450
240.000000	0.062932	0.081962	0.043903	0.383504	0.159762	0.403254	0.211693
235.000000	0.095862	0.105114	0.086611	0.389492	0.159398	0.396054	0.210059
230.000000	0.133370	0.127476	0.139265	0.387140	0.159539	0.382285	0.207175
225.000000	0.165578	0.150819	0.180336	0.390107	0.158705	0.388076	0.207702
220.000000	0.202996	0.173141	0.232851	0.390608	0.159225	0.379827	0.210906
215.000000	0.242522	0.198125	0.286919	0.389096	0.156968	0.378315	0.206794
210.000000	0.276796	0.223882	0.329710	0.392962	0.157275	0.382109	0.207267
205.000000	0.307726	0.258187	0.357264	0.390931	0.151914	0.383323	0.204769
200.000000	0.328710	0.288526	0.368893	0.392404	0.149851	0.384336	0.203724
195.000000	0.352202	0.318524	0.385880	0.386036	0.141395	0.378337	0.203089
190.000000	0.376999	0.352568	0.401431	0.394643	0.140159	0.379608	0.203354
185.000000	0.406182	0.376319	0.436044	0.391604	0.140408	0.383036	0.205458
180.000000	0.429955	0.411019	0.448890	0.392003	0.132408	0.385207	0.205209
175.000000	0.466749	0.437344	0.496154	0.394579	0.131158	0.394798	0.210606
170.000000	0.490760	0.458758	0.522763	0.392466	0.126830	0.397369	0.212096
165.000000	0.532100	0.479265	0.584934	0.389369	0.130028	0.404924	0.215760
160.000000	0.565114	0.507181	0.623048	0.392673	0.124155	0.399371	0.213265
155.000000	0.610554	0.517132	0.703977	0.384336	0.126889	0.399638	0.213403
150.000000	0.630191	0.537091	0.723291	0.389283	0.123353	0.391879	0.211559
145.000000	0.682518	0.531854	0.833183	0.381018	0.126763	0.392671	0.211451
140.000000	0.740903	0.541215	0.940591	0.384690	0.132187	0.387256	0.214023
135.000000	0.786144	0.555065	1.017223	0.379893	0.134862	0.393145	0.218231
130.000000	0.821416	0.568503	1.074329	0.378808	0.140178	0.385918	0.216088
125.000000	0.844926	0.575616	1.114235	0.378605	0.137315	0.374983	0.212947
120.000000	0.855957	0.595336	1.116577	0.374139	0.141240	0.386562	0.214284
115.000000	0.878424	0.603526	1.153322	0.376106	0.137577	0.376469	0.210091
110.000000	0.907332	0.611900	1.202765	0.374305	0.149368	0.378954	0.207981
105.000000	0.938916	0.613645	1.264186	0.370033	0.143545	0.369628	0.204189
100.000000	0.962039	0.628731	1.295347	0.374188	0.151941	0.373123	0.204227
95.000000	0.968765	0.635325	1.302205	0.376267	0.149120	0.374509	0.203307
90.000000	0.962141	0.638425	1.285857	0.378126	0.152005	0.372045	0.203036
85.000000	0.953422	0.636353	1.270491	0.370480	0.138343	0.371524	0.202955
80.000000	0.924159	0.652326	1.195993	0.374823	0.133289	0.375100	0.200890
75.000000	0.883597	0.682844	1.084351	0.374127	0.112778	0.370669	0.201945
70.000000	0.890446	0.699448	1.081444	0.376567	0.112248	0.370377	0.200610
65.000000	0.868572	0.715953	1.021191	0.379062	0.112050	0.376080	0.202595
60.000000	0.834269	0.758392	0.910146	0.381594	0.096682	0.372775	0.203816
55.000000	0.807036	0.804369	0.809702	0.381718	0.097682	0.373268	0.203350
50.000000	0.778629	0.864204	0.693053	0.383975	0.093133	0.377240	0.206212
45.000000	0.752120	0.899605	0.604634	0.381496	0.098183	0.377748	0.205101
40.000000	0.747133	0.925690	0.568577	0.384263	0.098668	0.375161	0.204972
35.000000	0.738969	0.947251	0.530687	0.385552	0.100409	0.375734	0.204705
30.000000	0.740380	0.947161	0.533599	0.377527	0.102260	0.378845	0.203225
25.000000	0.742023	0.965854	0.518192	0.382404	0.102338	0.377820	0.205217
20.000000	0.744416	0.969791	0.519040	0.379709	0.104248	0.378375	0.203728
15.000000	0.749963	0.982375	0.517552	0.385296	0.104408	0.375612	0.203883
10.000000	0.745490	0.999396	0.491585	0.383669	0.104470	0.375600	0.204694
5.000000	0.733726	1.009153	0.458298	0.382998	0.111513	0.378705	0.203173
0.000000	0.718943	1.031951	0.405935	0.387202	0.115711	0.378898	0.203907
