0.000000	0.963650
5.000000	0.960568
10.000000	0.961983
15.000000	0.961175
20.000000	0.964908
25.000000	0.962273
30.000000	0.971911
35.000000	0.972673
40.000000	0.981804
45.000000	0.991613
50.000000	0.991349
55.000000	1.000000
60.000000	0.995354
65.000000	0.993747
70.000000	0.965263
75.000000	0.927829
80.000000	0.860725
85.000000	0.785800
90.000000	0.708524
95.000000	0.642094
100.000000	0.604504
105.000000	0.567117
110.000000	0.545025
115.000000	0.533778
120.000000	0.523509
125.000000	0.515828
130.000000	0.511603
135.000000	0.508585
140.000000	0.506249
145.000000	0.504007
150.000000	0.503476
155.000000	0.502787
160.000000	0.501938
165.000000	0.500721
170.000000	0.499733
175.000000	0.499339
180.000000	0.499520
185.000000	0.499517
190.000000	0.499158
195.000000	0.499206
200.000000	0.499316
205.000000	0.499233
210.000000	0.499851
215.000000	0.500032
220.000000	0.500451
225.000000	0.499741
230.000000	0.499078
235.000000	0.499588
240.000000	0.499842
245.000000	0.499939
250.000000	0.499392
255.000000	0.498594
