255.000000	0.000000	0.000000	0.000000	0.394681	0.154320	0.425552	0.186262
250.000000	0.015091	0.007731	0.022451	0.396046	0.154230	0.430306	0.188188
245.000000	0.204984	-0.031895	0.441863	0.396346	0.131998	0.419928	0.176718
240.000000	0.207092	-0.059621	0.473804	0.398602	0.130822	0.418903	0.174925
235.000000	0.206560	-0.072442	0.485561	0.397465	0.131716	0.419856	0.175463
230.000000	0.297082	-0.093101	0.687266	0.394343	0.146622	0.415538	0.173625
225.000000	0.264241	-0.087160	0.615642	0.397313	0.141300	0.417634	0.174404
220.000000	0.235118	-0.084332	0.554567	0.397889	0.138260	0.419058	0.177088
215.000000	0.199705	-0.069757	0.469167	0.396469	0.135846	0.422330	0.179371
210.000000	0.174907	-0.050077	0.399892	0.396746	0.135883	0.425911	0.180418
205.000000	0.139855	-0.037410	0.317120	0.395914	0.137296	0.428959	0.180390
200.000000	0.012103	-0.006163	0.030370	0.393513	0.155431	0.435255	0.185094
195.000000	0.084162	-0.003078	-0.165245	0.395269	0.170822	0.419971	0.181729
190.000000	0.017501	0.010413	0.024589	0.392976	0.156403	0.433716	0.187277
185.000000	0.266916	-0.090329	-0.443503	0.407863	0.169854	0.386466	0.181419
180.000000	0.032032	-0.014569	0.078633	0.387570	0.147874	0.439455	0.177120
175.000000	0.423976	-0.084590	0.932542	0.415132	0.171658	0.411128	0.172310
170.000000	0.470515	-0.086204	1.027235	0.425210	0.181666	0.412451	0.173799
165.000000	0.597289	-0.034679	1.229256	0.395392	0.180927	0.412453	0.179135
160.000000	0.636443	-0.017549	1.290435	0.403854	0.181710	0.417971	0.181571
155.000000	0.594648	0.015833	1.173463	0.407456	0.179577	0.419947	0.183900
150.000000	0.666000	0.049487	1.282512	0.413089	0.184710	0.429279	0.184447
145.000000	0.365553	-0.087536	0.818642	0.401730	0.162770	0.420216	0.176892
140.000000	0.445703	-0.029648	0.921053	0.409254	0.170007	0.415367	0.171865
135.000000	0.449687	-0.024749	0.924122	0.418813	0.169338	0.417430	0.176645
130.000000	0.245351	0.030812	0.459890	0.404619	0.138293	0.426093	0.177463
125.000000	0.239758	-0.078473	0.557988	0.394620	0.141547	0.425360	0.177469
120.000000	0.427459	-0.059754	0.914672	0.409995	0.169861	0.418655	0.171902
115.000000	0.312303	-0.124480	0.749085	0.397521	0.159348	0.422865	0.175179
110.000000	0.285494	-0.141660	0.712649	0.395336	0.157371	0.427562	0.175835
105.000000	0.264766	-0.169634	0.699166	0.391811	0.155865	0.432520	0.173661
100.000000	0.243537	-0.174717	0.661790	0.393184	0.151238	0.439101	0.174892
95.000000	0.206284	-0.285123	0.697690	0.400526	0.157845	0.438530	0.170919
90.000000	0.148937	-0.300741	0.598615	0.402619	0.140542	0.445871	0.168869
85.000000	0.085409	-0.409663	0.238845	0.408550	0.100090	0.418669	0.166868
80.000000	0.102244	-0.513235	0.308746	0.417665	0.085819	0.418786	0.165403
75.000000	0.033939	-0.659591	0.591714	0.399174	0.103460	0.417517	0.158221
70.000000	0.011882	-0.771398	0.747635	0.381254	0.123256	0.426066	0.152029
65.000000	0.185190	-0.994917	0.624538	0.377459	0.109503	0.418243	0.155883
60.000000	0.277994	-1.114195	0.558207	0.383791	0.076318	0.419403	0.155861
55.000000	0.297591	-1.183890	0.588708	0.371199	0.084401	0.416574	0.153088
50.000000	0.513350	-1.489406	0.462705	0.391785	0.075417	0.387665	0.169866
45.000000	0.558054	-1.538718	0.422609	0.381710	0.085939	0.394625	0.175559
40.000000	0.739516	-1.982793	0.503761	0.399543	0.056487	0.433270	0.180400
35.000000	0.886934	-2.347596	0.573728	0.395093	0.079518	0.453955	0.173901
30.000000	0.758569	-1.902249	0.385111	0.390188	0.063312	0.433871	0.172202
25.000000	0.818898	-2.013716	0.375920	0.391638	0.057974	0.437817	0.174836
20.000000	0.975575	-2.441408	0.490258	0.393603	0.075461	0.411899	0.152283
15.000000	0.921431	-2.287736	0.444873	0.391594	0.056455	0.427690	0.162368
10.000000	0.913703	-2.257319	0.429914	0.393700	0.055467	0.428395	0.163279
5.000000	0.831259	-1.966437	0.303918	0.389186	0.056642	0.438609	0.173371
0.000000	0.871288	-2.024066	0.281489	0.388894	0.052968	0.432790	0.171640
