255.000000	0.000000	0.000000	0.000000	0.438103	0.123284	0.464380	0.129407
250.000000	0.071872	0.069162	0.074581	0.430700	0.129144	0.468154	0.126276
245.000000	0.110135	0.103259	0.117011	0.439604	0.129041	0.461030	0.122898
240.000000	0.127882	0.119289	0.136476	0.456167	0.113555	0.460600	0.123307
235.000000	0.205565	0.206060	0.205070	0.448641	0.116214	0.471636	0.121350
230.000000	0.262288	0.265997	0.258579	0.411223	0.113595	0.460179	0.121283
225.000000	0.334664	0.353099	0.316228	0.429835	0.122432	0.467729	0.124911
220.000000	0.408591	0.430563	0.386618	0.419350	0.127747	0.458697	0.127892
215.000000	0.422282	0.462837	0.381727	0.425883	0.119246	0.455242	0.131036
210.000000	0.447919	0.497628	0.398210	0.439853	0.113704	0.455461	0.132062
205.000000	0.503694	0.569276	0.438112	0.418052	0.117088	0.468096	0.136046
200.000000	0.549219	0.624048	0.474391	0.434114	0.130087	0.472247	0.143294
195.000000	0.600273	0.683629	0.516917	0.414955	0.131044	0.470553	0.148750
190.000000	0.585336	0.701757	0.468916	0.428386	0.111278	0.475071	0.144409
185.000000	0.572299	0.706144	0.438453	0.420735	0.095326	0.461923	0.144543
180.000000	0.555711	0.711455	0.399967	0.429493	0.087212	0.475818	0.144773
175.000000	0.430483	0.993112	-0.132145	0.410769	0.024344	0.443827	0.120617
170.000000	0.481097	0.914661	0.047533	0.410788	0.028126	0.456117	0.130151
165.000000	0.438384	1.092088	-0.215319	0.406247	0.034468	0.449563	0.120364
160.000000	0.482728	1.195201	-0.229745	0.416971	0.031810	0.452713	0.123214
155.000000	0.514343	1.067603	-0.038917	0.408275	0.041903	0.458297	0.129054
150.000000	0.507889	1.207468	-0.191691	0.414245	0.036917	0.457497	0.125984
145.000000	0.535403	1.096118	-0.025312	0.412258	0.043988	0.450207	0.129074
140.000000	0.569964	1.086502	0.053426	0.415525	0.047583	0.442099	0.130789
135.000000	0.584705	1.133423	0.035987	0.409194	0.041281	0.439292	0.131481
130.000000	0.646734	1.025114	0.268354	0.414912	0.067867	0.452041	0.138373
125.000000	0.633892	1.096788	0.170996	0.423059	0.051178	0.434170	0.135989
120.000000	0.692490	1.042678	0.342302	0.417744	0.079077	0.449100	0.139250
115.000000	0.697836	1.028256	0.367416	0.415015	0.073685	0.439977	0.139838
110.000000	0.613579	1.173602	0.053557	0.413496	0.056916	0.433391	0.129357
105.000000	0.711954	1.011930	0.411979	0.409373	0.080308	0.440000	0.141806
100.000000	0.629029	1.194737	0.063320	0.405840	0.058081	0.435103	0.131580
95.000000	0.625451	1.253277	-0.002375	0.410171	0.057537	0.434781	0.129443
90.000000	0.716512	1.075542	0.357482	0.409984	0.069556	0.436418	0.139697
85.000000	0.751194	1.081825	0.420563	0.416763	0.090054	0.447563	0.139080
80.000000	0.738430	1.106149	0.370710	0.419249	0.076595	0.444655	0.139326
75.000000	0.747195	1.103526	0.390864	0.419605	0.079352	0.443063	0.138945
70.000000	0.792471	1.110642	0.474299	0.439737	0.100006	0.456436	0.141545
65.000000	0.781269	1.089940	0.472598	0.410345	0.088807	0.454134	0.142543
60.000000	0.764669	1.129625	0.399712	0.434487	0.085796	0.452625	0.139005
55.000000	0.768650	1.130691	0.406609	0.406542	0.080611	0.452707	0.140275
50.000000	0.772406	1.133297	0.411514	0.419441	0.080310	0.449168	0.140436
45.000000	0.785997	1.142278	0.429716	0.432122	0.090656	0.454735	0.140471
40.000000	0.812758	1.126050	0.499465	0.415582	0.091750	0.454530	0.142968
35.000000	0.823068	1.147588	0.498548	0.429612	0.100373	0.460161	0.143363
30.000000	0.845784	1.145183	0.546385	0.435648	0.105701	0.459172	0.143622
25.000000	0.833056	1.137455	0.528658	0.419383	0.099390	0.457660	0.143326
20.000000	0.823605	1.156243	0.490966	0.429241	0.098775	0.455717	0.142148
15.000000	0.799419	1.158427	0.440411	0.416670	0.081520	0.453344	0.141178
10.000000	0.815867	1.176211	0.455522	0.430274	0.090712	0.455583	0.141717
5.000000	0.801890	1.184393	0.419388	0.428106	0.082536	0.454562	0.140944
0.000000	0.783467	1.189625	0.377310	0.416017	0.073849	0.449150	0.139497
