255.000000	0.000000	0.000000	0.000000	0.396636	0.203433	0.417030	0.192583
250.000000	0.031627	0.035664	0.031627	0.396416	0.206528	0.431403	0.204211
245.000000	0.072659	0.063810	0.072659	0.405367	0.213592	0.431663	0.212618
240.000000	0.102339	0.235030	0.102339	0.393077	0.196392	0.428258	0.203286
235.000000	0.142528	0.283206	0.142528	0.413219	0.203477	0.427672	0.211059
230.000000	0.185076	0.361454	0.185076	0.402690	0.196533	0.424518	0.212339
225.000000	0.228992	0.448374	0.228992	0.396549	0.190226	0.425034	0.223414
220.000000	0.277759	0.525918	0.277759	0.393094	0.182522	0.403663	0.209287
215.000000	0.336694	0.545755	0.336694	0.396079	0.185079	0.414361	0.215658
210.000000	0.386332	0.538990	0.386332	0.388124	0.185913	0.416138	0.224136
205.000000	0.442187	0.556567	0.442187	0.394232	0.187414	0.401083	0.214459
200.000000	0.484963	0.558056	0.484963	0.394899	0.190811	0.410737	0.217969
195.000000	0.532704	0.539318	0.532704	0.400997	0.198916	0.410101	0.216090
190.000000	0.575612	0.529798	0.575612	0.405059	0.202692	0.398243	0.213660
185.000000	0.619931	0.541280	0.619931	0.402546	0.202351	0.414115	0.218236
180.000000	0.653867	0.507140	0.653867	0.404683	0.210026	0.416786	0.218252
175.000000	0.686723	0.448201	0.686723	0.406429	0.220612	0.399986	0.204830
170.000000	0.715413	0.461344	0.715413	0.403696	0.221949	0.412577	0.210126
165.000000	0.746637	0.500421	0.746637	0.402694	0.219349	0.406899	0.206743
160.000000	0.777913	0.560757	0.777913	0.402083	0.216417	0.414977	0.214459
155.000000	0.807008	0.662965	0.807008	0.399184	0.205048	0.406580	0.210099
150.000000	0.824968	0.754777	0.824968	0.396704	0.194382	0.401774	0.211059
145.000000	0.839131	0.770012	0.839131	0.380950	0.189806	0.407738	0.212900
140.000000	0.860766	0.619040	0.860766	0.399865	0.219476	0.405861	0.205555
135.000000	0.877089	0.521871	0.877089	0.405754	0.224845	0.406547	0.199755
130.000000	0.896800	0.496988	0.896800	0.400316	0.223582	0.406415	0.197796
125.000000	0.914321	0.508695	0.914321	0.401480	0.225680	0.400735	0.197432
120.000000	0.937429	0.617853	0.937429	0.402729	0.222709	0.404681	0.202385
115.000000	0.942883	0.720154	0.942883	0.399435	0.208085	0.401771	0.205564
110.000000	0.951966	0.710670	0.951966	0.395382	0.208871	0.397750	0.203050
105.000000	0.964694	0.685704	0.964694	0.392806	0.208620	0.397845	0.203192
100.000000	0.975568	0.649631	0.975568	0.398187	0.214767	0.397533	0.200092
95.000000	0.981154	0.617007	0.981154	0.396633	0.213350	0.400074	0.199990
90.000000	0.988614	0.613664	0.988614	0.394604	0.213442	0.400797	0.198444
85.000000	0.991750	0.654031	0.991750	0.390930	0.213204	0.400722	0.199674
80.000000	0.998746	0.686308	0.998746	0.400175	0.221658	0.400564	0.202471
75.000000	1.003250	0.738124	1.003250	0.395248	0.218822	0.404526	0.205399
70.000000	1.009784	0.746877	1.009784	0.401087	0.214441	0.399249	0.203302
65.000000	1.012535	0.727949	1.012535	0.393463	0.215381	0.403226	0.204150
60.000000	1.021009	0.679052	1.021009	0.398958	0.217075	0.400774	0.200933
55.000000	1.025121	0.627398	1.025121	0.403384	0.224873	0.398911	0.197123
50.000000	1.030633	0.598339	1.030633	0.394924	0.214510	0.401038	0.198896
45.000000	1.031893	0.626652	1.031893	0.396008	0.222808	0.403025	0.200381
40.000000	1.037712	0.689803	1.037712	0.389637	0.206013	0.400077	0.201740
35.000000	1.037614	0.726836	1.037614	0.398829	0.213353	0.400384	0.203251
30.000000	1.039320	0.715063	1.039320	0.388651	0.208034	0.401460	0.203390
25.000000	1.041408	0.684714	1.041408	0.396510	0.214645	0.398744	0.199925
20.000000	1.041178	0.665731	1.041178	0.390612	0.217484	0.403727	0.198736
15.000000	1.045209	0.650751	1.045209	0.398436	0.219080	0.399423	0.199165
10.000000	1.048304	0.665071	1.048304	0.389671	0.215752	0.400367	0.198913
5.000000	1.057041	0.705393	1.057041	0.395069	0.216336	0.401496	0.202025
0.000000	1.056769	0.728238	1.056769	0.388311	0.216185	0.412031	0.204664
