0.000000	0.913618
5.000000	0.914307
10.000000	0.913937
15.000000	0.914428
20.000000	0.913387
25.000000	0.914130
30.000000	0.912677
35.000000	0.911923
40.000000	0.913359
45.000000	0.912188
50.000000	0.910325
55.000000	0.911109
60.000000	0.909445
65.000000	0.908361
70.000000	0.911045
75.000000	0.906284
80.000000	0.908867
85.000000	0.905646
90.000000	0.902818
95.000000	0.904036
100.000000	0.899782
105.000000	0.896462
110.000000	0.901471
115.000000	0.892078
120.000000	0.892812
125.000000	0.887442
130.000000	0.891774
135.000000	0.881993
140.000000	0.883286
145.000000	0.877676
150.000000	0.873958
155.000000	0.883740
160.000000	0.874523
165.000000	0.866149
170.000000	0.878134
175.000000	0.877432
180.000000	0.873870
185.000000	0.867739
190.000000	0.870432
195.000000	0.889730
200.000000	0.887208
205.000000	0.883854
210.000000	0.905740
215.000000	0.919923
220.000000	0.929029
225.000000	0.930599
230.000000	0.955391
235.000000	0.958179
240.000000	0.965785
245.000000	0.984607
250.000000	0.999296
255.000000	1.000000
