255.000000	0.000000	0.000000	0.000000	0.433519	0.073051	0.441840	0.137520
250.000000	0.172861	0.289314	0.056407	0.428693	0.072919	0.429577	0.135767
245.000000	0.303915	0.545204	0.062626	0.424598	0.080651	0.425324	0.139731
240.000000	0.261163	0.336151	0.186175	0.432888	0.066729	0.421361	0.136594
235.000000	0.269869	0.243984	0.295753	0.413760	0.060054	0.424425	0.131954
230.000000	0.327020	0.244224	0.409816	0.429145	0.061784	0.409406	0.130500
225.000000	0.365870	0.239885	0.491855	0.420068	0.054296	0.408074	0.133236
220.000000	0.366599	0.148104	0.585094	0.431742	0.067078	0.404078	0.131459
215.000000	0.380582	0.099107	0.662057	0.424544	0.065237	0.402912	0.128757
210.000000	0.452012	0.150651	0.753373	0.428548	0.059330	0.416758	0.135376
205.000000	0.521079	0.219695	0.822464	0.441944	0.042221	0.417651	0.140491
200.000000	0.499953	0.141079	0.858827	0.416372	0.059218	0.414317	0.137286
195.000000	0.533116	0.101556	0.964677	0.439672	0.059163	0.425995	0.141841
190.000000	0.574576	0.175846	0.973305	0.419694	0.045887	0.425824	0.143542
185.000000	0.615403	0.110215	1.120591	0.405605	0.044713	0.434360	0.147859
180.000000	0.668478	0.178612	1.158345	0.433606	0.030348	0.426081	0.143541
175.000000	0.640818	0.085891	1.195745	0.422031	0.056807	0.426807	0.146244
170.000000	0.701959	0.127402	1.276515	0.439344	0.042000	0.421256	0.143966
165.000000	0.669848	0.088638	1.251058	0.433798	0.059597	0.427538	0.143555
160.000000	0.749962	0.063542	1.436382	0.445088	0.037616	0.420790	0.147014
155.000000	0.783817	0.058555	1.509080	0.433745	0.035537	0.427965	0.145233
150.000000	0.816797	-0.030215	1.663810	0.388504	0.041271	0.421939	0.145617
145.000000	0.790227	0.068381	1.512073	0.440891	0.039395	0.423668	0.144612
140.000000	0.820834	0.023325	1.618343	0.415939	0.041338	0.431255	0.145138
135.000000	0.841116	0.011564	1.670668	0.391933	0.050726	0.438536	0.145036
130.000000	0.890940	-0.044080	1.825960	0.440322	0.035439	0.436612	0.140913
125.000000	0.867734	0.005243	1.730225	0.409738	0.046891	0.435146	0.142283
120.000000	0.853384	0.033576	1.673192	0.438421	0.042849	0.436671	0.140481
115.000000	0.866922	0.031503	1.702342	0.431634	0.049046	0.438938	0.142069
110.000000	0.883701	0.013877	1.753526	0.438841	0.040016	0.437159	0.139430
105.000000	0.852744	0.044146	1.661342	0.406600	0.059101	0.438146	0.143248
100.000000	0.891774	0.057310	1.726239	0.443603	0.047368	0.438792	0.140903
95.000000	0.941996	-0.002168	1.886160	0.426960	0.051131	0.437809	0.140124
90.000000	0.997020	-0.084630	2.078670	0.424098	0.052013	0.447439	0.137166
85.000000	0.970928	-0.033970	1.975826	0.410899	0.054378	0.446717	0.138742
80.000000	0.960021	-0.021877	1.941918	0.418628	0.050560	0.440867	0.139599
75.000000	0.943476	0.000518	1.886434	0.448327	0.042574	0.438892	0.139375
70.000000	0.936794	0.020935	1.852652	0.400034	0.054943	0.443449	0.141120
65.000000	0.951174	0.016509	1.885839	0.429386	0.049098	0.435527	0.139724
60.000000	0.963487	0.027476	1.899499	0.429958	0.051344	0.437799	0.139258
55.000000	0.961560	0.031619	1.891502	0.437703	0.043505	0.433857	0.138169
50.000000	0.961453	0.038701	1.884205	0.400061	0.055401	0.437007	0.140565
45.000000	0.971617	0.034685	1.908548	0.428965	0.050720	0.434229	0.139575
40.000000	0.988946	0.019274	1.958617	0.385847	0.055817	0.440901	0.140338
35.000000	1.007254	-0.030864	2.045372	0.445490	0.046617	0.442503	0.139685
30.000000	1.004818	0.012593	1.997042	0.395732	0.054952	0.436955	0.138276
25.000000	1.024133	-0.015159	2.063426	0.437334	0.050830	0.440990	0.139422
20.000000	1.035506	0.003161	2.067852	0.407555	0.056382	0.443539	0.139347
15.000000	1.082486	-0.030554	2.195525	0.418375	0.060245	0.448730	0.138337
10.000000	1.083977	-0.070094	2.238049	0.445167	0.056745	0.442144	0.137585
5.000000	1.072942	-0.011112	2.156997	0.395642	0.061020	0.445431	0.138525
0.000000	1.080916	-0.060549	2.222380	0.448249	0.059185	0.448259	0.139482
