255.000000	0.000000	0.000000	0.000000	0.395703	0.068393	0.405658	0.180367
250.000000	0.017397	-0.097096	0.062303	0.397975	0.053371	0.411349	0.181517
245.000000	0.009836	-0.177215	0.157543	0.381247	0.052771	0.398696	0.170212
240.000000	0.033078	-0.127246	0.193402	0.391253	0.054611	0.410571	0.179756
235.000000	0.143810	0.031626	0.255995	0.374488	0.076919	0.405083	0.180647
230.000000	0.136434	0.015600	0.257267	0.389862	0.068347	0.406600	0.184839
225.000000	0.107038	-0.194197	0.408273	0.381643	0.067065	0.398434	0.177866
220.000000	0.114981	-0.240531	0.470492	0.387893	0.065892	0.396217	0.182997
215.000000	0.118515	-0.290618	0.527647	0.383781	0.078414	0.381617	0.168022
210.000000	0.137817	-0.310218	0.585853	0.396056	0.073998	0.396094	0.180576
205.000000	0.161617	-0.310388	0.633623	0.389150	0.090563	0.378663	0.173070
200.000000	0.196208	-0.282248	0.674664	0.395192	0.086783	0.392004	0.177064
195.000000	0.237715	-0.221028	0.696459	0.394555	0.086765	0.404556	0.180656
190.000000	0.293906	-0.135741	0.723554	0.389524	0.092351	0.409688	0.183184
185.000000	0.318706	-0.111100	0.748512	0.395495	0.084844	0.432601	0.182654
180.000000	0.325945	-0.129983	0.781874	0.388199	0.103124	0.399059	0.178102
175.000000	0.371281	-0.077171	0.819732	0.396743	0.094804	0.421850	0.179578
170.000000	0.454392	0.069417	0.839366	0.380321	0.101167	0.404492	0.181169
165.000000	0.487125	0.122106	0.852144	0.388207	0.090431	0.428574	0.182384
160.000000	0.497448	0.092160	0.902736	0.382700	0.104402	0.406233	0.177899
155.000000	0.535072	0.146945	0.923199	0.391380	0.093497	0.421678	0.178128
150.000000	0.541284	0.135756	0.946812	0.397544	0.096367	0.421428	0.176839
145.000000	0.520397	0.066369	0.974425	0.391158	0.109563	0.411252	0.174542
140.000000	0.509244	0.023737	0.994751	0.402223	0.094851	0.430929	0.172298
135.000000	0.504067	-0.005781	1.013914	0.393175	0.112274	0.414594	0.170927
130.000000	0.523098	0.010036	1.036160	0.395166	0.100682	0.430266	0.171679
125.000000	0.531519	0.017227	1.045810	0.395383	0.108870	0.414106	0.169754
120.000000	0.563966	0.060740	1.067193	0.397275	0.096612	0.424371	0.170487
115.000000	0.559579	0.031898	1.087261	0.406788	0.108541	0.418278	0.169467
110.000000	0.552735	-0.000194	1.105664	0.407361	0.100698	0.424309	0.166704
105.000000	0.537795	-0.044537	1.120126	0.403044	0.110287	0.426223	0.166043
100.000000	0.531651	-0.068983	1.132286	0.404551	0.108964	0.427949	0.164388
95.000000	0.535250	-0.070082	1.140582	0.400364	0.116761	0.422165	0.163901
90.000000	0.535375	-0.091303	1.162053	0.407866	0.110275	0.426772	0.161723
85.000000	0.519600	-0.116399	1.155600	0.378622	0.121088	0.421126	0.162226
80.000000	0.510433	-0.162697	1.183563	0.409262	0.123383	0.423753	0.158208
75.000000	0.492376	-0.185482	1.170234	0.384280	0.130393	0.418322	0.158124
70.000000	0.495834	-0.197946	1.189615	0.404036	0.125901	0.425952	0.155539
65.000000	0.512826	-0.161546	1.187199	0.386593	0.126837	0.418301	0.157726
60.000000	0.539589	-0.132992	1.212170	0.402238	0.122166	0.426248	0.158839
55.000000	0.548630	-0.124607	1.221866	0.411850	0.119310	0.425540	0.158570
50.000000	0.555442	-0.115506	1.226390	0.397555	0.121989	0.417716	0.157676
45.000000	0.550420	-0.142389	1.243229	0.398856	0.117602	0.423617	0.156794
40.000000	0.536912	-0.159719	1.233543	0.380698	0.125700	0.420631	0.156374
35.000000	0.546074	-0.163765	1.255913	0.403373	0.122353	0.425314	0.155637
30.000000	0.553038	-0.144835	1.250912	0.390994	0.123916	0.417333	0.155635
25.000000	0.563828	-0.129503	1.257158	0.386656	0.121151	0.416458	0.155079
20.000000	0.579256	-0.108940	1.267452	0.398333	0.118958	0.414953	0.156413
15.000000	0.592164	-0.078100	1.262428	0.376835	0.118420	0.410937	0.157159
10.000000	0.613314	-0.058666	1.285294	0.407634	0.111732	0.413666	0.158196
5.000000	0.633484	-0.017636	1.284605	0.402636	0.112104	0.402253	0.158515
0.000000	0.644564	-0.006900	1.296028	0.405591	0.107746	0.407248	0.159251
