255.000000	0.000000	0.000000	0.000000	0.401819	0.208424	0.440962	0.187330
250.000000	0.001808	0.013243	0.001808	0.404840	0.210758	0.442017	0.189545
245.000000	0.013286	0.022526	0.013286	0.407228	0.207996	0.448805	0.190527
240.000000	0.016663	0.018601	0.016663	0.404505	0.210713	0.450285	0.191901
235.000000	0.011008	0.073717	0.011008	0.415092	0.209597	0.454875	0.192871
230.000000	0.008208	0.155013	0.008208	0.425458	0.211075	0.447061	0.189263
225.000000	0.021177	0.175699	0.021177	0.427721	0.213491	0.448603	0.189260
220.000000	0.027961	0.161171	0.027961	0.428802	0.214106	0.448619	0.189533
215.000000	0.026606	0.164397	0.026606	0.435254	0.216740	0.448018	0.187082
210.000000	0.020123	0.182288	0.020123	0.423785	0.212715	0.446067	0.188172
205.000000	0.009484	0.211002	0.009484	0.433310	0.212937	0.444842	0.187412
200.000000	0.008696	0.218712	0.008696	0.433496	0.210568	0.446942	0.187077
195.000000	0.012655	0.197298	0.012655	0.434743	0.212921	0.444236	0.188046
190.000000	0.008863	0.143386	0.008863	0.428401	0.212491	0.444961	0.189218
185.000000	0.001709	0.040835	0.001709	0.407369	0.207361	0.449240	0.191011
180.000000	0.002581	-0.026486	0.002581	0.400525	0.208550	0.444576	0.186635
175.000000	0.008539	-0.069899	0.008539	0.395440	0.206068	0.441286	0.185145
170.000000	0.013530	-0.126491	0.013530	0.387005	0.204634	0.437173	0.182289
165.000000	0.013111	-0.144910	0.013111	0.391351	0.203361	0.441521	0.180262
160.000000	0.008144	-0.117976	0.008144	0.394206	0.204722	0.440906	0.183300
155.000000	0.004529	-0.114166	0.004529	0.398670	0.208975	0.434579	0.181096
150.000000	0.006978	-0.156041	0.006978	0.392098	0.206320	0.434377	0.180354
145.000000	0.002233	-0.296586	0.002233	0.394646	0.198961	0.434533	0.169534
140.000000	0.014818	-0.356204	0.014818	0.403018	0.196140	0.427666	0.164385
135.000000	0.031338	-0.246655	0.031338	0.401540	0.202995	0.431523	0.176874
130.000000	0.039010	-0.090960	0.039010	0.392647	0.206007	0.447328	0.192612
125.000000	0.055868	0.052032	0.055868	0.409311	0.209775	0.438403	0.192273
120.000000	0.058945	-0.020195	0.058945	0.400707	0.208936	0.432662	0.191901
115.000000	0.056717	-0.171770	0.056717	0.391098	0.203734	0.438282	0.191885
110.000000	0.052437	-0.044943	0.052437	0.405066	0.210638	0.427666	0.198523
105.000000	0.059151	0.131182	0.059151	0.438055	0.217175	0.411234	0.196439
100.000000	0.068874	0.131975	0.068874	0.436699	0.219728	0.391188	0.198883
95.000000	0.098929	0.272225	0.098929	0.464666	0.224570	0.369072	0.200173
90.000000	0.143254	0.317758	0.143254	0.465770	0.224431	0.341696	0.207639
85.000000	0.169569	0.270886	0.169569	0.454945	0.225492	0.311172	0.210519
80.000000	0.028367	1.741671	0.028367	0.468057	0.128010	0.277563	0.096033
75.000000	0.296588	0.135791	0.296588	0.414144	0.212785	0.329871	0.221377
70.000000	0.331842	0.333644	0.331842	0.424275	0.210437	0.376825	0.211136
65.000000	0.327928	0.255429	0.327928	0.405853	0.202192	0.396238	0.204558
60.000000	0.320322	0.469382	0.320322	0.436349	0.210681	0.428971	0.182887
55.000000	0.262178	0.384608	0.262178	0.417902	0.201907	0.434509	0.172432
50.000000	0.264092	0.529917	0.264092	0.434201	0.205058	0.440179	0.164588
45.000000	0.237067	0.512227	0.237067	0.452739	0.208866	0.429342	0.153710
40.000000	0.220198	0.451922	0.220198	0.447291	0.207525	0.447478	0.154839
35.000000	0.192760	0.289091	0.192760	0.431948	0.204979	0.442908	0.151956
30.000000	0.191330	0.316046	0.191330	0.432841	0.204852	0.453190	0.150712
25.000000	0.198027	0.497870	0.198027	0.440596	0.202820	0.455727	0.146051
20.000000	0.225996	0.860107	0.225996	0.381479	0.174525	0.451975	0.137227
15.000000	0.235211	0.813047	0.235211	0.397800	0.180208	0.460159	0.138502
10.000000	0.215650	1.051800	0.215650	0.365297	0.171233	0.450516	0.139900
5.000000	0.162683	0.935070	0.162683	0.364887	0.168591	0.454732	0.136109
0.000000	0.111923	0.943402	0.111923	0.360298	0.166621	0.456644	0.136720
