255.000000	0.000000	0.000000	0.000000	0.435907	0.093507	0.465881	0.130342
250.000000	0.009560	-0.010638	0.029758	0.432336	0.083306	0.473907	0.130496
245.000000	0.039329	-0.192525	0.113867	0.437824	0.057962	0.469875	0.129337
240.000000	0.059469	-0.386182	0.267244	0.446399	0.048929	0.478890	0.126031
235.000000	0.022030	-0.370208	0.326148	0.446971	0.049217	0.470007	0.132982
230.000000	0.003738	-0.497843	0.490367	0.458229	0.046210	0.485654	0.127374
225.000000	0.060754	-0.473788	0.595296	0.435808	0.042849	0.460480	0.129202
220.000000	0.200771	-0.075577	0.477119	0.443238	0.021801	0.452742	0.128626
215.000000	0.184686	-0.420681	0.790053	0.434977	0.027708	0.451702	0.129437
210.000000	0.217579	-0.486128	0.921285	0.448822	0.033584	0.455601	0.123104
205.000000	0.262259	-0.528324	1.052842	0.440434	0.036254	0.448225	0.124638
200.000000	0.283621	-0.555535	1.122776	0.429779	0.037202	0.442782	0.126709
195.000000	0.335228	-0.534194	1.204651	0.432210	0.035431	0.449938	0.124098
190.000000	0.427448	-0.641489	1.496386	0.437313	0.033230	0.439762	0.130619
185.000000	0.383814	-0.539345	1.306974	0.434680	0.043979	0.446046	0.127921
180.000000	0.399066	-0.560795	1.358928	0.426588	0.054878	0.447258	0.130346
175.000000	0.463389	-0.553531	1.480309	0.428966	0.050172	0.451911	0.134072
170.000000	0.482611	-0.575837	1.541060	0.427786	0.053924	0.449153	0.135433
165.000000	0.553160	-0.588475	1.694794	0.427866	0.043034	0.452828	0.141814
160.000000	0.571478	-0.577907	1.720863	0.432622	0.053099	0.456577	0.142908
155.000000	0.589850	-0.547089	1.726789	0.432214	0.046405	0.444453	0.144077
150.000000	0.614339	-0.563617	1.792295	0.431327	0.060106	0.461725	0.141925
145.000000	0.654606	-0.566466	1.875678	0.434676	0.052418	0.449663	0.144812
140.000000	0.672222	-0.551880	1.896325	0.437324	0.065597	0.461172	0.144710
135.000000	0.670345	-0.537909	1.878599	0.434460	0.056980	0.451020	0.144356
130.000000	0.668121	-0.504844	1.841087	0.428451	0.065937	0.447561	0.141845
125.000000	0.672899	-0.507187	1.852985	0.432578	0.069573	0.455324	0.142088
120.000000	0.709847	-0.522617	1.942311	0.433471	0.063343	0.446430	0.144558
115.000000	0.717072	-0.517200	1.951344	0.437686	0.071717	0.457461	0.144691
110.000000	0.689454	-0.482142	1.861051	0.429462	0.071154	0.450704	0.142730
105.000000	0.707721	-0.497954	1.913395	0.432189	0.063486	0.445175	0.144013
100.000000	0.706529	-0.488808	1.901865	0.434148	0.072519	0.452150	0.142807
95.000000	0.737916	-0.497367	1.973198	0.435253	0.068977	0.450748	0.145326
90.000000	0.757197	-0.493411	2.007805	0.429823	0.072283	0.452143	0.145988
85.000000	0.798145	-0.518744	2.115034	0.440561	0.076578	0.452438	0.147863
80.000000	0.846536	-0.555287	2.248358	0.449329	0.080236	0.455632	0.148688
75.000000	0.857137	-0.533157	2.247431	0.442802	0.088569	0.453736	0.147809
70.000000	0.927422	-0.530710	2.385554	0.435351	0.097650	0.452175	0.141709
65.000000	0.933228	-0.537876	2.404333	0.453945	0.095159	0.458934	0.138892
60.000000	0.846596	-0.523383	2.216574	0.440824	0.083950	0.454566	0.148429
55.000000	0.852935	-0.536719	2.242589	0.435975	0.078110	0.460660	0.149114
50.000000	0.857333	-0.506044	2.220711	0.442318	0.078977	0.457716	0.148065
45.000000	0.885361	-0.530206	2.300928	0.441795	0.078443	0.464559	0.147711
40.000000	0.890108	-0.516403	2.296618	0.441984	0.090543	0.460561	0.144868
35.000000	0.904020	-0.519274	2.327313	0.433655	0.087842	0.456708	0.144878
30.000000	0.902873	-0.504296	2.310043	0.442428	0.091752	0.448235	0.141967
25.000000	0.886203	-0.518766	2.291172	0.441913	0.080234	0.465782	0.147706
20.000000	0.893307	-0.504452	2.291066	0.439300	0.084435	0.453692	0.144605
15.000000	0.912929	-0.509338	2.335197	0.429449	0.081745	0.456140	0.144532
10.000000	0.935919	-0.486612	2.358450	0.437682	0.092565	0.446403	0.139686
5.000000	0.929804	-0.502836	2.362445	0.435933	0.087088	0.458606	0.142774
0.000000	1.045786	-0.454960	2.546532	0.435239	0.110532	0.436749	0.127365
