0.000000	0.493824
5.000000	0.495904
10.000000	0.500148
15.000000	0.507081
20.000000	0.516507
25.000000	0.525259
30.000000	0.536381
35.000000	0.545266
40.000000	0.552975
45.000000	0.556368
50.000000	0.557954
55.000000	0.552788
60.000000	0.539581
65.000000	0.527666
70.000000	0.526082
75.000000	0.538815
80.000000	0.564189
85.000000	0.614931
90.000000	0.696119
95.000000	0.788220
100.000000	0.834015
105.000000	0.885295
110.000000	0.922797
115.000000	0.941919
120.000000	0.958567
125.000000	0.969934
130.000000	0.978215
135.000000	0.984446
140.000000	0.986713
145.000000	0.990463
150.000000	0.992765
155.000000	0.994568
160.000000	0.995605
165.000000	0.996878
170.000000	0.997824
175.000000	0.998212
180.000000	0.998607
185.000000	0.999279
190.000000	0.999531
195.000000	0.998978
200.000000	0.999609
205.000000	0.999841
210.000000	0.998986
215.000000	0.999740
220.000000	1.000000
225.000000	0.999275
230.000000	0.999317
235.000000	0.999527
240.000000	0.998987
245.000000	0.998435
250.000000	0.998985
255.000000	0.998421
