0.000000	0.996853
5.000000	0.998948
10.000000	1.000000
15.000000	0.992147
20.000000	0.989247
25.000000	0.977646
30.000000	0.967204
35.000000	0.936378
40.000000	0.899988
45.000000	0.843429
50.000000	0.758227
55.000000	0.636521
60.000000	0.533987
65.000000	0.411382
70.000000	0.249737
75.000000	0.154712
80.000000	0.129999
85.000000	0.147136
90.000000	0.199521
95.000000	0.309732
100.000000	0.373671
105.000000	0.456262
110.000000	0.512041
115.000000	0.537841
120.000000	0.569048
125.000000	0.586792
130.000000	0.595748
135.000000	0.605980
140.000000	0.615037
145.000000	0.615734
150.000000	0.620094
155.000000	0.623446
160.000000	0.625196
165.000000	0.626249
170.000000	0.626755
175.000000	0.626542
180.000000	0.627298
185.000000	0.629229
190.000000	0.627831
195.000000	0.627960
200.000000	0.627694
205.000000	0.627522
210.000000	0.626843
215.000000	0.627959
220.000000	0.627965
225.000000	0.627782
230.000000	0.627890
235.000000	0.628045
240.000000	0.628085
245.000000	0.628566
250.000000	0.629158
255.000000	0.628778
