255.000000	0.000000	0.000000	0.000000	0.423789	0.049709	0.386282	0.204954
250.000000	0.033685	0.063800	0.003570	0.430448	0.050190	0.389280	0.207009
245.000000	0.032223	-0.040584	0.105029	0.420622	0.053149	0.395217	0.208878
240.000000	0.032305	-0.122925	0.187535	0.423040	0.057545	0.399817	0.208349
235.000000	0.051483	-0.137339	0.240304	0.416389	0.057591	0.379224	0.199467
230.000000	0.082236	-0.106215	0.270686	0.420147	0.057276	0.408176	0.210376
225.000000	0.124595	-0.055322	0.304513	0.420204	0.048021	0.389473	0.204457
220.000000	0.153157	-0.036529	0.342844	0.411379	0.045916	0.396650	0.204280
215.000000	0.186984	-0.038600	0.412569	0.409748	0.041461	0.408564	0.207863
210.000000	0.233885	0.059540	0.408229	0.409359	0.031753	0.409706	0.203455
205.000000	0.281993	0.177739	0.386247	0.414830	0.021629	0.422238	0.216586
200.000000	0.320350	0.293363	0.347337	0.414089	0.016689	0.424629	0.213475
195.000000	0.358919	0.499839	0.217998	0.413187	0.009703	0.416949	0.218894
190.000000	0.385896	0.499052	0.272740	0.407010	0.005689	0.427251	0.205490
185.000000	0.398787	-0.095641	0.893215	0.407861	0.004671	0.422164	0.215275
180.000000	0.440905	-0.742132	1.623941	0.406977	0.002036	0.417713	0.196750
175.000000	0.482386	-0.722958	1.687730	0.413687	0.014239	0.406058	0.200710
170.000000	0.527779	-0.764554	1.820112	0.408597	0.024853	0.399795	0.193082
165.000000	0.565164	-0.759424	1.889752	0.408975	0.034366	0.389809	0.190876
160.000000	0.602339	-0.684434	1.889112	0.414429	0.045631	0.402116	0.194313
155.000000	0.632786	-0.670584	1.936157	0.411118	0.044292	0.387145	0.186542
150.000000	0.642864	-0.591408	1.877137	0.417108	0.045833	0.397565	0.192496
145.000000	0.646486	-0.543914	1.836885	0.414029	0.039669	0.391630	0.188040
140.000000	0.651286	-0.518121	1.820693	0.411026	0.036001	0.385878	0.186281
135.000000	0.652917	-0.447893	1.753727	0.413893	0.041538	0.401485	0.191971
130.000000	0.634771	-0.295092	1.564635	0.410589	0.031374	0.388589	0.185890
125.000000	0.624663	-0.216536	1.465862	0.408159	0.044655	0.397687	0.190182
120.000000	0.634528	-0.192863	1.461920	0.412272	0.039230	0.389178	0.184751
115.000000	0.657718	-0.227170	1.542606	0.408533	0.044247	0.398216	0.188424
110.000000	0.649812	-0.151872	1.451497	0.412207	0.043858	0.393850	0.185283
105.000000	0.639334	-0.139540	1.418209	0.410501	0.057696	0.398206	0.189129
100.000000	0.658917	-0.116349	1.434183	0.412035	0.055202	0.389619	0.184527
95.000000	0.657559	-0.097033	1.412152	0.413544	0.056765	0.391455	0.182351
90.000000	0.671365	-0.126170	1.468901	0.412577	0.060321	0.400150	0.187612
85.000000	0.702490	-0.112220	1.517200	0.416575	0.052964	0.392585	0.184185
80.000000	0.710948	-0.108423	1.530320	0.416171	0.056090	0.391077	0.183448
75.000000	0.729908	-0.104185	1.564001	0.415207	0.055223	0.392598	0.184701
70.000000	0.737523	-0.091269	1.566314	0.415294	0.054239	0.391233	0.183374
65.000000	0.716021	-0.081567	1.513608	0.412019	0.065843	0.395367	0.184578
60.000000	0.715760	-0.047471	1.478991	0.415879	0.064816	0.388402	0.181082
55.000000	0.750014	-0.085902	1.585930	0.411711	0.061423	0.397875	0.185451
50.000000	0.776339	-0.100148	1.652826	0.417958	0.053557	0.397515	0.185257
45.000000	0.791143	-0.119543	1.701829	0.417015	0.057688	0.402295	0.186874
40.000000	0.802540	-0.122718	1.727798	0.414533	0.057544	0.395718	0.185835
35.000000	0.822821	-0.136321	1.781963	0.416988	0.056522	0.399211	0.188134
30.000000	0.833324	-0.135202	1.801850	0.416409	0.056136	0.397966	0.189056
25.000000	0.856634	-0.168458	1.881726	0.418434	0.056268	0.397605	0.190327
20.000000	0.871381	-0.172681	1.915443	0.421762	0.064003	0.402192	0.191100
15.000000	0.893964	-0.187966	1.975894	0.423469	0.061546	0.406682	0.191490
10.000000	0.913223	-0.193586	2.020031	0.423984	0.069797	0.408604	0.192470
5.000000	0.916269	-0.207788	2.040325	0.421394	0.065236	0.405616	0.191937
0.000000	0.910209	-0.186269	2.006687	0.424409	0.067337	0.407540	0.192176
