0.000000	1.000000
5.000000	0.995366
10.000000	0.992395
15.000000	0.990759
20.000000	0.984948
25.000000	0.981269
30.000000	0.975859
35.000000	0.972178
40.000000	0.963654
45.000000	0.959753
50.000000	0.952190
55.000000	0.944489
60.000000	0.940032
65.000000	0.928519
70.000000	0.922762
75.000000	0.916069
80.000000	0.903387
85.000000	0.890693
90.000000	0.882616
95.000000	0.876183
100.000000	0.860293
105.000000	0.843397
110.000000	0.835555
115.000000	0.817714
120.000000	0.808525
125.000000	0.792550
130.000000	0.771899
135.000000	0.761371
140.000000	0.747555
145.000000	0.724847
150.000000	0.713177
155.000000	0.687909
160.000000	0.677585
165.000000	0.667922
170.000000	0.649573
175.000000	0.633156
180.000000	0.630606
185.000000	0.618743
190.000000	0.620601
195.000000	0.625381
200.000000	0.625300
205.000000	0.640366
210.000000	0.646456
215.000000	0.670333
220.000000	0.700554
225.000000	0.718212
230.000000	0.760494
235.000000	0.794124
240.000000	0.825412
245.000000	0.868426
250.000000	0.910114
255.000000	0.935568
