255.000000	0.000000	0.000000	0.000000	0.438183	0.085274	0.410107	0.211162
250.000000	0.219890	0.629578	-0.189799	0.428428	0.113048	0.441959	0.208634
245.000000	0.068141	0.150434	-0.014153	0.432974	0.078994	0.418380	0.215918
240.000000	0.113422	0.187706	0.039137	0.430802	0.078698	0.440134	0.213995
235.000000	0.032475	-0.047578	0.112528	0.428881	0.093471	0.416058	0.208369
230.000000	0.026444	-0.135996	0.188884	0.432257	0.110125	0.414705	0.211493
225.000000	0.061687	-0.103752	0.227127	0.436994	0.105649	0.427959	0.209287
220.000000	0.176495	0.102213	0.250778	0.437728	0.079819	0.443449	0.215092
215.000000	0.219247	0.171148	0.267346	0.443655	0.069188	0.430785	0.211564
210.000000	0.282886	0.303710	0.262062	0.443432	0.060824	0.441793	0.205032
205.000000	0.334882	0.432424	0.237339	0.448487	0.052948	0.430148	0.204704
200.000000	0.282401	0.167422	0.397379	0.440779	0.065570	0.445601	0.208131
195.000000	0.332374	0.289866	0.374882	0.439908	0.051300	0.411881	0.199614
190.000000	0.408879	0.648853	0.168904	0.433255	0.041639	0.426989	0.201685
185.000000	0.299343	0.031979	0.566707	0.436716	0.086027	0.419510	0.202976
180.000000	0.404553	0.156941	0.652165	0.436381	0.059283	0.420740	0.201014
175.000000	0.479280	0.318258	0.640302	0.424767	0.036261	0.416728	0.200270
170.000000	0.476150	0.208788	0.743512	0.435754	0.044319	0.412939	0.197376
165.000000	0.505853	0.239194	0.772513	0.430684	0.044777	0.423269	0.199609
160.000000	0.465655	0.110966	0.820343	0.438679	0.072538	0.403519	0.195068
155.000000	0.493582	0.138010	0.849155	0.432444	0.067621	0.409399	0.195022
150.000000	0.609956	0.376567	0.843345	0.424109	0.019624	0.422676	0.192103
145.000000	0.531992	0.142200	0.921785	0.432739	0.064321	0.404972	0.188165
140.000000	0.698944	0.568283	0.829606	0.424075	0.005149	0.426765	0.184793
135.000000	0.661724	0.202502	1.120947	0.432222	0.027312	0.426294	0.186868
130.000000	0.696847	0.312468	1.081226	0.428241	0.013487	0.429475	0.184801
125.000000	0.691422	0.195520	1.187325	0.431805	0.028283	0.428572	0.184025
120.000000	0.694810	0.283800	1.105819	0.430401	0.033348	0.426152	0.186416
115.000000	0.781118	-0.089193	1.651428	0.431479	0.014260	0.416902	0.176784
110.000000	0.666385	0.238393	1.094376	0.434448	0.043880	0.432516	0.190369
105.000000	0.695195	0.211826	1.178565	0.436146	0.048471	0.430266	0.186780
100.000000	0.710481	0.264722	1.156241	0.439125	0.040505	0.430846	0.186264
95.000000	0.713229	0.214716	1.211742	0.439197	0.041467	0.432085	0.185272
90.000000	0.848714	-0.342809	2.040237	0.432514	0.024262	0.427962	0.178742
85.000000	0.737398	0.231741	1.243055	0.434519	0.043141	0.429977	0.183320
80.000000	0.794027	0.262170	1.325884	0.436227	0.026286	0.427009	0.181315
75.000000	0.905827	-0.262810	2.074465	0.431582	0.029467	0.415623	0.173833
70.000000	0.903688	-0.265825	2.073200	0.432019	0.034279	0.413334	0.172380
65.000000	0.899279	-0.280083	2.078640	0.429432	0.027321	0.419369	0.175808
60.000000	0.857779	-0.049460	1.765017	0.441847	0.021466	0.415462	0.173607
55.000000	0.817429	0.252457	1.382402	0.440485	0.021895	0.425081	0.179312
50.000000	0.769916	0.259953	1.279880	0.439433	0.052356	0.428649	0.181318
45.000000	0.827457	0.305848	1.349066	0.437034	0.035476	0.422595	0.179069
40.000000	0.861814	0.167082	1.556545	0.437503	0.025424	0.419058	0.175939
35.000000	0.897959	0.000847	1.795071	0.437871	0.019769	0.419160	0.175452
30.000000	0.942982	-0.255792	2.141757	0.432819	0.029388	0.421023	0.178527
25.000000	0.992570	-0.238132	2.223273	0.422800	0.045843	0.413818	0.175397
20.000000	1.014396	-0.230624	2.259416	0.422451	0.054648	0.411188	0.175388
15.000000	0.996020	-0.187382	2.179422	0.425535	0.046171	0.408661	0.173315
10.000000	0.980858	-0.237173	2.198889	0.429388	0.036792	0.417140	0.177376
5.000000	1.001686	-0.179148	2.182520	0.424941	0.043449	0.408408	0.173139
0.000000	0.994042	-0.207027	2.195110	0.428610	0.041680	0.410264	0.174963
