255.000000	0.000000	0.000000	0.000000	0.405041	0.242845	0.432656	0.268826
250.000000	0.003528	-0.003528	-0.021734	0.406392	0.242582	0.423453	0.260666
245.000000	0.016878	-0.016878	-0.086662	0.408908	0.241294	0.431261	0.253299
240.000000	0.023230	-0.023230	-0.211858	0.410326	0.238223	0.428638	0.242363
235.000000	0.022648	-0.022648	-0.246170	0.405262	0.237615	0.431385	0.239486
230.000000	0.022372	-0.022372	-0.259842	0.405683	0.234797	0.437355	0.233934
225.000000	0.016898	-0.016898	-0.252760	0.404744	0.234416	0.430365	0.231818
220.000000	0.014256	-0.014256	-0.342202	0.401860	0.232836	0.442115	0.231443
215.000000	0.003948	-0.003948	-0.368929	0.398806	0.232936	0.435753	0.226822
210.000000	0.010184	0.010184	-0.408931	0.396585	0.231606	0.438728	0.228907
205.000000	0.013188	0.013188	-0.434007	0.393860	0.230289	0.434129	0.222776
200.000000	0.026165	0.026165	-0.386721	0.397963	0.230455	0.432966	0.221827
195.000000	0.034939	0.034939	-0.257110	0.394957	0.228335	0.428772	0.225320
190.000000	0.048577	0.048577	-0.275082	0.396512	0.227819	0.426396	0.226814
185.000000	0.052242	0.052242	-0.314716	0.392916	0.225541	0.421569	0.223048
180.000000	0.065934	0.065934	-0.333199	0.394682	0.228020	0.429383	0.225439
175.000000	0.079195	0.079195	-0.332693	0.391995	0.227285	0.416437	0.222835
170.000000	0.087001	0.087001	-0.378849	0.386986	0.225478	0.422638	0.223864
165.000000	0.096724	0.096724	-0.308288	0.390987	0.226639	0.417611	0.225626
160.000000	0.105255	0.105255	-0.191504	0.386948	0.224248	0.417393	0.234066
155.000000	0.114910	0.114910	-0.170042	0.390030	0.225903	0.427598	0.241087
150.000000	0.120842	0.120842	-0.112202	0.390207	0.227540	0.426229	0.245441
145.000000	0.123405	0.123405	-0.152750	0.387199	0.225582	0.419932	0.241210
140.000000	0.135315	0.135315	-0.175138	0.391405	0.226376	0.426500	0.246100
135.000000	0.149225	0.149225	-0.063466	0.388746	0.225296	0.420710	0.250151
130.000000	0.162260	0.162260	0.046269	0.393059	0.231639	0.425313	0.255406
125.000000	0.175777	0.175777	0.179016	0.392634	0.235032	0.427540	0.266016
120.000000	0.165707	0.165707	0.119643	0.394087	0.235050	0.432246	0.264947
115.000000	0.172124	0.172124	-0.005752	0.389145	0.227274	0.426720	0.258398
110.000000	0.179560	0.179560	0.140616	0.394676	0.237504	0.431500	0.270911
105.000000	0.211993	0.211993	0.285454	0.392601	0.238492	0.426429	0.279257
100.000000	0.160555	0.160555	0.326528	0.394911	0.245060	0.442067	0.282632
95.000000	0.182182	0.182182	0.321600	0.392412	0.242121	0.435960	0.284834
90.000000	0.174999	0.174999	0.421924	0.391399	0.245234	0.432344	0.288367
85.000000	0.146331	0.146331	0.511324	0.402704	0.254492	0.419696	0.292130
80.000000	0.155204	0.155204	0.286355	0.387634	0.238262	0.431639	0.280561
75.000000	0.181990	0.181990	0.267680	0.392156	0.238271	0.437578	0.285658
70.000000	0.186488	0.186488	0.288929	0.393021	0.238765	0.433024	0.286597
65.000000	0.187023	0.187023	0.366351	0.388807	0.243057	0.425763	0.291401
60.000000	0.210748	0.210748	0.196235	0.395184	0.238349	0.441772	0.289059
55.000000	0.227197	0.227197	0.051290	0.384059	0.228631	0.438663	0.281851
50.000000	0.227371	0.227371	0.102851	0.392831	0.233149	0.444552	0.287168
45.000000	0.225979	0.225979	0.170896	0.389081	0.233873	0.433381	0.287720
40.000000	0.235558	0.235558	0.264949	0.393359	0.238950	0.432114	0.293764
35.000000	0.240410	0.240410	0.343903	0.393395	0.241352	0.421918	0.294250
30.000000	0.227872	0.227872	0.444664	0.392890	0.245573	0.416714	0.297862
25.000000	0.224099	0.224099	0.473718	0.395560	0.249004	0.420291	0.301498
20.000000	0.215476	0.215476	0.453060	0.388867	0.244001	0.418907	0.297177
15.000000	0.202832	0.202832	0.682809	0.408630	0.256131	0.432890	0.304228
10.000000	0.220027	0.220027	0.769248	0.412382	0.257470	0.437555	0.304345
5.000000	0.202680	0.202680	0.609877	0.403808	0.252868	0.425590	0.302561
0.000000	0.228319	0.228319	0.593840	0.407480	0.254895	0.433180	0.303945
