0.000000	0.984791
5.000000	0.985820
10.000000	0.985111
15.000000	0.985275
20.000000	0.986268
25.000000	0.987850
30.000000	0.989129
35.000000	0.989046
40.000000	0.989562
45.000000	0.989762
50.000000	0.993586
55.000000	0.993550
60.000000	0.994773
65.000000	0.992699
70.000000	0.995750
75.000000	0.997042
80.000000	0.996565
85.000000	0.996987
90.000000	1.000000
95.000000	0.998154
100.000000	0.997518
105.000000	0.999783
110.000000	0.998386
115.000000	0.992968
120.000000	0.993696
125.000000	0.991641
130.000000	0.988808
135.000000	0.980953
140.000000	0.979136
145.000000	0.962251
150.000000	0.960911
155.000000	0.945058
160.000000	0.926389
165.000000	0.915071
170.000000	0.887228
175.000000	0.872342
180.000000	0.839100
185.000000	0.807831
190.000000	0.785625
195.000000	0.743166
200.000000	0.703754
205.000000	0.660039
210.000000	0.605605
215.000000	0.565809
220.000000	0.508001
225.000000	0.464020
230.000000	0.411882
235.000000	0.360568
240.000000	0.319968
245.000000	0.277186
250.000000	0.237782
255.000000	0.207995
