255.000000	0.000000	0.000000	0.000000	0.424697	0.086891	0.402889	0.142740
250.000000	0.026189	-0.031577	0.083955	0.429948	0.085514	0.422001	0.147156
245.000000	0.088747	0.016669	0.160824	0.436952	0.083770	0.420011	0.147827
240.000000	0.143689	0.097621	0.189757	0.442321	0.089983	0.412993	0.143711
235.000000	0.153141	0.030236	0.276046	0.432039	0.082269	0.421428	0.143789
230.000000	0.219025	0.106474	0.331575	0.440495	0.087272	0.420320	0.140297
225.000000	0.302265	0.248976	0.355555	0.426461	0.076862	0.422341	0.144128
220.000000	0.296309	0.158073	0.434546	0.433679	0.081132	0.424670	0.140851
215.000000	0.328722	0.142213	0.515232	0.412461	0.071664	0.411864	0.139735
210.000000	0.334611	0.091040	0.578183	0.411300	0.077931	0.425768	0.138571
205.000000	0.327336	-0.004897	0.659570	0.416495	0.082351	0.436043	0.133543
200.000000	0.340017	-0.023645	0.703678	0.412129	0.087661	0.431327	0.130692
195.000000	0.367248	-0.012516	0.747012	0.408760	0.085953	0.446986	0.131582
190.000000	0.429210	0.058218	0.800201	0.404680	0.072304	0.429037	0.131146
185.000000	0.472478	0.121553	0.823404	0.404216	0.066795	0.447036	0.135026
180.000000	0.526014	0.196860	0.855167	0.402116	0.055240	0.429731	0.138213
175.000000	0.595082	0.344738	0.845426	0.400457	0.039697	0.430430	0.135563
170.000000	0.605376	0.298973	0.911779	0.397941	0.042222	0.423902	0.140519
165.000000	0.614962	0.259811	0.970113	0.394860	0.040443	0.429077	0.135714
160.000000	0.673200	0.440053	0.906346	0.398029	0.027353	0.419665	0.139855
155.000000	0.626571	0.185192	1.067951	0.393324	0.043879	0.430377	0.134583
150.000000	0.615773	0.127919	1.103628	0.403320	0.053970	0.429325	0.133086
145.000000	0.615183	0.107930	1.122436	0.411107	0.059128	0.432476	0.132344
140.000000	0.620469	0.083693	1.157246	0.405331	0.056171	0.439873	0.129620
135.000000	0.649906	0.141718	1.158093	0.402972	0.051320	0.426543	0.132399
130.000000	0.657850	0.105753	1.209947	0.405929	0.048106	0.434059	0.131769
125.000000	0.704327	0.167180	1.241474	0.400270	0.037693	0.421548	0.134094
120.000000	0.701551	0.140023	1.263078	0.406072	0.039425	0.422694	0.135017
115.000000	0.697397	0.117890	1.276904	0.411049	0.044829	0.428324	0.132674
110.000000	0.730131	0.173540	1.286723	0.406137	0.036388	0.411961	0.133603
105.000000	0.747851	0.132306	1.363396	0.408307	0.029212	0.420769	0.136205
100.000000	0.733381	0.127314	1.339448	0.411804	0.039345	0.416474	0.134954
95.000000	0.727264	0.099785	1.354744	0.411519	0.045672	0.424020	0.133965
90.000000	0.736498	0.098468	1.374529	0.413366	0.043318	0.422398	0.134210
85.000000	0.751362	0.135001	1.367722	0.411908	0.039985	0.414615	0.131271
80.000000	0.754954	0.093216	1.416692	0.412770	0.038599	0.424219	0.134940
75.000000	0.758961	0.122529	1.395393	0.415248	0.040833	0.418876	0.131754
70.000000	0.763482	0.093977	1.432986	0.414629	0.040201	0.421968	0.133431
65.000000	0.747756	0.098079	1.397433	0.418585	0.049273	0.423444	0.132313
60.000000	0.735735	0.076757	1.394713	0.425306	0.056949	0.422564	0.131819
55.000000	0.732016	0.082753	1.381278	0.422137	0.058911	0.423308	0.131045
50.000000	0.763327	0.069763	1.456891	0.420255	0.045690	0.422633	0.134603
45.000000	0.781861	0.109256	1.454466	0.414389	0.041163	0.423970	0.132483
40.000000	0.796873	0.096385	1.497360	0.417694	0.037081	0.424795	0.133661
35.000000	0.800842	0.098963	1.502721	0.419247	0.036175	0.425928	0.133258
30.000000	0.798812	0.108761	1.488864	0.418338	0.038856	0.426563	0.132678
25.000000	0.800951	0.086823	1.515079	0.420607	0.037084	0.426825	0.133430
20.000000	0.827245	0.077434	1.577055	0.418532	0.028502	0.427937	0.133748
15.000000	0.880635	-0.174037	1.935306	0.407198	0.016104	0.431550	0.136351
10.000000	0.926289	-0.420538	2.273115	0.406854	0.018636	0.424841	0.133306
5.000000	0.973549	-0.460250	2.407347	0.404090	0.037820	0.430614	0.135713
0.000000	0.970640	-0.478041	2.419322	0.410490	0.036451	0.425914	0.134096
