255.000000	0.000000	0.000000	0.000000	0.383950	0.072610	0.392785	0.217128
250.000000	0.001028	0.031381	-0.033438	0.389141	0.062596	0.394948	0.212180
245.000000	0.031642	0.049317	0.013966	0.382824	0.060407	0.391413	0.219005
240.000000	0.071390	0.052452	0.090328	0.400240	0.060050	0.398060	0.215105
235.000000	0.119211	0.068699	0.169723	0.382793	0.061936	0.404458	0.227091
230.000000	0.189105	0.078019	0.300192	0.400000	0.075823	0.409859	0.230532
225.000000	0.234868	0.101178	0.368559	0.394572	0.077656	0.417617	0.236811
220.000000	0.307511	0.137598	0.477424	0.392701	0.092441	0.437353	0.235889
215.000000	0.352591	0.160080	0.545103	0.396499	0.096102	0.430351	0.233883
210.000000	0.369792	0.166319	0.573266	0.393570	0.088385	0.438048	0.230734
205.000000	0.397554	0.176687	0.618421	0.391660	0.081727	0.403495	0.227769
200.000000	0.418366	0.173247	0.663484	0.383085	0.075003	0.426238	0.223963
195.000000	0.446526	0.180024	0.713028	0.392541	0.067992	0.388815	0.216640
190.000000	0.479042	0.188233	0.769851	0.391955	0.063000	0.393065	0.213620
185.000000	0.472150	0.123224	0.821076	0.389585	0.043640	0.382823	0.206861
180.000000	0.471960	0.039337	0.904583	0.390721	0.033640	0.390492	0.207523
175.000000	0.523193	0.099550	0.946836	0.389394	0.042842	0.388151	0.202613
170.000000	0.614462	0.267140	0.961784	0.391770	0.064820	0.388494	0.197050
165.000000	0.625229	0.224621	1.025836	0.393500	0.060254	0.394611	0.195783
160.000000	0.631103	0.192347	1.069859	0.388268	0.050986	0.391372	0.191141
155.000000	0.625826	0.129358	1.122294	0.391685	0.039772	0.385214	0.188150
150.000000	0.639528	0.096356	1.182699	0.386445	0.044091	0.395336	0.188953
145.000000	0.672657	0.153086	1.192228	0.387120	0.046604	0.398180	0.187818
140.000000	0.705152	0.192230	1.218074	0.389293	0.049201	0.395126	0.187577
135.000000	0.748805	0.269917	1.227693	0.392710	0.057743	0.401965	0.191485
130.000000	0.749807	0.228165	1.271449	0.390687	0.052816	0.399909	0.190164
125.000000	0.746913	0.198535	1.295291	0.390922	0.044902	0.394057	0.185837
120.000000	0.764232	0.192205	1.336260	0.390729	0.050915	0.404081	0.189634
115.000000	0.780261	0.232100	1.328422	0.381583	0.046617	0.394190	0.184863
110.000000	0.806533	0.264016	1.349051	0.390401	0.052976	0.402053	0.188529
105.000000	0.830896	0.326704	1.335088	0.390160	0.053441	0.401386	0.188105
100.000000	0.853813	0.352973	1.354654	0.396086	0.061990	0.416395	0.193438
95.000000	0.848269	0.346419	1.350119	0.382840	0.054276	0.401454	0.187290
90.000000	0.841819	0.293536	1.390102	0.389703	0.054468	0.406287	0.187858
85.000000	0.820385	0.183932	1.456838	0.391553	0.047225	0.407120	0.186025
80.000000	0.832951	0.221699	1.444202	0.376672	0.044211	0.402047	0.184425
75.000000	0.824236	0.140241	1.508232	0.387998	0.046525	0.411714	0.186301
70.000000	0.871306	0.287893	1.454718	0.384967	0.048882	0.411764	0.187307
65.000000	0.925370	0.456443	1.394296	0.383594	0.061748	0.401801	0.186084
60.000000	0.868826	0.248767	1.488884	0.388110	0.047537	0.412495	0.187351
55.000000	0.873110	0.238850	1.507370	0.381482	0.043355	0.404043	0.183832
50.000000	0.882729	0.238322	1.527137	0.382529	0.046543	0.412549	0.185764
45.000000	0.888563	0.275006	1.502120	0.380847	0.046134	0.410391	0.185214
40.000000	0.866015	0.161518	1.570512	0.382909	0.041710	0.403879	0.183154
35.000000	0.866141	0.132796	1.599486	0.384247	0.043670	0.411231	0.183552
30.000000	0.904543	0.200645	1.608440	0.385728	0.043351	0.405790	0.183305
25.000000	0.939846	0.357941	1.521751	0.386591	0.047853	0.403376	0.183016
20.000000	0.892049	0.167642	1.616456	0.384337	0.041317	0.404215	0.180609
15.000000	0.869384	0.067880	1.670888	0.393100	0.045707	0.411269	0.182796
10.000000	0.888625	0.127963	1.649286	0.387979	0.041948	0.409267	0.180612
5.000000	0.864353	0.020007	1.708700	0.380771	0.044289	0.407026	0.179970
0.000000	0.861559	0.004050	1.719067	0.393552	0.047471	0.416527	0.181868
