255.000000	0.000000	0.000000	0.000000	0.373448	0.064760	0.459272	0.081699
250.000000	0.001721	-0.003433	-0.000010	0.378451	0.064276	0.459255	0.081785
245.000000	0.019223	-0.004772	0.043218	0.379959	0.061986	0.457606	0.081379
240.000000	0.048830	-0.003857	0.101517	0.380913	0.059805	0.453561	0.080874
235.000000	0.060125	-0.003074	0.123324	0.377491	0.058601	0.452184	0.080158
230.000000	0.048892	-0.001359	0.099143	0.377682	0.059535	0.455138	0.080735
225.000000	0.036661	-0.003252	0.076574	0.379034	0.060317	0.455183	0.080676
220.000000	0.054732	-0.020706	0.130170	0.376451	0.057816	0.456180	0.081112
215.000000	0.055976	-0.031460	0.143412	0.378189	0.057238	0.455885	0.081886
210.000000	0.043318	-0.039822	0.126458	0.381545	0.057892	0.454344	0.080567
205.000000	0.074205	-0.061545	0.209955	0.378446	0.055233	0.456540	0.080532
200.000000	0.122938	-0.085166	0.331041	0.366746	0.053187	0.446867	0.080327
195.000000	0.175136	-0.086825	0.437098	0.358828	0.052523	0.448220	0.082299
190.000000	0.241028	-0.085863	0.567919	0.358677	0.055001	0.447274	0.084384
185.000000	0.308866	-0.097358	0.715090	0.357267	0.059942	0.447860	0.089336
180.000000	0.350461	-0.104036	0.804958	0.368022	0.067284	0.451432	0.092821
175.000000	0.361888	-0.106605	0.830381	0.370574	0.069723	0.456651	0.094743
170.000000	0.351200	-0.105136	0.807535	0.359677	0.065555	0.452950	0.093536
165.000000	0.320346	-0.099669	0.740360	0.372168	0.062566	0.450480	0.091182
160.000000	0.282254	-0.085632	0.650139	0.366944	0.057073	0.443683	0.087028
155.000000	0.231269	-0.057738	0.520276	0.363051	0.053893	0.447513	0.083925
150.000000	0.186801	-0.036675	0.410276	0.363958	0.052277	0.444913	0.081850
145.000000	0.159355	-0.029946	0.348657	0.367649	0.052571	0.449203	0.081041
140.000000	0.148010	-0.022852	0.318872	0.367495	0.052592	0.445410	0.080019
135.000000	0.139520	-0.008973	0.288012	0.375046	0.054361	0.447688	0.080183
130.000000	0.141344	0.005861	0.276828	0.367701	0.053951	0.446448	0.079862
125.000000	0.151003	0.019358	0.282647	0.374671	0.055250	0.448295	0.079654
120.000000	0.167398	0.020961	0.313835	0.375275	0.054812	0.449340	0.079526
115.000000	0.165160	0.033824	0.296497	0.370762	0.054755	0.449199	0.078812
110.000000	0.134156	0.061801	0.206511	0.372973	0.057400	0.450458	0.077342
105.000000	0.110438	0.087075	0.133801	0.371121	0.060704	0.452568	0.075008
100.000000	0.126011	0.127807	0.124216	0.364751	0.061898	0.453011	0.072241
95.000000	0.213840	0.202729	0.224952	0.355805	0.057834	0.452827	0.071440
90.000000	0.349263	0.274682	0.423843	0.354663	0.048058	0.449488	0.077587
85.000000	0.470434	0.316799	0.624069	0.343804	0.035983	0.448249	0.088240
80.000000	0.535157	0.471926	0.598388	0.334550	0.027793	0.454096	0.094636
75.000000	0.594356	0.740800	0.447912	0.335612	0.024434	0.452153	0.103436
70.000000	0.658517	1.015505	0.301530	0.338506	0.026709	0.452841	0.117664
65.000000	0.708146	1.182389	0.233903	0.337587	0.039372	0.464591	0.130325
60.000000	0.740608	1.255170	0.226046	0.344263	0.056347	0.454599	0.134915
55.000000	0.762707	1.292913	0.232501	0.355447	0.071120	0.437489	0.136531
50.000000	0.785361	1.329047	0.241674	0.365744	0.082109	0.444306	0.143607
45.000000	0.802420	1.350346	0.254494	0.375899	0.093115	0.426272	0.143471
40.000000	0.822757	1.383278	0.262236	0.377848	0.096734	0.422119	0.147150
35.000000	0.853467	1.433187	0.273747	0.387365	0.099757	0.422227	0.154525
30.000000	0.891070	1.500855	0.281285	0.393631	0.099768	0.431460	0.156748
25.000000	0.938738	1.586876	0.290601	0.385324	0.094295	0.427105	0.151743
20.000000	0.989085	1.694863	0.283307	0.385448	0.090503	0.415919	0.145559
15.000000	1.028883	1.781366	0.276400	0.381086	0.088595	0.437922	0.146077
10.000000	1.060572	1.852872	0.268273	0.379354	0.089600	0.449624	0.145984
5.000000	1.081601	1.893248	0.269954	0.374833	0.088119	0.431144	0.140476
0.000000	1.083110	1.879130	0.287090	0.380488	0.088541	0.443141	0.140645
