255.000000	0.000000	0.000000	0.000000	0.413241	0.079763	0.425203	0.133807
250.000000	0.051399	0.032305	0.070492	0.414724	0.084064	0.424103	0.135014
245.000000	0.105316	0.059220	0.151412	0.427310	0.086153	0.418721	0.134397
240.000000	0.164990	0.099742	0.230239	0.435221	0.089475	0.415069	0.134507
235.000000	0.208553	0.113045	0.304061	0.435053	0.089986	0.411667	0.132723
230.000000	0.256604	0.139833	0.373374	0.438279	0.092908	0.412481	0.131336
225.000000	0.302354	0.157970	0.446739	0.446155	0.094744	0.422200	0.133106
220.000000	0.355693	0.197710	0.513677	0.438209	0.091132	0.423454	0.133259
215.000000	0.396210	0.216248	0.576173	0.439242	0.096804	0.424477	0.133039
210.000000	0.439519	0.252140	0.626898	0.435214	0.091820	0.420584	0.132890
205.000000	0.445958	0.208687	0.683229	0.439438	0.093670	0.429045	0.130008
200.000000	0.429050	0.128157	0.729942	0.433660	0.093370	0.434042	0.126492
195.000000	0.425720	0.062085	0.789355	0.429142	0.092956	0.433419	0.121358
190.000000	0.435654	0.036339	0.834968	0.428057	0.098841	0.437332	0.120655
185.000000	0.478871	0.073017	0.884725	0.427261	0.095555	0.440658	0.121749
180.000000	0.525041	0.122264	0.927818	0.417626	0.093605	0.443252	0.125762
175.000000	0.562937	0.156977	0.968898	0.426271	0.092122	0.442170	0.124907
170.000000	0.584771	0.170526	0.999016	0.423254	0.085671	0.437958	0.125597
165.000000	0.596181	0.157341	1.035022	0.431879	0.092022	0.443954	0.123545
160.000000	0.587957	0.104588	1.071326	0.435588	0.092784	0.439830	0.119613
155.000000	0.594757	0.097863	1.091650	0.427645	0.090792	0.443307	0.121206
150.000000	0.600025	0.087416	1.112635	0.429949	0.097580	0.442700	0.118625
145.000000	0.634496	0.124900	1.144093	0.432622	0.089038	0.443602	0.120367
140.000000	0.651420	0.142561	1.160280	0.431511	0.087850	0.444700	0.122257
135.000000	0.653197	0.121289	1.185105	0.434584	0.091353	0.443554	0.119716
130.000000	0.663855	0.132077	1.195632	0.432445	0.088819	0.446414	0.121629
125.000000	0.658233	0.096008	1.220458	0.429689	0.092747	0.448860	0.118385
120.000000	0.684045	0.131608	1.236483	0.429735	0.088671	0.448741	0.121148
115.000000	0.713001	0.163358	1.262644	0.436889	0.082951	0.443492	0.121147
110.000000	0.724610	0.172959	1.276262	0.429255	0.082875	0.446822	0.121958
105.000000	0.749711	0.208591	1.290830	0.432082	0.075321	0.439414	0.123380
100.000000	0.777767	0.252084	1.303451	0.425076	0.071193	0.433891	0.123844
95.000000	0.788935	0.250000	1.327871	0.429430	0.069533	0.434264	0.122993
90.000000	0.776736	0.229890	1.323582	0.428865	0.073855	0.432686	0.123236
85.000000	0.763966	0.175928	1.352003	0.433960	0.081414	0.441124	0.121346
80.000000	0.789831	0.219514	1.360147	0.431542	0.073301	0.434684	0.122861
75.000000	0.789087	0.206601	1.371572	0.430005	0.076149	0.436893	0.121963
70.000000	0.808236	0.227224	1.389247	0.431818	0.072374	0.433547	0.122800
65.000000	0.819526	0.259389	1.379662	0.422353	0.069066	0.433455	0.124335
60.000000	0.800215	0.197321	1.403109	0.433135	0.076401	0.436556	0.121802
55.000000	0.779798	0.165183	1.394414	0.433901	0.084016	0.443106	0.122048
50.000000	0.758540	0.116282	1.400799	0.435693	0.091962	0.450207	0.119941
45.000000	0.762055	0.121893	1.402217	0.434709	0.089536	0.447033	0.120009
40.000000	0.753132	0.122563	1.383702	0.430676	0.089606	0.447576	0.120770
35.000000	0.735741	0.085598	1.385884	0.438299	0.096415	0.455593	0.118055
30.000000	0.758047	0.118313	1.397781	0.440391	0.090053	0.449268	0.120255
25.000000	0.776386	0.132890	1.419883	0.434983	0.088701	0.446859	0.120177
20.000000	0.821151	0.194394	1.447908	0.427596	0.078056	0.437058	0.123276
15.000000	0.832583	0.194657	1.470508	0.430707	0.076235	0.430543	0.121280
10.000000	0.853873	0.230755	1.476991	0.424643	0.070146	0.425310	0.122797
5.000000	0.871067	0.258988	1.483146	0.425749	0.065243	0.423737	0.124501
0.000000	0.866776	0.244774	1.488778	0.430862	0.066743	0.422657	0.124006
