0.000000	1.000000
5.000000	0.997587
10.000000	0.993753
15.000000	0.992174
20.000000	0.985942
25.000000	0.982727
30.000000	0.977110
35.000000	0.971844
40.000000	0.965561
45.000000	0.959908
50.000000	0.950552
55.000000	0.944448
60.000000	0.932388
65.000000	0.925192
70.000000	0.910171
75.000000	0.903038
80.000000	0.888521
85.000000	0.870383
90.000000	0.857273
95.000000	0.841042
100.000000	0.822580
105.000000	0.798381
110.000000	0.775358
115.000000	0.753359
120.000000	0.722520
125.000000	0.700820
130.000000	0.667984
135.000000	0.635152
140.000000	0.600103
145.000000	0.555889
150.000000	0.511408
155.000000	0.478358
160.000000	0.427728
165.000000	0.383362
170.000000	0.334144
175.000000	0.286610
180.000000	0.239108
185.000000	0.192797
190.000000	0.149900
195.000000	0.111672
200.000000	0.076257
205.000000	0.049905
210.000000	0.031160
215.000000	0.025132
220.000000	0.031941
225.000000	0.051277
230.000000	0.085815
235.000000	0.134955
240.000000	0.198550
245.000000	0.275918
250.000000	0.363398
255.000000	0.452187
