0.000000	0.981442
5.000000	0.982415
10.000000	0.983693
15.000000	0.984642
20.000000	0.986431
25.000000	0.987587
30.000000	0.989571
35.000000	0.991600
40.000000	0.992199
45.000000	0.994260
50.000000	0.995019
55.000000	0.996297
60.000000	0.996602
65.000000	0.997637
70.000000	0.998044
75.000000	1.000000
80.000000	0.997873
85.000000	0.997253
90.000000	0.996855
95.000000	0.995403
100.000000	0.993804
105.000000	0.991118
110.000000	0.987117
115.000000	0.986194
120.000000	0.979379
125.000000	0.974877
130.000000	0.964482
135.000000	0.952857
140.000000	0.941030
145.000000	0.928972
150.000000	0.910177
155.000000	0.894779
160.000000	0.870277
165.000000	0.842522
170.000000	0.817726
175.000000	0.788803
180.000000	0.751833
185.000000	0.719027
190.000000	0.677204
195.000000	0.639350
200.000000	0.595462
205.000000	0.554726
210.000000	0.512174
215.000000	0.477546
220.000000	0.440692
225.000000	0.415452
230.000000	0.396165
235.000000	0.385098
240.000000	0.387119
245.000000	0.398030
250.000000	0.423139
255.000000	0.449803
