255.000000	0.000000	0.000000	0.000000	0.456325	0.201404	0.380872	0.211563
250.000000	0.089694	-0.089694	0.052453	0.459107	0.198310	0.375437	0.222564
245.000000	0.013884	-0.013884	0.069435	0.455467	0.201861	0.378500	0.225326
240.000000	0.000742	0.000742	0.089309	0.464184	0.206360	0.356347	0.221838
235.000000	0.104780	-0.104780	0.186585	0.462953	0.204324	0.349447	0.239358
230.000000	0.061522	-0.061522	0.228089	0.464443	0.203832	0.337821	0.228472
225.000000	0.014266	-0.014266	0.294271	0.459937	0.204315	0.358441	0.216012
220.000000	0.107990	0.107990	0.357337	0.455953	0.209757	0.364401	0.171974
215.000000	0.348333	0.348333	0.789728	0.462376	0.216957	0.409457	0.117623
210.000000	0.596641	0.596641	1.126776	0.448266	0.222596	0.334312	0.141885
205.000000	0.856135	0.856135	1.181459	0.449579	0.214915	0.321026	0.166968
200.000000	1.001973	1.001973	1.223044	0.443191	0.214680	0.312800	0.191137
195.000000	1.095961	1.095961	1.245918	0.447362	0.217476	0.313997	0.197804
190.000000	0.876769	0.876769	1.297751	0.446945	0.224612	0.348844	0.221288
185.000000	0.701120	0.701120	1.389582	0.445471	0.230639	0.374335	0.216504
180.000000	0.712665	0.712665	1.420039	0.449654	0.233675	0.377920	0.207877
175.000000	0.849998	0.849998	1.416982	0.453504	0.228606	0.372054	0.217674
170.000000	0.952266	0.952266	1.410337	0.446109	0.226277	0.377672	0.221513
165.000000	1.031654	1.031654	1.418108	0.445718	0.222701	0.380346	0.223001
160.000000	1.017047	1.017047	1.443002	0.448020	0.225612	0.373195	0.217633
155.000000	1.036847	1.036847	1.457940	0.453413	0.225237	0.371127	0.218844
150.000000	0.998070	0.998070	1.471885	0.454364	0.228017	0.376778	0.216321
145.000000	0.944358	0.944358	1.496892	0.454590	0.226050	0.387709	0.214596
140.000000	0.906964	0.906964	1.516722	0.460099	0.230355	0.382384	0.209978
135.000000	0.930819	0.930819	1.525127	0.466682	0.231666	0.382769	0.214004
130.000000	0.936247	0.936247	1.533230	0.448716	0.226044	0.374660	0.208844
125.000000	0.930538	0.930538	1.544766	0.459689	0.230982	0.384830	0.212203
120.000000	0.933416	0.933416	1.550861	0.457998	0.226147	0.379924	0.207375
115.000000	0.943991	0.943991	1.560423	0.449227	0.224778	0.377265	0.208306
110.000000	0.935081	0.935081	1.571594	0.455230	0.226302	0.371406	0.206448
105.000000	0.938506	0.938506	1.575239	0.459954	0.226339	0.380627	0.207601
100.000000	0.958591	0.958591	1.577285	0.453458	0.225686	0.377425	0.208560
95.000000	1.007678	1.007678	1.572605	0.459116	0.222591	0.369887	0.208550
90.000000	1.036752	1.036752	1.573647	0.461638	0.224709	0.374041	0.208604
85.000000	1.030271	1.030271	1.582312	0.463365	0.221369	0.368407	0.205675
80.000000	1.015481	1.015481	1.590221	0.460617	0.224925	0.372475	0.206388
75.000000	0.975890	0.975890	1.605554	0.458864	0.225405	0.368025	0.204355
70.000000	0.970632	0.970632	1.611437	0.457608	0.222409	0.366966	0.204316
65.000000	0.991962	0.991962	1.610443	0.456597	0.222724	0.371612	0.206824
60.000000	1.028325	1.028325	1.605340	0.459507	0.224023	0.369033	0.204935
55.000000	1.043286	1.043286	1.604226	0.462634	0.221579	0.370567	0.207364
50.000000	1.008055	1.008055	1.616013	0.457755	0.225407	0.372883	0.206846
45.000000	0.949709	0.949709	1.628250	0.461551	0.221768	0.369489	0.199933
40.000000	0.915189	0.915189	1.643697	0.462549	0.227823	0.372472	0.199131
35.000000	1.076806	1.076806	1.606041	0.456848	0.217705	0.368059	0.203556
30.000000	1.076786	1.076786	1.595222	0.459471	0.219268	0.365038	0.203259
25.000000	1.007704	1.007704	1.618091	0.460401	0.216134	0.373018	0.200759
20.000000	1.003345	1.003345	1.620832	0.455129	0.219578	0.371986	0.201803
15.000000	1.007581	1.007581	1.619743	0.456233	0.212630	0.371075	0.202078
10.000000	1.048081	1.048081	1.613374	0.459337	0.217002	0.369393	0.200187
5.000000	1.166152	1.166152	1.592665	0.451253	0.206880	0.368958	0.204479
0.000000	1.112739	1.112739	1.600099	0.459549	0.212120	0.370170	0.201508
