0.000000	0.047286
5.000000	0.047997
10.000000	0.054083
15.000000	0.064782
20.000000	0.072709
25.000000	0.090805
30.000000	0.117101
35.000000	0.147341
40.000000	0.194181
45.000000	0.259024
50.000000	0.344178
55.000000	0.419578
60.000000	0.504505
65.000000	0.642883
70.000000	0.721497
75.000000	0.840638
80.000000	0.901696
85.000000	0.944079
90.000000	0.982777
95.000000	0.995861
100.000000	0.999632
105.000000	1.000000
110.000000	0.998774
115.000000	0.996359
120.000000	0.995267
125.000000	0.993143
130.000000	0.991463
135.000000	0.989679
140.000000	0.988248
145.000000	0.987534
150.000000	0.987446
155.000000	0.986960
160.000000	0.986365
165.000000	0.986102
170.000000	0.986039
175.000000	0.985641
180.000000	0.985406
185.000000	0.985008
190.000000	0.985299
195.000000	0.985494
200.000000	0.985042
205.000000	0.985527
210.000000	0.984897
215.000000	0.984967
220.000000	0.984320
225.000000	0.983775
230.000000	0.983142
235.000000	0.982838
240.000000	0.983131
245.000000	0.983341
250.000000	0.983313
255.000000	0.981880
