0.000000	0.563525
5.000000	0.565389
10.000000	0.566790
15.000000	0.568125
20.000000	0.569921
25.000000	0.572602
30.000000	0.574477
35.000000	0.576642
40.000000	0.578245
45.000000	0.581849
50.000000	0.585116
55.000000	0.587948
60.000000	0.590868
65.000000	0.595960
70.000000	0.600770
75.000000	0.605165
80.000000	0.611342
85.000000	0.617397
90.000000	0.624431
95.000000	0.630815
100.000000	0.639980
105.000000	0.649274
110.000000	0.657226
115.000000	0.668821
120.000000	0.681492
125.000000	0.692426
130.000000	0.707921
135.000000	0.721381
140.000000	0.735627
145.000000	0.753436
150.000000	0.770298
155.000000	0.791842
160.000000	0.811061
165.000000	0.834481
170.000000	0.852173
175.000000	0.876963
180.000000	0.894741
185.000000	0.917926
190.000000	0.930477
195.000000	0.956767
200.000000	0.973856
205.000000	0.984541
210.000000	0.988100
215.000000	0.997718
220.000000	1.000000
225.000000	0.990058
230.000000	0.979596
235.000000	0.960190
240.000000	0.936607
245.000000	0.902167
250.000000	0.870355
255.000000	0.837249
