255.000000	0.000000	0.000000	0.000000	0.356670	0.151982	0.382068	0.160726
250.000000	0.013662	0.045722	-0.013662	0.357235	0.151599	0.381897	0.161594
245.000000	0.009621	-0.061745	-0.009621	0.352561	0.149651	0.382941	0.161728
240.000000	0.019400	-0.146945	0.019400	0.346486	0.146522	0.392262	0.160793
235.000000	0.015152	-0.032596	0.015152	0.346998	0.148243	0.380899	0.160886
230.000000	0.019199	-0.044319	0.019199	0.352356	0.152176	0.383230	0.161129
225.000000	0.004630	-0.108359	0.004630	0.351812	0.151117	0.385335	0.161102
220.000000	0.000365	0.075881	-0.000365	0.368830	0.155869	0.381214	0.159539
215.000000	0.017361	0.087770	-0.017361	0.374661	0.159568	0.381254	0.159231
210.000000	0.009601	0.179899	-0.009601	0.375930	0.158625	0.384749	0.158598
205.000000	0.025101	-0.161408	-0.025101	0.346720	0.148654	0.388463	0.162062
200.000000	0.036176	-0.423742	-0.036176	0.352727	0.152061	0.408097	0.154247
195.000000	0.075914	-0.433303	-0.075914	0.345078	0.147532	0.409837	0.151543
190.000000	0.100906	-0.429363	-0.100906	0.349620	0.147372	0.416667	0.149386
185.000000	0.117376	-0.246356	-0.117376	0.340824	0.141828	0.418186	0.157680
180.000000	0.132457	0.022960	-0.132457	0.355391	0.145174	0.391207	0.160130
175.000000	0.147834	0.635521	-0.147834	0.364738	0.154772	0.388900	0.153999
170.000000	0.099453	1.071383	-0.099453	0.341206	0.156260	0.414709	0.142690
165.000000	0.090032	1.123716	-0.090032	0.351126	0.157410	0.414372	0.140559
160.000000	0.089032	0.536551	-0.089032	0.370707	0.156265	0.401897	0.161377
155.000000	0.057348	0.358129	-0.057348	0.383520	0.160655	0.395809	0.160960
150.000000	0.029024	0.027856	-0.029024	0.363581	0.153898	0.384060	0.158603
145.000000	0.022133	-0.147232	-0.022133	0.353143	0.151108	0.387284	0.160734
140.000000	0.028983	-0.327580	-0.028983	0.348769	0.149786	0.407392	0.159459
135.000000	0.037686	-0.260160	-0.037686	0.355531	0.151017	0.394900	0.161380
130.000000	0.042425	-0.656079	-0.042425	0.357261	0.155185	0.414517	0.145455
125.000000	0.035890	-0.772952	-0.035890	0.364912	0.159551	0.425478	0.143847
120.000000	0.056868	-0.448850	-0.056868	0.349336	0.148890	0.409870	0.154113
115.000000	0.065560	-0.379056	-0.065560	0.352580	0.149147	0.408566	0.158134
110.000000	0.054064	-0.303852	-0.054064	0.353926	0.151574	0.401441	0.162354
105.000000	0.053999	-0.239796	-0.053999	0.350371	0.148884	0.394456	0.163825
100.000000	0.022408	-0.299783	-0.022408	0.346227	0.147230	0.389677	0.163495
95.000000	0.048622	-0.527932	0.048622	0.344804	0.153458	0.397356	0.158029
90.000000	0.105436	-0.166797	0.105436	0.336259	0.147031	0.358422	0.163508
85.000000	0.137426	0.170747	0.137426	0.348426	0.149875	0.362574	0.174128
80.000000	0.188885	0.577139	0.188885	0.366663	0.160032	0.388897	0.188713
75.000000	0.285470	0.726527	0.285470	0.358169	0.157909	0.395025	0.201659
70.000000	0.349339	1.019607	0.349339	0.331457	0.154614	0.369688	0.189317
65.000000	0.494181	0.796742	0.494181	0.351198	0.157995	0.358262	0.208292
60.000000	0.655998	0.865102	0.655998	0.340431	0.156025	0.331397	0.199444
55.000000	0.790698	0.995615	0.790698	0.340973	0.157205	0.361843	0.217850
50.000000	0.878687	1.008371	0.878687	0.339750	0.157710	0.383629	0.222342
45.000000	0.989803	0.926634	0.989803	0.326077	0.147172	0.394930	0.216238
40.000000	1.048188	1.086403	1.048188	0.338707	0.154116	0.393177	0.211863
35.000000	1.062254	1.303492	1.062254	0.336987	0.150158	0.375070	0.203722
30.000000	1.118099	1.154114	1.118099	0.350378	0.157352	0.395024	0.201678
25.000000	1.114873	1.166914	1.114873	0.341936	0.155445	0.387283	0.193825
20.000000	1.167032	1.082428	1.167032	0.331606	0.144376	0.390727	0.191407
15.000000	1.202833	1.231278	1.202833	0.339315	0.150625	0.380174	0.186946
10.000000	1.169948	1.448105	1.169948	0.341700	0.154436	0.355729	0.177892
5.000000	1.182141	1.191933	1.182141	0.332209	0.146888	0.389316	0.184820
0.000000	1.206918	0.942807	1.206918	0.326168	0.138630	0.410464	0.185626
