0.000000	0.696908
5.000000	0.709555
10.000000	0.732049
15.000000	0.762875
20.000000	0.789637
25.000000	0.847062
30.000000	0.868251
35.000000	0.909760
40.000000	0.950011
45.000000	0.984865
50.000000	1.000000
55.000000	0.983996
60.000000	0.935005
65.000000	0.864465
70.000000	0.746423
75.000000	0.568754
80.000000	0.462846
85.000000	0.350221
90.000000	0.290299
95.000000	0.250525
100.000000	0.234249
105.000000	0.230225
110.000000	0.227979
115.000000	0.227882
120.000000	0.227653
125.000000	0.227641
130.000000	0.227632
135.000000	0.227854
140.000000	0.227571
145.000000	0.227226
150.000000	0.227347
155.000000	0.227126
160.000000	0.227289
165.000000	0.227034
170.000000	0.227112
175.000000	0.226934
180.000000	0.226990
185.000000	0.226698
190.000000	0.226538
195.000000	0.226918
200.000000	0.226954
205.000000	0.226984
210.000000	0.216375
215.000000	0.227114
220.000000	0.227189
225.000000	0.227209
230.000000	0.227374
235.000000	0.227238
240.000000	0.227615
245.000000	0.227757
250.000000	0.227899
255.000000	0.227933
