255.000000	0.000000	0.000000	0.000000	0.342047	0.441861	0.399546	0.322277
250.000000	0.000431	0.000431	-0.018487	0.344944	0.441605	0.397541	0.316467
245.000000	0.005282	0.005282	-0.015919	0.341013	0.438529	0.398988	0.317464
240.000000	0.015454	0.015454	-0.000474	0.343265	0.440712	0.401622	0.322950
235.000000	0.452582	-0.452582	-0.342333	0.324218	0.366687	0.371248	0.291978
230.000000	0.054898	0.054898	0.092001	0.346226	0.448782	0.392376	0.327588
225.000000	0.086233	0.086233	0.161749	0.348904	0.441808	0.399668	0.334492
220.000000	0.113633	0.113633	0.239586	0.356206	0.439389	0.391952	0.336167
215.000000	0.126771	0.126771	0.290088	0.351924	0.428188	0.387033	0.330467
210.000000	0.126979	0.126979	0.277165	0.353243	0.431216	0.389342	0.336098
205.000000	0.119043	0.119043	0.227780	0.348892	0.438486	0.389704	0.332158
200.000000	0.109479	0.109479	0.187899	0.345208	0.441424	0.390084	0.329024
195.000000	0.098069	0.098069	0.149332	0.344640	0.442548	0.395316	0.333473
190.000000	0.086339	0.086339	0.112957	0.343627	0.446473	0.398266	0.334073
185.000000	0.072769	0.072769	0.062341	0.344980	0.446487	0.396593	0.325864
180.000000	0.061916	0.061916	0.027776	0.346897	0.441991	0.396603	0.325115
175.000000	0.035185	0.035185	-0.045043	0.349368	0.440265	0.394721	0.313262
170.000000	0.012715	0.012715	-0.101083	0.348833	0.433362	0.388782	0.307480
165.000000	0.006876	0.006876	-0.093643	0.344399	0.426873	0.390890	0.310267
160.000000	0.014035	0.014035	-0.059673	0.344276	0.435552	0.396282	0.314315
155.000000	0.039055	0.039055	-0.008829	0.340398	0.435749	0.389862	0.313942
150.000000	0.073700	0.073700	0.085372	0.338669	0.437209	0.402230	0.332205
145.000000	0.081364	0.081364	0.103573	0.341214	0.440965	0.397588	0.330859
140.000000	0.081317	0.081317	0.081084	0.341641	0.441064	0.399714	0.331723
135.000000	0.079205	0.079205	0.071191	0.341742	0.439675	0.396053	0.326487
130.000000	0.074954	0.074954	0.135006	0.343557	0.441337	0.400973	0.336340
125.000000	0.076613	0.076613	0.192449	0.349888	0.438500	0.399788	0.344624
120.000000	0.087068	0.087068	0.237542	0.357740	0.439190	0.398457	0.345183
115.000000	0.101998	0.101998	0.255308	0.360973	0.437711	0.394025	0.343585
110.000000	0.127181	0.127181	0.239800	0.356227	0.443442	0.390081	0.343383
105.000000	0.167628	0.167628	0.256310	0.351102	0.438805	0.391065	0.354488
100.000000	0.226978	0.226978	0.291911	0.348380	0.441221	0.386729	0.356423
95.000000	0.320466	0.320466	0.370659	0.346057	0.436429	0.378831	0.349927
90.000000	0.453772	0.453772	0.491809	0.339440	0.427594	0.382074	0.335789
85.000000	0.599066	0.599066	0.633821	0.329305	0.412820	0.378464	0.298242
80.000000	0.727951	0.727951	2.428566	0.277593	0.156773	0.242356	0.158846
75.000000	0.854036	0.854036	0.902054	0.307829	0.381703	0.403895	0.250022
70.000000	0.944081	0.944081	1.002876	0.300808	0.371594	0.426298	0.240935
65.000000	1.015728	1.015728	1.097160	0.295603	0.359887	0.379122	0.208042
60.000000	1.073107	1.073107	1.168923	0.294167	0.354245	0.404996	0.210174
55.000000	1.122741	1.122741	1.241418	0.283650	0.335133	0.395478	0.199938
50.000000	1.162094	1.162094	1.291949	0.283774	0.333826	0.405659	0.199191
45.000000	1.194726	1.194726	1.325302	0.282238	0.330354	0.412809	0.197986
40.000000	1.219959	1.219959	1.341239	0.286864	0.337018	0.407338	0.192160
35.000000	1.238177	1.238177	1.330494	0.288223	0.343417	0.400178	0.187408
30.000000	1.246235	1.246235	1.300139	0.284198	0.343463	0.409481	0.191432
25.000000	1.250143	1.250143	1.255515	0.294092	0.357042	0.415166	0.190778
20.000000	1.248244	1.248244	1.210287	0.293368	0.354618	0.415409	0.191273
15.000000	1.238725	1.238725	1.171895	0.292527	0.344476	0.409369	0.189794
10.000000	1.224085	1.224085	1.151465	0.291548	0.344152	0.417942	0.191472
5.000000	1.220669	1.220669	1.180668	0.287539	0.344372	0.414995	0.192757
0.000000	1.226761	1.226761	1.225809	0.290877	0.351954	0.423550	0.196288
