0.000000	0.827895
5.000000	0.827760
10.000000	0.822061
15.000000	0.815910
20.000000	0.811924
25.000000	0.809131
30.000000	0.802070
35.000000	0.803432
40.000000	0.803221
45.000000	0.815530
50.000000	0.831017
55.000000	0.854346
60.000000	0.891932
65.000000	0.930580
70.000000	0.965912
75.000000	0.991605
80.000000	1.000000
85.000000	0.986018
90.000000	0.955587
95.000000	0.918224
100.000000	0.892753
105.000000	0.875575
110.000000	0.857761
115.000000	0.845264
120.000000	0.836801
125.000000	0.832720
130.000000	0.829254
135.000000	0.826020
140.000000	0.825055
145.000000	0.823895
150.000000	0.823184
155.000000	0.822369
160.000000	0.821649
165.000000	0.820655
170.000000	0.820517
175.000000	0.820388
180.000000	0.819998
185.000000	0.819488
190.000000	0.819281
195.000000	0.819889
200.000000	0.820128
205.000000	0.819612
210.000000	0.819059
215.000000	0.820069
220.000000	0.820428
225.000000	0.820554
230.000000	0.820484
235.000000	0.820125
240.000000	0.820977
245.000000	0.820805
250.000000	0.819701
255.000000	0.818797
