0.000000	0.713943
5.000000	0.718367
10.000000	0.724701
15.000000	0.736180
20.000000	0.750193
25.000000	0.765062
30.000000	0.789432
35.000000	0.815786
40.000000	0.848483
45.000000	0.881982
50.000000	0.923982
55.000000	0.963714
60.000000	0.987743
65.000000	1.000000
70.000000	0.978613
75.000000	0.953600
80.000000	0.878693
85.000000	0.789082
90.000000	0.695160
95.000000	0.639300
100.000000	0.574801
105.000000	0.530420
110.000000	0.507861
115.000000	0.489977
120.000000	0.478299
125.000000	0.470556
130.000000	0.466612
135.000000	0.462507
140.000000	0.459774
145.000000	0.457724
150.000000	0.456504
155.000000	0.455437
160.000000	0.455426
165.000000	0.455208
170.000000	0.454887
175.000000	0.454348
180.000000	0.454115
185.000000	0.453857
190.000000	0.453597
195.000000	0.453354
200.000000	0.453217
205.000000	0.453111
210.000000	0.452799
215.000000	0.452721
220.000000	0.452889
225.000000	0.452746
230.000000	0.452155
235.000000	0.452028
240.000000	0.452305
245.000000	0.452268
250.000000	0.452413
255.000000	0.452285
