0.000000	0.508748
5.000000	0.513580
10.000000	0.519329
15.000000	0.523709
20.000000	0.529387
25.000000	0.535783
30.000000	0.539814
35.000000	0.547682
40.000000	0.553231
45.000000	0.562364
50.000000	0.568926
55.000000	0.578836
60.000000	0.589460
65.000000	0.598029
70.000000	0.608717
75.000000	0.620499
80.000000	0.633682
85.000000	0.645922
90.000000	0.661055
95.000000	0.674607
100.000000	0.690564
105.000000	0.708271
110.000000	0.725322
115.000000	0.744041
120.000000	0.762871
125.000000	0.782798
130.000000	0.802197
135.000000	0.823495
140.000000	0.845421
145.000000	0.868917
150.000000	0.887793
155.000000	0.909672
160.000000	0.930953
165.000000	0.948286
170.000000	0.968467
175.000000	0.979070
180.000000	0.986721
185.000000	0.996936
190.000000	1.000000
195.000000	0.994892
200.000000	0.983073
205.000000	0.973283
210.000000	0.951746
215.000000	0.921838
220.000000	0.889754
225.000000	0.851149
230.000000	0.809875
235.000000	0.764719
240.000000	0.716529
245.000000	0.671777
250.000000	0.626933
255.000000	0.588783
