255.000000	0.000000	0.000000	0.000000	0.364207	0.206771	0.424927	0.218718
250.000000	0.037601	-0.021880	0.037601	0.365089	0.207120	0.417290	0.216642
245.000000	0.099765	0.136133	0.099765	0.370736	0.212498	0.413538	0.217947
240.000000	0.129911	0.344681	0.129911	0.372819	0.217019	0.398470	0.212471
235.000000	0.177744	0.516211	0.177744	0.388862	0.222998	0.387390	0.210614
230.000000	0.250207	0.701224	0.250207	0.389530	0.220882	0.389990	0.204893
225.000000	0.298285	0.865395	0.298285	0.388775	0.216535	0.387070	0.198264
220.000000	0.332343	0.940556	0.332343	0.392989	0.216905	0.402587	0.205654
215.000000	0.378026	0.940894	0.378026	0.392206	0.221711	0.394970	0.202514
210.000000	0.408027	0.896296	0.408027	0.376310	0.219537	0.401596	0.208670
205.000000	0.447108	0.888587	0.447108	0.377812	0.220758	0.403738	0.209196
200.000000	0.481467	0.863250	0.481467	0.376904	0.227454	0.400566	0.208381
195.000000	0.504121	0.844188	0.504121	0.387187	0.228340	0.402863	0.210295
190.000000	0.520452	0.798923	0.520452	0.378468	0.228927	0.386216	0.197594
185.000000	0.550951	0.762012	0.550951	0.388833	0.238327	0.398690	0.203867
180.000000	0.592138	0.786840	0.592138	0.381981	0.239257	0.383877	0.194097
175.000000	0.641892	0.939479	0.641892	0.389945	0.229524	0.400933	0.205425
170.000000	0.728999	1.161676	0.728999	0.392236	0.225372	0.379814	0.200911
165.000000	0.728625	1.048276	0.728625	0.388409	0.223463	0.397341	0.206934
160.000000	0.737120	0.966127	0.737120	0.385154	0.234110	0.375422	0.191956
155.000000	0.883586	2.584889	0.883586	0.385935	0.177249	0.318907	0.137291
150.000000	0.771776	0.929990	0.771776	0.396705	0.235446	0.379846	0.192062
145.000000	0.790298	0.945405	0.790298	0.398556	0.237520	0.378878	0.191796
140.000000	0.801701	0.939127	0.801701	0.402042	0.235027	0.384073	0.193944
135.000000	0.811060	0.910281	0.811060	0.384047	0.234465	0.374478	0.186649
130.000000	0.820166	0.898630	0.820166	0.397691	0.232965	0.385604	0.191070
125.000000	0.838893	0.924366	0.838893	0.386002	0.229350	0.378574	0.187147
120.000000	0.854846	0.950512	0.854846	0.393975	0.234019	0.379921	0.188111
115.000000	0.866803	0.997914	0.866803	0.398668	0.232478	0.387883	0.194972
110.000000	0.878199	1.018875	0.878199	0.398447	0.233080	0.385060	0.192893
105.000000	0.904362	1.069849	0.904362	0.399810	0.234236	0.382526	0.193700
100.000000	0.932759	1.168141	0.932759	0.398799	0.234054	0.394229	0.196207
95.000000	0.929467	1.121363	0.929467	0.399378	0.232557	0.393670	0.198465
90.000000	0.922600	1.084872	0.922600	0.394666	0.233017	0.394626	0.193273
85.000000	0.924978	1.078282	0.924978	0.403135	0.233497	0.395265	0.197744
80.000000	0.941054	1.111813	0.941054	0.400082	0.234306	0.395227	0.192853
75.000000	0.951441	1.133358	0.951441	0.398908	0.235122	0.399556	0.194727
70.000000	0.960030	1.125818	0.960030	0.394257	0.231055	0.402145	0.195359
65.000000	0.964021	1.141722	0.964021	0.396552	0.227814	0.400168	0.197321
60.000000	0.974896	1.146059	0.974896	0.394624	0.231204	0.404039	0.194440
55.000000	0.995277	1.188531	0.995277	0.401583	0.231397	0.403533	0.198048
50.000000	0.997091	1.187209	0.997091	0.395516	0.232319	0.406936	0.196324
45.000000	0.993857	1.156398	0.993857	0.398549	0.227888	0.404553	0.197831
40.000000	0.994298	1.138597	0.994298	0.391114	0.230319	0.405799	0.193707
35.000000	0.993161	1.108700	0.993161	0.397630	0.228261	0.402621	0.193538
30.000000	1.008713	1.093955	1.008713	0.399460	0.227687	0.408179	0.195974
25.000000	1.033691	1.221066	1.033691	0.395489	0.229195	0.409798	0.200254
20.000000	1.018877	1.201117	1.018877	0.395060	0.224031	0.410506	0.200327
15.000000	1.012156	1.120226	1.012156	0.391292	0.228956	0.408815	0.194211
10.000000	1.021435	1.149983	1.021435	0.396987	0.227528	0.405816	0.195221
5.000000	1.024160	1.152959	1.024160	0.393941	0.229674	0.409570	0.197119
0.000000	1.022114	1.130872	1.022114	0.395179	0.225730	0.408919	0.196069
