0.000000	0.049165
5.000000	0.049716
10.000000	0.051508
15.000000	0.052519
20.000000	0.054387
25.000000	0.056485
30.000000	0.058320
35.000000	0.060024
40.000000	0.063035
45.000000	0.065676
50.000000	0.067744
55.000000	0.071393
60.000000	0.075411
65.000000	0.078934
70.000000	0.082798
75.000000	0.088916
80.000000	0.093712
85.000000	0.100196
90.000000	0.103681
95.000000	0.114397
100.000000	0.124838
105.000000	0.133119
110.000000	0.144070
115.000000	0.157567
120.000000	0.169110
125.000000	0.183166
130.000000	0.201683
135.000000	0.219012
140.000000	0.238882
145.000000	0.263574
150.000000	0.290052
155.000000	0.315381
160.000000	0.344673
165.000000	0.379091
170.000000	0.414926
175.000000	0.451296
180.000000	0.492675
185.000000	0.535181
190.000000	0.577675
195.000000	0.621933
200.000000	0.672029
205.000000	0.712729
210.000000	0.760208
215.000000	0.803415
220.000000	0.840993
225.000000	0.875850
230.000000	0.911086
235.000000	0.935536
240.000000	0.959364
245.000000	0.978323
250.000000	0.990702
255.000000	1.000000
