255.000000	0.000000	0.000000	0.000000	0.353946	0.182170	0.302547	0.227460
250.000000	0.003462	0.055972	-0.003462	0.345280	0.177805	0.305391	0.229763
245.000000	0.002993	0.081663	0.002993	0.352907	0.180359	0.298273	0.229220
240.000000	0.000963	0.135691	0.000963	0.344345	0.176326	0.305597	0.232115
235.000000	0.001222	0.157705	0.001222	0.350277	0.179520	0.301062	0.231983
230.000000	0.009642	0.168830	0.009642	0.345799	0.176507	0.300050	0.233748
225.000000	0.011430	0.209494	0.011430	0.344572	0.176006	0.305997	0.237466
220.000000	0.027076	0.167075	0.027076	0.345004	0.176026	0.302846	0.239626
215.000000	0.046399	0.138082	0.046399	0.340202	0.175180	0.304709	0.239441
210.000000	0.053389	0.143553	0.053389	0.347037	0.178552	0.299912	0.240242
205.000000	0.061471	0.159347	0.061471	0.342505	0.174523	0.305297	0.247119
200.000000	0.073349	0.154709	0.073349	0.348586	0.177132	0.311755	0.248904
195.000000	0.091444	0.125360	0.091444	0.345826	0.177297	0.314793	0.252175
190.000000	0.105244	0.106924	0.105244	0.350387	0.180187	0.309481	0.250691
185.000000	0.115572	0.107850	0.115572	0.347471	0.179584	0.309232	0.255093
180.000000	0.121054	0.143982	0.121054	0.349518	0.178836	0.311666	0.257817
175.000000	0.125914	0.177732	0.125914	0.346415	0.176916	0.315033	0.264193
170.000000	0.132355	0.195269	0.132355	0.348088	0.177372	0.312724	0.261496
165.000000	0.147805	0.166201	0.147805	0.342232	0.177654	0.312386	0.266986
160.000000	0.163258	-1.495935	0.163258	0.353521	0.196731	0.270631	0.154392
155.000000	0.168574	0.120945	0.168574	0.347724	0.180722	0.305521	0.264129
150.000000	0.175485	0.121576	0.175485	0.342698	0.180197	0.297247	0.266396
145.000000	0.177261	0.185702	0.177261	0.348629	0.179291	0.304632	0.270389
140.000000	0.174618	0.247353	0.174618	0.339128	0.174446	0.296804	0.267516
135.000000	0.226817	-1.656841	0.226817	0.274294	0.175250	0.271498	0.147121
130.000000	0.196838	0.114986	0.196838	0.348666	0.183200	0.284143	0.266998
125.000000	0.195064	0.248793	0.195064	0.342546	0.176010	0.289005	0.267410
120.000000	0.183239	0.320572	0.183239	0.346554	0.176617	0.296872	0.272140
115.000000	0.182797	0.321554	0.182797	0.337559	0.174684	0.275753	0.261256
110.000000	0.199462	0.232915	0.199462	0.337424	0.174978	0.267810	0.263363
105.000000	0.213530	0.184877	0.213530	0.344677	0.179347	0.266430	0.263784
100.000000	0.220716	0.188530	0.220716	0.345340	0.180266	0.267333	0.267700
95.000000	0.219804	0.237593	0.219804	0.338827	0.175642	0.259361	0.260588
90.000000	0.224525	0.261946	0.224525	0.346044	0.178439	0.265255	0.267506
85.000000	0.228294	0.278278	0.228294	0.338809	0.175623	0.252885	0.260568
80.000000	0.236677	0.271051	0.236677	0.339858	0.176514	0.253464	0.260866
75.000000	0.242425	0.258864	0.242425	0.340128	0.176971	0.248340	0.258427
70.000000	0.244172	0.300290	0.244172	0.343390	0.176884	0.247906	0.258199
65.000000	0.243568	0.331525	0.243568	0.337078	0.176068	0.247692	0.256299
60.000000	0.246438	0.350907	0.246438	0.340972	0.176303	0.249592	0.252396
55.000000	0.244859	0.365768	0.244859	0.337548	0.175516	0.251184	0.250799
50.000000	0.242112	0.406548	0.242112	0.338114	0.174833	0.250946	0.246652
45.000000	0.241465	0.439302	0.241465	0.339839	0.177066	0.254529	0.248555
40.000000	0.238999	0.479299	0.238999	0.336360	0.175946	0.258012	0.245783
35.000000	0.237594	0.506301	0.237594	0.339243	0.177227	0.261982	0.243335
30.000000	0.237704	0.536662	0.237704	0.338557	0.175746	0.267748	0.239888
25.000000	0.237483	0.563478	0.237483	0.340362	0.177751	0.277446	0.244980
20.000000	0.239701	0.586897	0.239701	0.341446	0.177664	0.273675	0.236400
15.000000	0.241601	0.616329	0.241601	0.343757	0.180241	0.287382	0.237753
10.000000	0.240228	0.636561	0.240228	0.347793	0.180961	0.284449	0.237561
5.000000	0.236215	0.683698	0.236215	0.347632	0.183935	0.298174	0.232314
0.000000	0.239728	0.688273	0.239728	0.350936	0.184815	0.301516	0.238043
