0.000000	0.530225
5.000000	0.520001
10.000000	0.504141
15.000000	0.480736
20.000000	0.445880
25.000000	0.418979
30.000000	0.376061
35.000000	0.323739
40.000000	0.279017
45.000000	0.228595
50.000000	0.182119
55.000000	0.133633
60.000000	0.134882
65.000000	0.155071
70.000000	0.205344
75.000000	0.302878
80.000000	0.437693
85.000000	0.581784
90.000000	0.712949
95.000000	0.797068
100.000000	0.860359
105.000000	0.910411
110.000000	0.945542
115.000000	0.960793
120.000000	0.973378
125.000000	0.981902
130.000000	0.985920
135.000000	0.990807
140.000000	0.993363
145.000000	0.996441
150.000000	0.996294
155.000000	0.996854
160.000000	0.997907
165.000000	0.998302
170.000000	0.998266
175.000000	0.997553
180.000000	0.996875
185.000000	0.998047
190.000000	0.998036
195.000000	0.997496
200.000000	0.997162
205.000000	0.998764
210.000000	0.999843
215.000000	1.000000
220.000000	0.999635
225.000000	0.998821
230.000000	0.998747
235.000000	0.999540
240.000000	0.999471
245.000000	0.999783
250.000000	0.998972
255.000000	0.997992
