255.000000	0.000000	0.000000	0.000000	0.430686	0.343675	0.418126	0.256112
250.000000	0.014558	0.026162	0.014558	0.419387	0.337424	0.421524	0.258046
245.000000	0.037450	0.055686	0.037450	0.429304	0.342068	0.422869	0.262132
240.000000	0.065132	0.092378	0.065132	0.434774	0.343353	0.414137	0.252409
235.000000	0.092465	0.111876	0.092465	0.429411	0.344594	0.420960	0.256704
230.000000	0.121774	0.138472	0.121774	0.439096	0.346701	0.396827	0.243102
225.000000	0.146499	0.166118	0.146499	0.428025	0.342585	0.417175	0.252975
220.000000	0.167460	0.193782	0.167460	0.431224	0.343591	0.401119	0.241917
215.000000	0.178253	0.194152	0.178253	0.426752	0.339277	0.408447	0.245227
210.000000	0.190706	0.174292	0.190706	0.437067	0.350598	0.398875	0.243993
205.000000	0.203306	0.180443	0.203306	0.427229	0.342039	0.403191	0.242403
200.000000	0.213793	0.210845	0.213793	0.432476	0.343749	0.403846	0.240128
195.000000	0.220429	0.230291	0.220429	0.434249	0.344786	0.401792	0.237159
190.000000	0.224358	0.232741	0.224358	0.431925	0.342478	0.410354	0.240330
185.000000	0.226657	0.238003	0.226657	0.427766	0.340805	0.410167	0.242307
180.000000	0.232010	0.267709	0.232010	0.424981	0.338670	0.412738	0.235807
175.000000	0.233347	0.279109	0.233347	0.439037	0.346377	0.410195	0.238050
170.000000	0.232031	0.285134	0.232031	0.424353	0.339115	0.414256	0.234128
165.000000	0.229938	0.275010	0.229938	0.430842	0.342665	0.415268	0.234560
160.000000	0.226408	0.235861	0.226408	0.432826	0.344597	0.413779	0.235809
155.000000	0.223391	0.219640	0.223391	0.424266	0.338855	0.416274	0.233148
150.000000	0.222583	0.225938	0.222583	0.427963	0.343533	0.419014	0.234769
145.000000	0.222427	0.227416	0.222427	0.430680	0.344910	0.418180	0.235597
140.000000	0.217612	0.203575	0.217612	0.421627	0.339388	0.418653	0.231618
135.000000	0.215574	0.176161	0.215574	0.436818	0.351132	0.429239	0.239482
130.000000	0.212779	0.159388	0.212779	0.434109	0.348275	0.422796	0.233455
125.000000	0.208857	0.154841	0.208857	0.431683	0.344530	0.425309	0.233911
120.000000	0.209596	0.157616	0.209596	0.428857	0.346101	0.421300	0.234508
115.000000	0.209492	0.171130	0.209492	0.424668	0.342942	0.423688	0.232377
110.000000	0.211221	0.195587	0.211221	0.425362	0.345489	0.428169	0.236269
105.000000	0.210523	0.210820	0.210523	0.428515	0.346691	0.424120	0.232024
100.000000	0.210161	0.229515	0.210161	0.425026	0.343050	0.425341	0.230891
95.000000	0.212971	0.255930	0.212971	0.433630	0.348847	0.425540	0.232872
90.000000	0.215090	0.297512	0.215090	0.423270	0.335912	0.421373	0.227429
85.000000	0.218229	0.318929	0.218229	0.432130	0.338697	0.423722	0.229965
80.000000	0.216355	0.319442	0.216355	0.424698	0.337830	0.415251	0.223479
75.000000	0.214685	0.335179	0.214685	0.431319	0.334583	0.418137	0.223179
70.000000	0.213981	0.330335	0.213981	0.430774	0.339805	0.418982	0.227874
65.000000	0.212195	0.322613	0.212195	0.429337	0.340568	0.419345	0.226309
60.000000	0.208769	0.282465	0.208769	0.429274	0.344485	0.423218	0.229252
55.000000	0.055485	1.465615	0.055485	0.420719	0.132324	0.411253	0.197012
50.000000	0.202545	0.283492	0.202545	0.426958	0.342285	0.423631	0.227888
45.000000	0.199280	0.269759	0.199280	0.432693	0.343196	0.417880	0.225757
40.000000	0.196845	0.268529	0.196845	0.425224	0.336219	0.418387	0.225676
35.000000	0.197197	0.290523	0.197197	0.428845	0.340777	0.421590	0.227877
30.000000	0.194631	0.320047	0.194631	0.433880	0.341647	0.418915	0.225245
25.000000	0.192941	0.358864	0.192941	0.427410	0.329164	0.414731	0.222140
20.000000	0.192649	0.394333	0.192649	0.426630	0.326039	0.424697	0.228244
15.000000	0.196223	0.420183	0.196223	0.422346	0.323471	0.417738	0.223002
10.000000	0.201744	0.447897	0.201744	0.415902	0.312612	0.418514	0.225267
5.000000	0.202670	0.459014	0.202670	0.418228	0.315629	0.416261	0.224355
0.000000	0.197328	0.419273	0.197328	0.419910	0.322650	0.419957	0.225746
