0.000000	0.555371
5.000000	0.556820
10.000000	0.557532
15.000000	0.559194
20.000000	0.560744
25.000000	0.561728
30.000000	0.563308
35.000000	0.565986
40.000000	0.569053
45.000000	0.572264
50.000000	0.574199
55.000000	0.577824
60.000000	0.581471
65.000000	0.585024
70.000000	0.590449
75.000000	0.595897
80.000000	0.601119
85.000000	0.606334
90.000000	0.613893
95.000000	0.620754
100.000000	0.629634
105.000000	0.636267
110.000000	0.646732
115.000000	0.656967
120.000000	0.668298
125.000000	0.681236
130.000000	0.695567
135.000000	0.708184
140.000000	0.725716
145.000000	0.744011
150.000000	0.760718
155.000000	0.777874
160.000000	0.801848
165.000000	0.823153
170.000000	0.847936
175.000000	0.868845
180.000000	0.885748
185.000000	0.911438
190.000000	0.926988
195.000000	0.950705
200.000000	0.969265
205.000000	0.979146
210.000000	0.994671
215.000000	0.995751
220.000000	1.000000
225.000000	0.990203
230.000000	0.980915
235.000000	0.965511
240.000000	0.937760
245.000000	0.909441
250.000000	0.874749
255.000000	0.842852
