255.000000	0.000000	0.000000	0.000000	0.368678	0.070752	0.397913	0.181973
250.000000	0.018478	-0.030375	0.067331	0.364925	0.066211	0.400590	0.180176
245.000000	0.015388	-0.024971	0.055746	0.363235	0.066292	0.401271	0.182185
240.000000	0.002773	-0.005093	0.010638	0.365910	0.069559	0.399907	0.179769
235.000000	0.001681	0.008644	-0.012006	0.367899	0.071615	0.400646	0.181639
230.000000	0.001373	0.009573	-0.006827	0.367802	0.071143	0.400144	0.180686
225.000000	0.015498	-0.011037	0.042034	0.367303	0.067853	0.397829	0.182397
220.000000	0.031849	-0.051966	0.115664	0.366466	0.063852	0.399229	0.181446
215.000000	0.033723	-0.063355	0.130800	0.363630	0.062459	0.400897	0.181464
210.000000	0.033326	-0.050483	0.117135	0.363869	0.063718	0.400478	0.181512
205.000000	0.031254	-0.036005	0.098513	0.362696	0.064300	0.401875	0.182175
200.000000	0.015961	-0.007874	0.039797	0.366475	0.068021	0.401675	0.181472
195.000000	0.001605	0.015295	-0.018506	0.369013	0.072330	0.400936	0.180799
190.000000	0.037020	0.044341	-0.118381	0.378722	0.084343	0.404904	0.182015
185.000000	0.090396	0.059975	-0.240768	0.386590	0.106800	0.401205	0.182691
180.000000	0.130266	0.056404	-0.316935	0.384084	0.123454	0.389356	0.179561
175.000000	0.129602	0.056848	-0.316052	0.383914	0.123750	0.390922	0.180866
170.000000	0.103567	0.062560	-0.269694	0.385704	0.113840	0.394706	0.184190
165.000000	0.054545	0.066604	-0.175695	0.385980	0.097018	0.398223	0.184902
160.000000	0.025078	0.003503	0.046652	0.374802	0.069858	0.395190	0.183082
155.000000	0.074722	-0.102373	0.251816	0.368410	0.061652	0.395765	0.183359
150.000000	0.082130	-0.119720	0.283980	0.365244	0.061486	0.401558	0.184146
145.000000	0.071490	-0.099157	0.242137	0.367977	0.061223	0.403294	0.182705
140.000000	0.068709	-0.102660	0.240079	0.365542	0.061285	0.402110	0.182805
135.000000	0.070602	-0.111386	0.252590	0.366267	0.061537	0.400555	0.182399
130.000000	0.088330	-0.137315	0.313974	0.368098	0.062527	0.402609	0.184118
125.000000	0.101889	-0.150117	0.353895	0.366811	0.063170	0.400787	0.184225
120.000000	0.097723	-0.135936	0.331381	0.366142	0.062315	0.405517	0.185023
115.000000	0.078582	-0.073129	0.230293	0.364198	0.060936	0.401459	0.184506
110.000000	0.052102	0.012538	0.091666	0.371179	0.065130	0.405726	0.183273
105.000000	0.023550	0.089253	-0.042153	0.376966	0.077332	0.411167	0.182680
100.000000	0.023740	0.146042	-0.098563	0.385334	0.089070	0.413196	0.181697
95.000000	0.100220	0.181388	0.019053	0.380732	0.072782	0.422331	0.184883
90.000000	0.212353	0.129271	0.295434	0.371403	0.048694	0.434903	0.194413
85.000000	0.340082	-0.048848	0.729011	0.352767	0.048676	0.431455	0.192850
80.000000	0.405752	-0.047565	0.859068	0.356882	0.039101	0.425980	0.190526
75.000000	0.467074	-0.074636	1.008784	0.358832	0.021232	0.435221	0.196428
70.000000	0.519586	-0.718090	1.757261	0.367905	0.009533	0.409492	0.186516
65.000000	0.565470	-0.855845	1.986786	0.369497	0.037743	0.422220	0.187954
60.000000	0.631030	-0.772481	2.034540	0.371526	0.058016	0.414327	0.178726
55.000000	0.716565	-0.636966	2.070096	0.370452	0.063523	0.409586	0.172291
50.000000	0.796870	-0.517927	2.111667	0.369096	0.066041	0.408604	0.170364
45.000000	0.840545	-0.514571	2.195661	0.358811	0.079847	0.400374	0.171125
40.000000	0.891198	-0.462592	2.244987	0.360915	0.084398	0.387941	0.166662
35.000000	0.943989	-0.383820	2.271797	0.366850	0.081429	0.383659	0.166863
30.000000	0.995352	-0.288671	2.279375	0.368426	0.078733	0.383307	0.171357
25.000000	1.032061	-0.228102	2.292225	0.370974	0.077341	0.376953	0.168489
20.000000	1.054693	-0.204249	2.313634	0.373028	0.076194	0.378047	0.167074
15.000000	1.065457	-0.215214	2.346129	0.368987	0.077920	0.384333	0.167742
10.000000	1.072609	-0.225441	2.370659	0.369853	0.078706	0.380162	0.164333
5.000000	1.067985	-0.265873	2.401844	0.364239	0.083183	0.383470	0.164096
0.000000	1.054395	-0.312400	2.421190	0.358498	0.089110	0.381396	0.163210
