0.000000	0.346374
5.000000	0.360229
10.000000	0.381122
15.000000	0.403567
20.000000	0.435786
25.000000	0.474756
30.000000	0.525644
35.000000	0.579205
40.000000	0.650138
45.000000	0.719225
50.000000	0.763490
55.000000	0.815267
60.000000	0.868322
65.000000	0.880981
70.000000	0.883933
75.000000	0.869032
80.000000	0.862212
85.000000	0.865354
90.000000	0.877001
95.000000	0.902473
100.000000	0.935410
105.000000	0.958012
110.000000	0.972978
115.000000	0.982822
120.000000	0.988744
125.000000	0.991069
130.000000	0.993738
135.000000	0.994530
140.000000	0.996368
145.000000	0.996760
150.000000	0.999136
155.000000	1.000000
160.000000	0.999408
165.000000	0.999960
170.000000	0.999533
175.000000	0.999349
180.000000	0.998554
185.000000	0.999424
190.000000	0.999317
195.000000	0.999309
200.000000	0.998882
205.000000	0.999873
210.000000	0.999752
215.000000	0.999632
220.000000	0.999313
225.000000	0.999634
230.000000	0.999779
235.000000	0.999036
240.000000	0.999153
245.000000	0.998805
250.000000	0.999025
255.000000	0.998701
