255.000000	0.000000	0.000000	0.000000	0.390561	0.161061	0.375014	0.173984
250.000000	0.011357	-0.024211	-0.011357	0.386729	0.162069	0.374187	0.168272
245.000000	0.035921	-0.048617	-0.035921	0.396217	0.165343	0.381356	0.168724
240.000000	0.056822	-0.055003	-0.056822	0.378329	0.157879	0.383167	0.167669
235.000000	0.082914	-0.073833	-0.082914	0.387783	0.160743	0.390125	0.165187
230.000000	0.109560	-0.093119	-0.109560	0.388829	0.158860	0.394737	0.166207
225.000000	0.131259	-0.107157	-0.131259	0.371093	0.152544	0.392924	0.162689
220.000000	0.160613	-0.123782	-0.160613	0.394019	0.155742	0.399878	0.166416
215.000000	0.182833	-0.152266	-0.182833	0.375273	0.150600	0.406275	0.165579
210.000000	0.210906	-0.173517	-0.210906	0.380133	0.150352	0.410025	0.168204
205.000000	0.232857	-0.201416	-0.232857	0.364133	0.142637	0.411488	0.168329
200.000000	0.260659	-0.230986	-0.260659	0.383024	0.146318	0.412156	0.170933
195.000000	0.284069	-0.243617	-0.284069	0.370879	0.141915	0.417449	0.175516
190.000000	0.319190	-0.219297	-0.319190	0.381347	0.140589	0.406367	0.170802
185.000000	0.333529	-0.314091	-0.333529	0.376444	0.136810	0.413556	0.177438
180.000000	0.353929	-0.326437	-0.353929	0.386180	0.141121	0.398674	0.173226
175.000000	0.370550	-0.359849	-0.370550	0.384819	0.139989	0.399279	0.175624
170.000000	0.397231	-0.293880	-0.397231	0.376111	0.134358	0.399766	0.178526
165.000000	0.452294	-0.262719	-0.452294	0.376678	0.132927	0.396244	0.175287
160.000000	0.387470	-0.641273	-0.387470	0.386869	0.139691	0.402034	0.169026
155.000000	0.374504	-1.279005	-0.374504	0.395368	0.155126	0.405557	0.155639
150.000000	0.435262	-0.628125	-0.435262	0.385107	0.133577	0.396888	0.171728
145.000000	0.478036	-0.656040	-0.478036	0.386517	0.132133	0.395213	0.171411
140.000000	0.479449	-0.619075	-0.479449	0.385444	0.129991	0.387592	0.171154
135.000000	0.501766	-0.597416	-0.501766	0.386303	0.127346	0.394527	0.168276
130.000000	0.510304	-0.952636	-0.510304	0.380801	0.131726	0.370579	0.161573
125.000000	0.530692	-0.790538	-0.530692	0.382092	0.129714	0.375979	0.162180
120.000000	0.507368	-0.811677	-0.507368	0.389379	0.132739	0.367691	0.164350
115.000000	0.577592	-0.767804	-0.577592	0.372994	0.123032	0.382448	0.165114
110.000000	0.560403	-0.653767	-0.560403	0.381713	0.124226	0.377691	0.165214
105.000000	0.597645	-0.571665	-0.597645	0.377087	0.121882	0.384222	0.168214
100.000000	0.596718	-0.513911	-0.596718	0.375436	0.119761	0.385017	0.172099
95.000000	0.597580	-0.766747	-0.597580	0.390301	0.124254	0.367306	0.162469
90.000000	0.658581	-0.515790	-0.658581	0.382548	0.120104	0.381189	0.168215
85.000000	0.649824	-0.532465	-0.649824	0.383318	0.120018	0.381047	0.169147
80.000000	0.677224	-0.510579	-0.677224	0.382804	0.117561	0.378230	0.168788
75.000000	0.671629	-0.468725	-0.671629	0.387250	0.121789	0.391582	0.172557
70.000000	0.662950	-0.581716	-0.662950	0.382701	0.116717	0.372179	0.167722
65.000000	0.668524	-0.590615	-0.668524	0.378286	0.117564	0.373922	0.165820
60.000000	0.702353	-0.438290	-0.702353	0.382706	0.118255	0.387560	0.173851
55.000000	0.702922	-0.386781	-0.702922	0.383934	0.120434	0.387337	0.173074
50.000000	0.724410	-0.365067	-0.724410	0.374079	0.115911	0.384918	0.174571
45.000000	0.704313	-0.400392	-0.704313	0.376365	0.116818	0.387381	0.173836
40.000000	0.755062	-0.303952	-0.755062	0.374269	0.120373	0.386773	0.175865
35.000000	0.759229	-0.338930	-0.759229	0.368130	0.116946	0.390347	0.177070
30.000000	0.720672	-0.509287	-0.720672	0.375193	0.117428	0.384826	0.172505
25.000000	0.731931	-0.452582	-0.731931	0.374579	0.114533	0.381950	0.173155
20.000000	0.797767	-0.289667	-0.797767	0.376704	0.124155	0.388651	0.176276
15.000000	0.805569	-0.229731	-0.805569	0.369560	0.122518	0.383728	0.176161
10.000000	0.790854	-0.366981	-0.790854	0.370906	0.116437	0.378877	0.173330
5.000000	0.818248	-0.096657	-0.818248	0.381780	0.132077	0.384464	0.175661
0.000000	0.823744	-0.118063	-0.823744	0.367329	0.124089	0.384140	0.177643
