0.000000	0.700934
5.000000	0.712936
10.000000	0.733121
15.000000	0.761950
20.000000	0.793037
25.000000	0.830155
30.000000	0.873440
35.000000	0.913824
40.000000	0.952323
45.000000	0.989647
50.000000	1.000000
55.000000	0.991189
60.000000	0.940570
65.000000	0.865020
70.000000	0.713405
75.000000	0.616727
80.000000	0.456985
85.000000	0.345050
90.000000	0.295864
95.000000	0.257635
100.000000	0.235524
105.000000	0.228906
110.000000	0.227274
115.000000	0.227051
120.000000	0.227018
125.000000	0.227174
130.000000	0.227015
135.000000	0.226971
140.000000	0.226907
145.000000	0.226632
150.000000	0.226741
155.000000	0.226613
160.000000	0.226581
165.000000	0.226527
170.000000	0.226591
175.000000	0.226376
180.000000	0.219001
185.000000	0.226395
190.000000	0.226472
195.000000	0.226367
200.000000	0.226248
205.000000	0.226329
210.000000	0.226087
215.000000	0.226351
220.000000	0.226213
225.000000	0.226280
230.000000	0.226073
235.000000	0.226363
240.000000	0.226323
245.000000	0.226268
250.000000	0.226318
255.000000	0.226613
