255.000000	0.000000	0.000000	0.000000	0.363380	0.149008	0.409456	0.155374
250.000000	0.066490	-0.129287	-0.003694	0.362810	0.148494	0.415051	0.163484
245.000000	0.100669	-0.202137	0.000799	0.359377	0.146779	0.413926	0.165015
240.000000	0.133598	-0.281301	0.014104	0.358065	0.144882	0.418862	0.168681
235.000000	0.153124	-0.335750	0.029503	0.349037	0.143488	0.418942	0.173578
230.000000	0.148795	-0.332368	0.034777	0.341488	0.144386	0.420221	0.173683
225.000000	0.160417	-0.357894	0.037059	0.336553	0.144137	0.418998	0.175508
220.000000	0.150771	-0.347330	0.045789	0.337759	0.143722	0.419962	0.174383
215.000000	0.121581	-0.297704	0.054543	0.339041	0.144970	0.419523	0.172178
210.000000	0.069505	-0.193674	0.054664	0.346543	0.145747	0.418986	0.165932
205.000000	0.040324	-0.131624	0.050976	0.349899	0.146519	0.417650	0.162434
200.000000	0.033655	-0.117250	0.049940	0.355697	0.147424	0.417166	0.162141
195.000000	0.035503	-0.120919	0.049914	0.353108	0.147951	0.418621	0.162926
190.000000	0.046871	-0.142865	0.049122	0.354830	0.147615	0.414885	0.163061
185.000000	0.058032	-0.166976	0.050912	0.352508	0.146789	0.417740	0.164307
180.000000	0.080536	-0.214398	0.053327	0.351246	0.146881	0.420104	0.166544
175.000000	0.104609	-0.264455	0.055238	0.349026	0.145334	0.418323	0.169190
170.000000	0.146677	-0.353000	0.059646	0.344293	0.143978	0.422344	0.173532
165.000000	0.194430	-0.453614	0.064755	0.341439	0.142821	0.423727	0.179188
160.000000	0.226019	-0.518713	0.066676	0.345950	0.140318	0.425803	0.182668
155.000000	0.243803	-0.553562	0.065956	0.351278	0.139573	0.421887	0.182736
150.000000	0.263296	-0.593183	0.066590	0.352966	0.139477	0.410463	0.181150
145.000000	0.277736	-0.620775	0.065303	0.359412	0.140125	0.408352	0.180199
140.000000	0.291154	-0.645052	0.062743	0.362136	0.139825	0.396230	0.177311
135.000000	0.307509	-0.676582	0.061565	0.362076	0.138937	0.392670	0.177305
130.000000	0.310685	-0.680941	0.059570	0.365100	0.139233	0.387242	0.177635
125.000000	0.304440	-0.666064	0.057183	0.362934	0.139458	0.387051	0.177920
120.000000	0.284923	-0.627709	0.057864	0.362833	0.139506	0.395882	0.180102
115.000000	0.234850	-0.531139	0.061439	0.350624	0.141070	0.411594	0.182831
110.000000	0.177945	-0.423703	0.067814	0.343811	0.142835	0.420919	0.183106
105.000000	0.128275	-0.334436	0.077886	0.334613	0.144754	0.421044	0.181120
100.000000	0.078827	-0.252971	0.095316	0.344433	0.143291	0.422665	0.179361
95.000000	0.036466	-0.191702	0.118770	0.349081	0.142552	0.421675	0.184225
90.000000	0.016282	-0.184803	0.152239	0.348696	0.139198	0.420834	0.194614
85.000000	0.017083	-0.241093	0.206927	0.343284	0.132194	0.412417	0.203852
80.000000	0.011858	-0.305328	0.281611	0.343748	0.124274	0.384841	0.207667
75.000000	0.001912	-0.376820	0.380644	0.342969	0.115445	0.376946	0.213816
70.000000	0.025217	-0.458898	0.509332	0.354384	0.113300	0.349073	0.214383
65.000000	0.096273	-0.470181	0.662726	0.352320	0.112669	0.351518	0.215431
60.000000	0.225745	-0.385599	0.837089	0.348248	0.112921	0.357564	0.211125
55.000000	0.371510	-0.257131	1.000151	0.347686	0.111269	0.365843	0.207456
50.000000	0.491383	-0.142662	1.125429	0.344961	0.108668	0.404083	0.222033
45.000000	0.572806	-0.064173	1.209785	0.347751	0.106559	0.400671	0.215986
40.000000	0.634794	0.005448	1.264140	0.347493	0.103275	0.401831	0.212631
35.000000	0.680532	0.060247	1.300817	0.341844	0.100812	0.401736	0.209143
30.000000	0.707195	0.084460	1.329929	0.344916	0.100409	0.397865	0.197716
25.000000	0.727282	0.093155	1.361408	0.344576	0.100751	0.403001	0.197503
20.000000	0.744259	0.091799	1.396718	0.348833	0.104213	0.398109	0.188931
15.000000	0.756516	0.082849	1.430184	0.350380	0.107352	0.397351	0.187129
10.000000	0.771431	0.083772	1.459090	0.348798	0.109510	0.398191	0.186978
5.000000	0.846556	0.223238	1.469874	0.339752	0.099300	0.381952	0.176380
0.000000	0.946819	0.488298	1.405340	0.323422	0.079315	0.351675	0.168949
