0.000000	0.100077
5.000000	0.098505
10.000000	0.097604
15.000000	0.095660
20.000000	0.094272
25.000000	0.093182
30.000000	0.091168
35.000000	0.089196
40.000000	0.088045
45.000000	0.085957
50.000000	0.084502
55.000000	0.080993
60.000000	0.079826
65.000000	0.078369
70.000000	0.077011
75.000000	0.074757
80.000000	0.072541
85.000000	0.071283
90.000000	0.069566
95.000000	0.069160
100.000000	0.067927
105.000000	0.067407
110.000000	0.068309
115.000000	0.068643
120.000000	0.070911
125.000000	0.073217
130.000000	0.077245
135.000000	0.082540
140.000000	0.089183
145.000000	0.098039
150.000000	0.109406
155.000000	0.122012
160.000000	0.137371
165.000000	0.158578
170.000000	0.181536
175.000000	0.207200
180.000000	0.238653
185.000000	0.273780
190.000000	0.311534
195.000000	0.354546
200.000000	0.406969
205.000000	0.455457
210.000000	0.512504
215.000000	0.572376
220.000000	0.630978
225.000000	0.691017
230.000000	0.746153
235.000000	0.809023
240.000000	0.861916
245.000000	0.914079
250.000000	0.960564
255.000000	1.000000
