255.000000	0.000000	0.000000	0.000000	0.368493	0.081276	0.441296	0.133020
250.000000	0.012228	-0.025752	0.001296	0.369437	0.078922	0.439448	0.132236
245.000000	0.025514	-0.059004	0.007976	0.372405	0.076895	0.439753	0.132082
240.000000	0.042653	-0.109606	0.024299	0.370077	0.073173	0.438546	0.130937
235.000000	0.042334	-0.119218	0.034551	0.368344	0.072015	0.442536	0.132471
230.000000	0.028153	-0.096437	0.040130	0.371134	0.072503	0.441106	0.132126
225.000000	0.006595	-0.044246	0.031056	0.368479	0.075254	0.440412	0.132257
220.000000	0.017308	0.014342	0.020274	0.371147	0.079872	0.437049	0.132608
215.000000	0.038221	0.069328	0.007113	0.367503	0.085989	0.440022	0.134534
210.000000	0.047379	0.095329	-0.000571	0.365843	0.088791	0.439574	0.134581
205.000000	0.044344	0.089358	-0.000669	0.367154	0.088556	0.440610	0.134774
200.000000	0.012558	0.021915	0.003202	0.370544	0.081846	0.441751	0.133531
195.000000	0.036586	-0.100123	0.026951	0.367274	0.073289	0.439146	0.131872
190.000000	0.079354	-0.210921	0.052213	0.371302	0.069552	0.441962	0.131058
185.000000	0.121716	-0.317507	0.074075	0.367269	0.068524	0.441852	0.130942
180.000000	0.144163	-0.372729	0.084402	0.368349	0.069161	0.448493	0.132447
175.000000	0.152271	-0.391901	0.087358	0.368223	0.069362	0.450081	0.132821
170.000000	0.130649	-0.340677	0.079379	0.371209	0.069014	0.446749	0.132215
165.000000	0.078234	-0.201115	0.044647	0.368183	0.069590	0.444975	0.131631
160.000000	0.031077	-0.067715	0.005561	0.370184	0.076416	0.442810	0.132013
155.000000	0.012596	-0.020981	-0.004210	0.368455	0.079636	0.442694	0.132091
150.000000	0.005176	-0.003025	-0.007326	0.368333	0.081215	0.441352	0.132549
145.000000	0.008127	-0.013747	-0.002508	0.368507	0.080783	0.444888	0.132984
140.000000	0.012242	-0.034400	0.009916	0.371955	0.078073	0.444233	0.131962
135.000000	0.008510	-0.036290	0.019269	0.370307	0.077419	0.444825	0.131981
130.000000	0.026654	-0.091631	0.038322	0.367297	0.073585	0.445281	0.131257
125.000000	0.051235	-0.165718	0.063249	0.364957	0.070016	0.447206	0.130075
120.000000	0.066446	-0.212089	0.079198	0.370411	0.069432	0.446466	0.128818
115.000000	0.076829	-0.254355	0.100698	0.362590	0.067842	0.450564	0.127721
110.000000	0.074768	-0.269561	0.120025	0.368803	0.068280	0.455556	0.126698
105.000000	0.067366	-0.280162	0.145430	0.365921	0.067845	0.459153	0.124735
100.000000	0.057999	-0.303611	0.187613	0.359204	0.067395	0.463794	0.121347
95.000000	0.037534	-0.312832	0.237763	0.355570	0.066098	0.465687	0.115593
90.000000	0.008855	-0.322342	0.304633	0.352784	0.064296	0.476429	0.112989
85.000000	0.033102	-0.338448	0.404652	0.347849	0.061631	0.487860	0.109557
80.000000	0.080243	-0.372407	0.532894	0.341394	0.059018	0.484587	0.104657
75.000000	0.134126	-0.409032	0.677284	0.346551	0.060335	0.476626	0.103179
70.000000	0.198244	-0.433947	0.830435	0.342247	0.059063	0.473015	0.104321
65.000000	0.259403	-0.459319	0.978126	0.348150	0.061857	0.464817	0.107982
60.000000	0.311004	-0.481314	1.103322	0.359918	0.069626	0.449581	0.113886
55.000000	0.369154	-0.479687	1.217994	0.363838	0.072570	0.436905	0.115673
50.000000	0.432177	-0.475865	1.340219	0.372422	0.071427	0.436756	0.126730
45.000000	0.498118	-0.496742	1.492979	0.359732	0.062870	0.434883	0.142327
40.000000	0.578753	-0.533451	1.690958	0.365866	0.058929	0.426343	0.142326
35.000000	0.636932	-0.566914	1.840777	0.364556	0.062412	0.419133	0.144322
30.000000	0.710485	-0.583569	2.004538	0.365627	0.070467	0.419103	0.148463
25.000000	0.776910	-0.589791	2.143612	0.365571	0.083027	0.417390	0.145765
20.000000	0.832275	-0.567221	2.231771	0.363275	0.093402	0.424268	0.145033
15.000000	0.872939	-0.549694	2.295572	0.367756	0.100166	0.420323	0.142551
10.000000	0.889059	-0.541361	2.319480	0.358082	0.102107	0.424630	0.138480
5.000000	0.906778	-0.530419	2.343975	0.364849	0.106503	0.426970	0.141042
0.000000	0.917556	-0.526468	2.361579	0.364567	0.108524	0.430951	0.141268
