0.000000	0.980060
5.000000	0.981957
10.000000	0.982756
15.000000	0.984357
20.000000	0.986572
25.000000	0.988794
30.000000	0.989836
35.000000	0.990898
40.000000	0.992158
45.000000	0.993999
50.000000	0.995772
55.000000	0.996437
60.000000	0.996979
65.000000	0.997359
70.000000	0.997889
75.000000	0.999090
80.000000	1.000000
85.000000	0.998197
90.000000	0.996533
95.000000	0.997491
100.000000	0.993986
105.000000	0.991916
110.000000	0.987476
115.000000	0.981266
120.000000	0.978853
125.000000	0.968506
130.000000	0.962098
135.000000	0.949236
140.000000	0.940776
145.000000	0.925377
150.000000	0.906447
155.000000	0.891932
160.000000	0.867763
165.000000	0.841996
170.000000	0.812892
175.000000	0.789749
180.000000	0.750204
185.000000	0.716134
190.000000	0.680862
195.000000	0.639304
200.000000	0.596340
205.000000	0.555940
210.000000	0.512832
215.000000	0.475492
220.000000	0.442046
225.000000	0.414442
230.000000	0.397221
235.000000	0.384107
240.000000	0.382648
245.000000	0.398749
250.000000	0.428958
255.000000	0.467221
