0.000000	1.000000
5.000000	0.998403
10.000000	0.993673
15.000000	0.988850
20.000000	0.984653
25.000000	0.982439
30.000000	0.976075
35.000000	0.969414
40.000000	0.966356
45.000000	0.958015
50.000000	0.953841
55.000000	0.947728
60.000000	0.938570
65.000000	0.934978
70.000000	0.923606
75.000000	0.916974
80.000000	0.906105
85.000000	0.898044
90.000000	0.886054
95.000000	0.871793
100.000000	0.862724
105.000000	0.847471
110.000000	0.833733
115.000000	0.821463
120.000000	0.813004
125.000000	0.792631
130.000000	0.773726
135.000000	0.766633
140.000000	0.741350
145.000000	0.730013
150.000000	0.716260
155.000000	0.691560
160.000000	0.682599
165.000000	0.661125
170.000000	0.653438
175.000000	0.645839
180.000000	0.629975
185.000000	0.630900
190.000000	0.623655
195.000000	0.629169
200.000000	0.631076
205.000000	0.634255
210.000000	0.655219
215.000000	0.676728
220.000000	0.697633
225.000000	0.729713
230.000000	0.756792
235.000000	0.786717
240.000000	0.829918
245.000000	0.861402
250.000000	0.903066
255.000000	0.933131
