255.000000	0.000000	0.000000	0.000000	0.386916	0.224855	0.401842	0.189130
250.000000	0.021461	-0.021461	0.023729	0.382877	0.225659	0.412350	0.196107
245.000000	0.011584	-0.011584	-0.106129	0.383926	0.219675	0.396104	0.174546
240.000000	0.014778	-0.014778	-0.163713	0.388148	0.216275	0.387967	0.166790
235.000000	0.015235	-0.015235	-0.107631	0.389294	0.218714	0.394543	0.172929
230.000000	0.025898	-0.025898	-0.039038	0.389039	0.221566	0.401095	0.182889
225.000000	0.025497	-0.025497	-0.023155	0.380847	0.221395	0.398484	0.182127
220.000000	0.014160	-0.014160	0.021539	0.383495	0.222616	0.411252	0.194177
215.000000	0.012532	-0.012532	0.088843	0.379403	0.225885	0.411855	0.202212
210.000000	0.012609	-0.012609	0.065812	0.379737	0.227335	0.410794	0.201868
205.000000	0.016339	-0.016339	-0.047936	0.384238	0.220521	0.402835	0.181146
200.000000	0.029084	-0.029084	-0.133987	0.392975	0.220881	0.393547	0.169736
195.000000	0.040165	-0.040165	-0.177883	0.387024	0.217737	0.393299	0.164909
190.000000	0.031889	-0.031889	-0.200990	0.389377	0.213598	0.390002	0.162095
185.000000	0.019603	-0.019603	-0.164282	0.395063	0.219374	0.393234	0.164906
180.000000	0.012151	-0.012151	-0.132910	0.387105	0.220322	0.391916	0.168317
175.000000	0.001697	-0.001697	-0.032168	0.384593	0.223425	0.394324	0.181751
170.000000	0.012107	-0.012107	0.106009	0.373783	0.224371	0.410570	0.207622
165.000000	0.017633	-0.017633	0.128933	0.374814	0.228349	0.412791	0.208558
160.000000	0.029637	-0.029637	0.234127	0.381598	0.236381	0.423161	0.230490
155.000000	0.026972	-0.026972	0.175319	0.372851	0.228942	0.406090	0.210392
150.000000	0.030710	-0.030710	-0.145468	0.359139	0.198654	0.385687	0.161440
145.000000	0.031899	-0.031899	-0.312360	0.368084	0.204951	0.383184	0.145695
140.000000	0.043722	-0.043722	0.366656	0.392235	0.247440	0.405785	0.241885
135.000000	0.092827	-0.092827	0.703537	0.379189	0.245564	0.393950	0.246812
130.000000	0.131936	-0.131936	0.824526	0.369328	0.241079	0.401081	0.241414
125.000000	0.137042	-0.137042	0.866833	0.363850	0.238371	0.409574	0.242442
120.000000	0.090503	-0.090503	0.661690	0.363690	0.240575	0.393657	0.247920
115.000000	0.081735	-0.081735	0.816236	0.374508	0.243404	0.397275	0.235101
110.000000	0.135297	-0.135297	0.808835	0.364696	0.240584	0.403892	0.241402
105.000000	0.083498	-0.083498	0.381148	0.391381	0.250017	0.406881	0.228708
100.000000	0.114310	-0.114310	0.306343	0.387470	0.244485	0.397271	0.208043
95.000000	0.187832	-0.187832	-0.172655	0.386822	0.227272	0.410085	0.147088
90.000000	0.232427	-0.232427	-0.115084	0.376225	0.226161	0.405173	0.134036
85.000000	0.268661	-0.268661	0.031020	0.369308	0.230864	0.399237	0.124293
80.000000	0.253039	-0.253039	0.036365	0.365135	0.225811	0.386351	0.109575
75.000000	0.330242	-0.330242	-0.346967	0.359689	0.204853	0.405024	0.098569
70.000000	0.308659	-0.308659	-0.390839	0.361074	0.196216	0.404355	0.089997
65.000000	0.311058	-0.311058	-0.372080	0.349141	0.188980	0.408435	0.082134
60.000000	0.293700	-0.293700	-0.416126	0.339864	0.180505	0.412532	0.077152
55.000000	0.209356	-0.209356	-0.252102	0.350193	0.190736	0.403398	0.067649
50.000000	0.119146	-0.119146	0.007230	0.352948	0.196496	0.401513	0.070632
45.000000	0.050054	-0.050054	0.226422	0.351339	0.203045	0.407973	0.082789
40.000000	0.042411	-0.042411	0.091759	0.351526	0.196002	0.411532	0.077739
35.000000	0.030024	-0.030024	-0.076854	0.351493	0.190415	0.406045	0.074100
30.000000	0.022471	-0.022471	-0.194466	0.354943	0.190391	0.407340	0.073380
25.000000	0.098352	-0.098352	-0.526400	0.349164	0.184824	0.425323	0.076987
20.000000	0.101123	-0.101123	-0.568088	0.357854	0.194044	0.413831	0.081538
15.000000	0.058614	-0.058614	-0.409499	0.357661	0.190025	0.418683	0.080647
10.000000	0.057180	-0.057180	-0.465266	0.356936	0.193134	0.415847	0.084048
5.000000	0.010661	-0.010661	-0.446107	0.370710	0.197932	0.409971	0.085271
0.000000	0.053027	0.053027	-0.329585	0.359991	0.194355	0.412754	0.086933
