255.000000	0.000000	0.000000	0.000000	0.362687	0.227678	0.383248	0.176760
250.000000	0.028194	-0.006618	-0.049770	0.362247	0.229005	0.383661	0.176427
245.000000	0.063688	-0.018834	-0.108543	0.355790	0.225818	0.388209	0.178432
240.000000	0.082548	-0.026245	-0.138851	0.356180	0.224064	0.389071	0.179138
235.000000	0.093070	-0.031546	-0.154594	0.350278	0.221178	0.390347	0.180354
230.000000	0.092062	-0.033177	-0.150948	0.350961	0.221354	0.390953	0.180533
225.000000	0.075240	-0.028820	-0.121660	0.351314	0.224203	0.388623	0.179051
220.000000	0.051773	-0.023902	-0.079643	0.353355	0.226733	0.388691	0.178587
215.000000	0.030235	-0.020368	-0.040102	0.360242	0.227891	0.383500	0.177184
210.000000	0.018130	-0.021628	-0.014631	0.361971	0.227605	0.384137	0.176918
205.000000	0.023515	-0.027738	-0.019292	0.361270	0.227500	0.384250	0.176201
200.000000	0.034393	-0.034717	-0.034068	0.359985	0.224657	0.383202	0.176535
195.000000	0.056638	-0.047838	-0.065439	0.357007	0.225015	0.384192	0.176860
190.000000	0.069357	-0.060140	-0.078573	0.353004	0.224405	0.386561	0.178253
185.000000	0.089204	-0.077740	-0.100667	0.353189	0.223383	0.390823	0.178551
180.000000	0.122557	-0.102375	-0.142738	0.352184	0.222653	0.396707	0.179789
175.000000	0.164028	-0.129624	-0.198433	0.347069	0.219739	0.399383	0.178239
170.000000	0.200427	-0.150643	-0.250210	0.342163	0.217270	0.396613	0.176021
165.000000	0.220965	-0.162086	-0.279844	0.339204	0.215257	0.397768	0.174499
160.000000	0.222007	-0.163128	-0.280887	0.339854	0.216354	0.399358	0.174982
155.000000	0.211743	-0.159472	-0.264014	0.341455	0.217196	0.399214	0.174604
150.000000	0.204998	-0.156440	-0.253556	0.341830	0.217499	0.401626	0.174846
145.000000	0.184265	-0.148057	-0.220472	0.345511	0.217534	0.398066	0.174433
140.000000	0.134145	-0.126469	-0.141821	0.354598	0.222773	0.398781	0.179256
135.000000	0.060814	-0.095394	-0.026233	0.355204	0.221551	0.386195	0.176595
130.000000	0.000483	-0.071917	0.072882	0.350058	0.217411	0.380124	0.175841
125.000000	0.050926	-0.054411	0.156262	0.347122	0.214400	0.376012	0.177007
120.000000	0.105767	-0.039721	0.251255	0.357342	0.207551	0.374323	0.182011
115.000000	0.158307	-0.033412	0.350026	0.371141	0.204016	0.372972	0.182996
110.000000	0.185016	-0.035171	0.405203	0.374863	0.201763	0.382448	0.187008
105.000000	0.186937	-0.050599	0.424473	0.372541	0.196194	0.379763	0.184569
100.000000	0.160283	-0.075293	0.395859	0.374909	0.197782	0.383953	0.181929
95.000000	0.124457	-0.115654	0.364568	0.371019	0.194240	0.385275	0.178666
90.000000	0.072092	-0.171677	0.315860	0.370872	0.189748	0.392985	0.171134
85.000000	0.021177	-0.238703	0.281057	0.365407	0.180844	0.398132	0.162640
80.000000	0.044250	-0.321913	0.233413	0.365188	0.167789	0.409719	0.157894
75.000000	0.154100	-0.430429	0.122229	0.368448	0.156357	0.425969	0.156450
70.000000	0.281656	-0.557304	-0.006008	0.370110	0.138862	0.430728	0.164211
65.000000	0.399389	-0.680557	-0.118221	0.350737	0.110101	0.437156	0.161773
60.000000	0.478887	-0.822503	-0.135271	0.358670	0.097896	0.410356	0.158203
55.000000	0.529786	-0.970752	-0.088820	0.352243	0.088363	0.410758	0.158596
50.000000	0.568706	-1.102675	-0.034737	0.361082	0.092932	0.416776	0.162040
45.000000	0.622229	-1.202534	-0.041924	0.357266	0.091993	0.413087	0.165539
40.000000	0.681174	-1.279409	-0.082940	0.352080	0.087061	0.417918	0.172457
35.000000	0.756626	-1.328258	-0.184994	0.347955	0.072256	0.424914	0.178581
30.000000	0.803399	-1.375879	-0.230920	0.338401	0.064825	0.420017	0.183551
25.000000	0.843938	-1.404491	-0.283386	0.340973	0.057801	0.422992	0.185577
20.000000	0.868427	-1.432986	-0.303868	0.343032	0.056125	0.415494	0.184670
15.000000	0.885959	-1.459736	-0.312182	0.340341	0.055896	0.412555	0.185799
10.000000	0.895777	-1.479493	-0.312060	0.342008	0.057752	0.406897	0.177943
5.000000	0.898327	-1.496938	-0.299716	0.340697	0.061415	0.407040	0.182740
0.000000	0.870645	-1.507048	-0.234241	0.345634	0.076689	0.412916	0.181026
