0.000000	0.632292
5.000000	0.640497
10.000000	0.659268
15.000000	0.676815
20.000000	0.707734
25.000000	0.742054
30.000000	0.789764
35.000000	0.818819
40.000000	0.869396
45.000000	0.913604
50.000000	0.960330
55.000000	0.992105
60.000000	1.000000
65.000000	0.970522
70.000000	0.933697
75.000000	0.854477
80.000000	0.739255
85.000000	0.589467
90.000000	0.491678
95.000000	0.386056
100.000000	0.327834
105.000000	0.304849
110.000000	0.269013
115.000000	0.264019
120.000000	0.252800
125.000000	0.243643
130.000000	0.239868
135.000000	0.236534
140.000000	0.232994
145.000000	0.231503
150.000000	0.230086
155.000000	0.229465
160.000000	0.228606
165.000000	0.228085
170.000000	0.227555
175.000000	0.227221
180.000000	0.227228
185.000000	0.227418
190.000000	0.227589
195.000000	0.227519
200.000000	0.227493
205.000000	0.227463
210.000000	0.227509
215.000000	0.227818
220.000000	0.227775
225.000000	0.227930
230.000000	0.227847
235.000000	0.227796
240.000000	0.227750
245.000000	0.227715
250.000000	0.227849
255.000000	0.228255
