0.000000	0.525742
5.000000	0.517154
10.000000	0.499991
15.000000	0.474441
20.000000	0.446480
25.000000	0.410685
30.000000	0.366258
35.000000	0.321803
40.000000	0.276082
45.000000	0.218569
50.000000	0.177162
55.000000	0.131393
60.000000	0.132354
65.000000	0.160485
70.000000	0.217432
75.000000	0.324102
80.000000	0.420667
85.000000	0.601973
90.000000	0.730444
95.000000	0.806648
100.000000	0.865745
105.000000	0.904882
110.000000	0.936444
115.000000	0.960471
120.000000	0.972618
125.000000	0.979834
130.000000	0.987078
135.000000	0.990393
140.000000	0.994198
145.000000	0.995402
150.000000	0.996815
155.000000	0.996828
160.000000	0.996784
165.000000	0.997209
170.000000	0.998726
175.000000	0.998254
180.000000	0.998759
185.000000	0.999631
190.000000	0.999926
195.000000	1.000000
200.000000	0.999372
205.000000	0.999656
210.000000	0.998248
215.000000	0.994447
220.000000	0.996000
225.000000	0.997429
230.000000	0.998112
235.000000	0.998906
240.000000	0.998520
245.000000	0.996251
250.000000	0.992958
255.000000	0.996069
