255.000000	0.000000	0.000000	0.000000	0.391635	0.242563	0.404468	0.266126
250.000000	0.004322	-0.004322	-0.025814	0.394408	0.244357	0.408692	0.265824
245.000000	0.007045	-0.007045	0.007246	0.391531	0.242641	0.408790	0.260367
240.000000	0.007186	-0.007186	0.038904	0.388279	0.241054	0.414068	0.259898
235.000000	0.007762	-0.007762	0.040377	0.384295	0.239612	0.415336	0.259864
230.000000	0.005867	-0.005867	0.036674	0.385729	0.240536	0.427761	0.261929
225.000000	0.001101	-0.001101	0.033880	0.388724	0.240236	0.427515	0.259824
220.000000	0.002964	0.002964	0.021426	0.386354	0.238798	0.432502	0.263474
215.000000	0.011548	0.011548	0.021566	0.388770	0.241003	0.437043	0.260787
210.000000	0.019433	0.019433	0.051935	0.384141	0.238935	0.437274	0.258527
205.000000	0.028087	0.028087	0.098342	0.386769	0.241036	0.438255	0.255884
200.000000	0.034537	0.034537	0.120290	0.386129	0.238279	0.431662	0.248623
195.000000	0.043581	0.043581	0.125859	0.384989	0.237422	0.435261	0.249908
190.000000	0.051472	0.051472	0.147076	0.384597	0.239141	0.437157	0.248516
185.000000	0.060189	0.060189	0.130903	0.386404	0.238881	0.431962	0.245806
180.000000	0.069818	0.069818	0.130025	0.384966	0.236302	0.435562	0.248373
175.000000	0.078552	0.078552	0.137189	0.387251	0.238547	0.431142	0.247182
170.000000	0.084018	0.084018	0.153725	0.389603	0.239990	0.435569	0.247323
165.000000	0.090997	0.090997	0.170990	0.385999	0.237981	0.426833	0.247210
160.000000	0.094715	0.094715	0.185886	0.385205	0.237490	0.433608	0.249869
155.000000	0.101374	0.101374	0.149927	0.387267	0.236868	0.428485	0.249865
150.000000	0.108773	0.108773	0.112584	0.389598	0.239445	0.434526	0.253528
145.000000	0.116973	0.116973	0.043794	0.391151	0.240291	0.429541	0.255911
140.000000	0.128466	0.128466	0.061637	0.391721	0.241095	0.426167	0.254544
135.000000	0.135888	0.135888	0.056007	0.395562	0.240925	0.427244	0.253902
130.000000	0.148037	0.148037	0.125201	0.388750	0.237430	0.420115	0.254778
125.000000	0.152441	0.152441	0.184753	0.391234	0.239009	0.426792	0.254312
120.000000	0.164902	0.164902	0.880828	0.407771	0.251700	0.436321	0.257719
115.000000	0.150519	0.150519	0.483845	0.388030	0.239255	0.413537	0.258561
110.000000	0.177339	0.177339	0.758716	0.387074	0.242170	0.434685	0.266122
105.000000	0.138467	0.138467	0.671404	0.386928	0.242345	0.425903	0.265192
100.000000	0.142284	0.142284	0.786378	0.389989	0.245455	0.428081	0.266864
95.000000	0.156895	0.156895	0.371623	0.391036	0.237124	0.415443	0.263155
90.000000	0.179759	0.179759	0.338548	0.388165	0.237511	0.409419	0.264227
85.000000	0.182913	0.182913	0.626886	0.392078	0.242101	0.417453	0.270358
80.000000	0.180977	0.180977	0.791020	0.398864	0.250968	0.426367	0.269166
75.000000	0.199029	0.199029	0.675136	0.392630	0.244134	0.420614	0.273618
70.000000	0.209670	0.209670	0.611970	0.391661	0.241898	0.417562	0.271961
65.000000	0.222320	0.222320	0.658886	0.391813	0.243479	0.421662	0.276273
60.000000	0.216127	0.216127	0.416191	0.398290	0.241449	0.417629	0.275443
55.000000	0.174813	0.174813	0.654060	0.392397	0.243733	0.414521	0.273665
50.000000	0.190525	0.190525	0.858547	0.399175	0.249695	0.422185	0.267834
45.000000	0.190924	0.190924	0.966205	0.403739	0.253435	0.427630	0.270183
40.000000	0.192322	0.192322	0.903937	0.409244	0.252407	0.431702	0.271424
35.000000	0.177794	0.177794	1.296889	0.380755	0.245675	0.422594	0.261297
30.000000	0.214616	0.214616	1.148685	0.412107	0.259057	0.430544	0.267987
25.000000	0.189473	0.189473	1.130814	0.411248	0.261181	0.430534	0.270321
20.000000	0.223259	0.223259	0.853369	0.393306	0.249691	0.433479	0.275349
15.000000	0.203637	0.203637	0.490433	0.392839	0.238859	0.422301	0.282076
10.000000	0.241507	0.241507	-0.072587	0.401779	0.243961	0.424820	0.287369
5.000000	0.247037	0.247037	-0.020215	0.400109	0.244540	0.429649	0.287906
0.000000	0.207329	0.207329	0.048092	0.397659	0.241659	0.416844	0.285428
