255.000000	0.000000	0.000000	0.000000	0.399713	0.220485	0.435495	0.229522
250.000000	0.008726	-0.019189	0.001737	0.402464	0.218737	0.437724	0.228367
245.000000	0.071050	-0.140817	-0.001283	0.398991	0.217765	0.431476	0.210466
240.000000	0.128525	-0.251449	-0.005601	0.397629	0.215357	0.422182	0.195088
235.000000	0.131908	-0.246206	-0.017610	0.389331	0.214252	0.427133	0.196919
230.000000	0.097099	-0.157517	-0.036681	0.399635	0.213879	0.430382	0.205109
225.000000	0.087971	-0.120488	-0.055454	0.401620	0.216518	0.439918	0.209750
220.000000	0.095060	-0.126898	-0.063222	0.406152	0.216450	0.434766	0.208084
215.000000	0.101357	-0.134510	-0.068205	0.398279	0.215759	0.435385	0.205450
210.000000	0.110637	-0.149497	-0.071776	0.398011	0.214561	0.438978	0.204810
205.000000	0.140078	-0.206573	-0.073584	0.396663	0.214917	0.435102	0.197291
200.000000	0.166207	-0.264536	-0.067879	0.395199	0.211253	0.429980	0.192249
195.000000	0.162968	-0.258666	-0.067270	0.395830	0.212942	0.430106	0.192481
190.000000	0.152233	-0.234643	-0.069823	0.397646	0.212875	0.434843	0.196293
185.000000	0.137814	-0.204186	-0.071441	0.397920	0.213306	0.436733	0.199450
180.000000	0.126067	-0.180417	-0.071717	0.396591	0.216166	0.434555	0.199583
175.000000	0.117237	-0.160063	-0.074412	0.397040	0.216009	0.432565	0.202322
170.000000	0.111166	-0.145369	-0.076964	0.401732	0.218635	0.434764	0.202539
165.000000	0.111984	-0.146093	-0.077875	0.398387	0.216975	0.431636	0.202607
160.000000	0.112765	-0.146772	-0.078757	0.398438	0.217072	0.433383	0.203732
155.000000	0.104800	-0.130877	-0.078724	0.403608	0.220069	0.437158	0.204904
150.000000	0.852275	-0.045382	-1.659168	0.430427	0.174809	0.396796	0.142675
145.000000	0.066401	-0.059642	-0.073160	0.402649	0.219557	0.440221	0.218462
140.000000	0.031291	0.001118	-0.063701	0.403729	0.215851	0.443108	0.226846
135.000000	0.014567	0.023250	-0.052384	0.409234	0.215706	0.453364	0.233467
130.000000	0.000271	0.037789	-0.038331	0.411175	0.217463	0.448590	0.238701
125.000000	0.006034	0.036749	-0.024681	0.408561	0.215269	0.455072	0.238341
120.000000	0.011081	0.035641	-0.013478	0.410295	0.217697	0.455072	0.240430
115.000000	0.844113	-1.557215	-0.131012	0.374602	0.210829	0.452303	0.182090
110.000000	0.018432	0.020565	0.016299	0.407239	0.217658	0.456483	0.243477
105.000000	0.027174	0.022423	0.031925	0.407164	0.217083	0.463621	0.248655
100.000000	0.040489	0.028199	0.052778	0.404348	0.217090	0.468327	0.250337
95.000000	0.061801	0.045871	0.077732	0.408285	0.216575	0.457553	0.249175
90.000000	0.086659	0.071550	0.101768	0.406408	0.214984	0.449142	0.238369
85.000000	0.108023	0.098584	0.117463	0.401745	0.214959	0.462245	0.233367
80.000000	0.123276	0.128381	0.118172	0.400361	0.206453	0.453443	0.217012
75.000000	0.135863	0.160702	0.111024	0.390416	0.199715	0.465722	0.206703
70.000000	0.143848	0.192123	0.095572	0.390414	0.202576	0.466313	0.201662
65.000000	0.145258	0.208055	0.082461	0.381439	0.199083	0.450816	0.183986
60.000000	0.135033	0.201633	0.068433	0.374316	0.198230	0.450607	0.177722
55.000000	0.119953	0.182646	0.057260	0.367105	0.196032	0.447300	0.170788
50.000000	0.106390	0.166152	0.046629	0.364711	0.195141	0.440667	0.164007
45.000000	0.090666	0.145714	0.035618	0.363382	0.197045	0.437701	0.161119
40.000000	0.070731	0.113192	0.028269	0.352923	0.191926	0.445130	0.157637
35.000000	0.038772	0.056380	0.021164	0.350943	0.193886	0.433131	0.151437
30.000000	0.015749	0.021250	0.010248	0.348209	0.190659	0.455769	0.152322
25.000000	0.002361	0.008859	-0.004136	0.357069	0.196055	0.443037	0.148986
20.000000	0.015800	-0.015703	-0.015897	0.356978	0.193726	0.452126	0.147627
15.000000	0.030322	-0.034151	-0.026494	0.359008	0.194713	0.452457	0.146115
10.000000	0.049332	-0.062197	-0.036466	0.355843	0.192678	0.449677	0.145217
5.000000	0.071302	-0.098839	-0.043765	0.354011	0.194324	0.466076	0.143900
0.000000	0.081339	-0.111087	-0.051591	0.360894	0.194674	0.451921	0.141206
