255.000000	0.000000	0.000000	0.000000	0.372571	0.103741	0.411787	0.191874
250.000000	0.043077	0.019583	0.066570	0.388574	0.114893	0.399178	0.194526
245.000000	0.072810	0.047576	0.098045	0.376581	0.106801	0.403738	0.198095
240.000000	0.090632	0.071517	0.109747	0.394717	0.111009	0.392910	0.184356
235.000000	0.083577	0.131849	0.035304	0.372429	0.093282	0.417692	0.184302
230.000000	0.138102	0.141765	0.134440	0.393388	0.094232	0.411442	0.181493
225.000000	0.181465	0.128006	0.234924	0.383121	0.107189	0.395462	0.180238
220.000000	0.209250	0.146996	0.271504	0.389231	0.104726	0.410946	0.179701
215.000000	0.271404	0.140672	0.402136	0.377776	0.118633	0.403188	0.177178
210.000000	0.285933	0.139022	0.432843	0.397998	0.122687	0.397916	0.175502
205.000000	0.269561	0.178100	0.361022	0.356886	0.078275	0.415206	0.163381
200.000000	0.285062	0.157694	0.412431	0.371943	0.089193	0.402984	0.164228
195.000000	0.299153	0.186935	0.411371	0.359938	0.069662	0.422481	0.159868
190.000000	0.314949	0.151689	0.478209	0.377221	0.079290	0.410967	0.165130
185.000000	0.342809	0.187730	0.497887	0.365009	0.068988	0.411107	0.153837
180.000000	0.344577	0.142760	0.546394	0.382176	0.070796	0.412923	0.160209
175.000000	0.370985	0.185329	0.556641	0.366530	0.058363	0.418215	0.150832
170.000000	0.375634	0.148878	0.602391	0.367140	0.060084	0.416391	0.155968
165.000000	0.384940	0.138591	0.631290	0.373469	0.056632	0.411010	0.151725
160.000000	0.407869	0.181049	0.634688	0.368141	0.052195	0.411731	0.145899
155.000000	0.478688	0.163070	0.794306	0.391194	0.084733	0.399875	0.140983
150.000000	0.532756	0.223891	0.841622	0.374865	0.096000	0.400441	0.140469
145.000000	0.545382	0.210072	0.880691	0.380850	0.097384	0.389793	0.133736
140.000000	0.555878	0.210827	0.900930	0.391380	0.090311	0.390949	0.134835
135.000000	0.568301	0.219160	0.917443	0.380835	0.086766	0.390539	0.133832
130.000000	0.566462	0.195927	0.936997	0.393987	0.085680	0.390950	0.130849
125.000000	0.589956	0.239080	0.940831	0.378426	0.082919	0.394413	0.133998
120.000000	0.591325	0.213268	0.969382	0.396272	0.079795	0.390978	0.128354
115.000000	0.605482	0.220799	0.990164	0.387967	0.080226	0.388993	0.129220
110.000000	0.556993	0.151181	0.962806	0.386557	0.058942	0.401740	0.132368
105.000000	0.549076	0.144246	0.953907	0.372270	0.046824	0.407899	0.135447
100.000000	0.541362	0.146741	0.935983	0.364947	0.041989	0.404277	0.133807
95.000000	0.555908	0.108292	1.003524	0.379205	0.048879	0.401381	0.132165
90.000000	0.577121	0.169620	0.984622	0.373482	0.051451	0.409004	0.133176
85.000000	0.555316	0.120431	0.990202	0.375471	0.044487	0.408475	0.133917
80.000000	0.529050	0.012296	1.045804	0.373958	0.035759	0.405574	0.132655
75.000000	0.508766	-0.078437	1.095969	0.363989	0.018496	0.408166	0.135892
70.000000	0.520348	-0.141308	1.182003	0.382317	0.021946	0.410272	0.133837
65.000000	0.531295	-0.051078	1.113668	0.363350	0.020250	0.412277	0.132904
60.000000	0.542564	-0.067434	1.152562	0.374801	0.027145	0.411300	0.133216
55.000000	0.567999	0.035236	1.100763	0.375007	0.026785	0.412592	0.132678
50.000000	0.539065	-0.207704	1.285835	0.372198	0.022681	0.407946	0.130744
45.000000	0.550746	-0.230572	1.332064	0.383727	0.022725	0.414451	0.133897
40.000000	0.567843	-0.084605	1.220291	0.369484	0.020085	0.412369	0.132679
35.000000	0.583908	-0.028179	1.195995	0.391863	0.031509	0.410588	0.131945
30.000000	0.574820	-0.092529	1.242170	0.360914	0.021482	0.410769	0.130318
25.000000	0.574262	-0.115585	1.264110	0.369979	0.025270	0.414289	0.130092
20.000000	0.554250	-0.235053	1.343553	0.370453	0.019628	0.414051	0.133767
15.000000	0.572361	-0.171423	1.316145	0.380324	0.025255	0.410797	0.131812
10.000000	0.575763	-0.164286	1.315811	0.367987	0.020558	0.414833	0.131913
5.000000	0.548141	-0.286556	1.382838	0.375043	0.025310	0.407709	0.131418
0.000000	0.540638	-0.435351	1.516626	0.375202	0.024217	0.415648	0.133147
