0.000000	1.000000
5.000000	0.994079
10.000000	0.987238
15.000000	0.976650
20.000000	0.962495
25.000000	0.944251
30.000000	0.924095
35.000000	0.899978
40.000000	0.872857
45.000000	0.849218
50.000000	0.820547
55.000000	0.792232
60.000000	0.773908
65.000000	0.762278
70.000000	0.755685
75.000000	0.753410
80.000000	0.751770
85.000000	0.754027
90.000000	0.748800
95.000000	0.743749
100.000000	0.733485
105.000000	0.727694
110.000000	0.724803
115.000000	0.722305
120.000000	0.719999
125.000000	0.719238
130.000000	0.718612
135.000000	0.718110
140.000000	0.717728
145.000000	0.718374
150.000000	0.718516
155.000000	0.718026
160.000000	0.718299
165.000000	0.718108
170.000000	0.717793
175.000000	0.717698
180.000000	0.718073
185.000000	0.718324
190.000000	0.718534
195.000000	0.718042
200.000000	0.718273
205.000000	0.718223
210.000000	0.718078
215.000000	0.717575
220.000000	0.717743
225.000000	0.717198
230.000000	0.716720
235.000000	0.716276
240.000000	0.716617
245.000000	0.716946
250.000000	0.716951
255.000000	0.717429
