255.000000	0.000000	0.000000	0.000000	0.382005	0.080141	0.403270	0.235925
250.000000	0.017306	0.005391	-0.017306	0.384505	0.080865	0.403360	0.237355
245.000000	0.036550	0.002951	-0.036550	0.382831	0.081648	0.405378	0.240498
240.000000	0.058480	0.003867	-0.058480	0.384617	0.082639	0.400868	0.241282
235.000000	0.106013	0.020083	-0.106013	0.383113	0.085798	0.404956	0.246116
230.000000	0.138363	0.023469	-0.138363	0.389654	0.088745	0.396558	0.243962
225.000000	0.144052	0.013542	-0.144052	0.387441	0.088701	0.399290	0.247022
220.000000	0.166179	0.009135	-0.166179	0.388781	0.089603	0.399994	0.248618
215.000000	0.209871	0.013820	-0.209871	0.392105	0.093941	0.406131	0.249475
210.000000	0.224413	0.015598	-0.224413	0.391022	0.095382	0.408257	0.253607
205.000000	0.239244	0.014052	-0.239244	0.393988	0.096644	0.410057	0.252018
200.000000	0.262799	0.012240	-0.262799	0.391869	0.097929	0.413421	0.254440
195.000000	0.283550	-0.000157	-0.283550	0.398909	0.100133	0.418868	0.259304
190.000000	0.338739	-0.000586	-0.338739	0.399280	0.108389	0.426749	0.261931
185.000000	0.368957	-0.000505	-0.368957	0.400977	0.113193	0.427995	0.264949
180.000000	0.371521	-0.011916	-0.371521	0.402711	0.111925	0.433258	0.267956
175.000000	0.376151	-0.020921	-0.376151	0.401229	0.110353	0.427623	0.267368
170.000000	0.013943	1.215032	-0.013943	0.400039	0.173298	0.382482	0.141420
165.000000	0.455356	-0.028377	-0.455356	0.407399	0.125845	0.431991	0.270876
160.000000	0.486753	-0.035511	-0.486753	0.409831	0.131612	0.435034	0.270939
155.000000	0.500615	-0.041744	-0.500615	0.412144	0.134489	0.432759	0.272669
150.000000	0.519195	-0.048743	-0.519195	0.410878	0.136868	0.428116	0.272357
145.000000	0.521564	-0.053162	-0.521564	0.417040	0.137746	0.425440	0.276240
140.000000	0.498118	-0.063511	-0.498118	0.410775	0.127569	0.424884	0.277357
135.000000	0.470088	-0.072780	-0.470088	0.409156	0.118518	0.420618	0.282809
130.000000	0.448626	-0.083088	-0.448626	0.405369	0.111837	0.422416	0.289405
125.000000	0.449825	-0.087745	-0.449825	0.409089	0.112482	0.418894	0.290634
120.000000	0.448058	-0.093706	-0.448058	0.406805	0.110562	0.418954	0.292780
115.000000	0.425597	-0.102925	-0.425597	0.406759	0.105315	0.407799	0.290965
110.000000	0.398347	-0.109956	-0.398347	0.402675	0.100311	0.407241	0.294066
105.000000	0.376665	-0.116993	-0.376665	0.406325	0.097511	0.401649	0.292490
100.000000	0.301865	-0.138154	-0.301865	0.403000	0.088478	0.391385	0.288907
95.000000	0.249142	-0.176732	-0.249142	0.399843	0.082456	0.388884	0.285170
90.000000	0.170528	-0.212951	-0.170528	0.394752	0.078304	0.377902	0.282273
85.000000	0.128830	-0.240580	-0.128830	0.394927	0.077277	0.373619	0.284980
80.000000	0.096483	-0.268353	-0.096483	0.395606	0.077196	0.370981	0.282037
75.000000	0.178794	-0.235978	-0.178794	0.398948	0.078286	0.362832	0.278693
70.000000	0.195021	-0.231925	-0.195021	0.401040	0.079083	0.367100	0.285022
65.000000	0.181259	-0.242547	-0.181259	0.399257	0.077955	0.371743	0.288878
60.000000	0.155940	-0.261926	-0.155940	0.399149	0.077860	0.366621	0.280206
55.000000	0.108502	-0.289250	-0.108502	0.396564	0.077573	0.363875	0.280511
50.000000	0.090238	-0.304854	-0.090238	0.398066	0.077434	0.360335	0.282494
45.000000	0.066610	-0.319682	-0.066610	0.397410	0.078246	0.357010	0.277399
40.000000	0.072548	-0.320005	-0.072548	0.394995	0.077609	0.357244	0.276905
35.000000	0.069500	-0.324998	-0.069500	0.393680	0.077654	0.355572	0.273198
30.000000	0.074712	-0.328589	-0.074712	0.398541	0.078159	0.356479	0.269910
25.000000	0.071431	-0.335499	-0.071431	0.396226	0.078235	0.351416	0.272785
20.000000	0.032522	-0.355006	-0.032522	0.396170	0.079933	0.350803	0.267840
15.000000	0.013670	-0.367719	-0.013670	0.396849	0.080932	0.346107	0.260705
10.000000	0.060957	-0.348927	-0.060957	0.396202	0.078532	0.348020	0.262070
5.000000	0.158223	-0.318505	-0.158223	0.397816	0.076754	0.340993	0.259571
0.000000	0.247680	-0.286715	-0.247680	0.398150	0.078514	0.343168	0.257350
