255.000000	0.000000	0.000000	0.000000	0.411873	0.240881	0.374760	0.207436
250.000000	0.000800	-0.128607	-0.000800	0.400030	0.208629	0.347468	0.204693
245.000000	0.026790	-0.126414	0.026790	0.403829	0.204974	0.365767	0.214859
240.000000	0.045868	-0.059779	0.045868	0.411770	0.213983	0.366956	0.211035
235.000000	0.058959	-0.046804	0.058959	0.401621	0.213215	0.378497	0.215390
230.000000	0.078212	-0.070379	0.078212	0.406870	0.203513	0.374731	0.219880
225.000000	0.100728	-0.088302	0.100728	0.409458	0.197411	0.374398	0.219112
220.000000	0.117141	-0.086169	0.117141	0.402920	0.192253	0.382588	0.229700
215.000000	0.132939	-0.104550	0.132939	0.406935	0.187724	0.386743	0.234460
210.000000	0.173284	-0.159825	0.173284	0.406469	0.169889	0.385693	0.238279
205.000000	0.191198	-0.132864	0.191198	0.403672	0.171334	0.388758	0.245467
200.000000	0.205776	-0.081402	0.205776	0.408634	0.176769	0.387106	0.240871
195.000000	0.228860	-0.111375	0.228860	0.407651	0.169686	0.379423	0.243574
190.000000	0.254048	-0.108489	0.254048	0.404774	0.165585	0.370192	0.243223
185.000000	0.283035	-0.069904	0.283035	0.411555	0.168086	0.372418	0.243744
180.000000	0.309006	0.012991	0.309006	0.408991	0.173389	0.365393	0.241944
175.000000	0.335693	0.142094	0.335693	0.416072	0.191568	0.384724	0.244432
170.000000	0.357022	0.109899	0.357022	0.408825	0.182296	0.363013	0.245672
165.000000	0.399762	0.079935	0.399762	0.408617	0.168349	0.359807	0.248426
160.000000	0.432847	0.182296	0.432847	0.411781	0.178503	0.359531	0.247713
155.000000	0.453440	0.304522	0.453440	0.414377	0.198528	0.354798	0.248551
150.000000	0.495997	0.354954	0.495997	0.417891	0.200187	0.335226	0.245107
145.000000	0.533944	0.435403	0.533944	0.414448	0.207591	0.337200	0.253050
140.000000	0.577378	0.538495	0.577378	0.412708	0.215960	0.338249	0.252512
135.000000	0.598551	0.503402	0.598551	0.416372	0.207971	0.326201	0.243651
130.000000	0.630900	0.506132	0.630900	0.415222	0.200307	0.338176	0.255803
125.000000	0.667342	0.520030	0.667342	0.416943	0.196733	0.327266	0.249750
120.000000	0.702980	0.618902	0.702980	0.418524	0.208480	0.338771	0.259820
115.000000	0.738601	0.951106	0.738601	0.426080	0.250803	0.326548	0.257688
110.000000	0.736211	0.706912	0.736211	0.413310	0.215777	0.310050	0.246325
105.000000	0.768826	0.670369	0.768826	0.417110	0.204300	0.332109	0.267440
100.000000	0.787174	0.812036	0.787174	0.414471	0.224778	0.308101	0.248381
95.000000	0.808634	0.776048	0.808634	0.412384	0.213245	0.311722	0.248682
90.000000	0.825363	0.726777	0.825363	0.411027	0.199808	0.327945	0.263075
85.000000	0.843053	0.754918	0.843053	0.418777	0.204625	0.305992	0.245908
80.000000	0.865013	0.747476	0.865013	0.408746	0.195096	0.317892	0.251303
75.000000	0.880263	0.730292	0.880263	0.404717	0.186909	0.320492	0.252375
70.000000	0.890363	0.792913	0.890363	0.416409	0.201512	0.311967	0.245329
65.000000	0.899461	0.834935	0.899461	0.410868	0.206844	0.324298	0.251834
60.000000	0.913999	0.850603	0.913999	0.416233	0.208726	0.313842	0.241812
55.000000	0.919216	0.853560	0.919216	0.412381	0.207380	0.324052	0.250182
50.000000	0.935333	0.783450	0.935333	0.406855	0.186967	0.318321	0.243977
45.000000	0.954991	0.717496	0.954991	0.401095	0.170752	0.328190	0.250793
40.000000	0.967392	0.721465	0.967392	0.402296	0.170059	0.324097	0.244627
35.000000	0.976229	0.731815	0.976229	0.402878	0.169770	0.322653	0.245629
30.000000	0.999643	0.694777	0.999643	0.397514	0.160107	0.329537	0.248201
25.000000	1.018597	0.637278	1.018597	0.402743	0.152800	0.321340	0.240445
20.000000	1.034073	0.607186	1.034073	0.395876	0.145965	0.327268	0.242708
15.000000	1.038558	0.627413	1.038558	0.396379	0.147685	0.327980	0.244212
10.000000	1.052327	0.635521	1.052327	0.398167	0.147619	0.335811	0.248004
5.000000	1.030091	0.750824	1.030091	0.396649	0.162867	0.330852	0.244892
0.000000	1.026020	0.694811	1.026020	0.402747	0.158241	0.326326	0.239600
