0.000000	0.765946
5.000000	0.765571
10.000000	0.765323
15.000000	0.763306
20.000000	0.762240
25.000000	0.761733
30.000000	0.759690
35.000000	0.760292
40.000000	0.758429
45.000000	0.758744
50.000000	0.758386
55.000000	0.756757
60.000000	0.757487
65.000000	0.755543
70.000000	0.754660
75.000000	0.754687
80.000000	0.752691
85.000000	0.752772
90.000000	0.751501
95.000000	0.753198
100.000000	0.751495
105.000000	0.752370
110.000000	0.753178
115.000000	0.756896
120.000000	0.755043
125.000000	0.754999
130.000000	0.762458
135.000000	0.758551
140.000000	0.768793
145.000000	0.774096
150.000000	0.774669
155.000000	0.779738
160.000000	0.796060
165.000000	0.800661
170.000000	0.806041
175.000000	0.822896
180.000000	0.837807
185.000000	0.840656
190.000000	0.864029
195.000000	0.882675
200.000000	0.892732
205.000000	0.902618
210.000000	0.928965
215.000000	0.934808
220.000000	0.963355
225.000000	0.966039
230.000000	0.983348
235.000000	0.995106
240.000000	0.994037
245.000000	1.000000
250.000000	0.991710
255.000000	0.979519
