0.000000	0.892539
5.000000	0.892574
10.000000	0.892318
15.000000	0.891678
20.000000	0.891087
25.000000	0.890532
30.000000	0.891231
35.000000	0.892027
40.000000	0.892487
45.000000	0.893044
50.000000	0.893593
55.000000	0.893531
60.000000	0.892988
65.000000	0.892222
70.000000	0.891860
75.000000	0.892790
80.000000	0.893119
85.000000	0.893302
90.000000	0.893261
95.000000	0.892610
100.000000	0.892115
105.000000	0.892133
110.000000	0.891811
115.000000	0.892435
120.000000	0.892218
125.000000	0.892091
130.000000	0.892865
135.000000	0.892786
140.000000	0.892790
145.000000	0.892709
150.000000	0.893157
155.000000	0.893632
160.000000	0.893900
165.000000	0.894255
170.000000	0.895184
175.000000	0.895400
180.000000	0.896320
185.000000	0.896347
190.000000	0.898023
195.000000	0.900628
200.000000	0.903675
205.000000	0.908173
210.000000	0.914171
215.000000	0.921576
220.000000	0.928222
225.000000	0.936445
230.000000	0.946517
235.000000	0.955717
240.000000	0.967405
245.000000	0.977814
250.000000	0.989510
255.000000	1.000000
