0.000000	0.687829
5.000000	0.687821
10.000000	0.688252
15.000000	0.687951
20.000000	0.688397
25.000000	0.688031
30.000000	0.687627
35.000000	0.687817
40.000000	0.687868
45.000000	0.687939
50.000000	0.687859
55.000000	0.687332
60.000000	0.687870
65.000000	0.688359
70.000000	0.688719
75.000000	0.688629
80.000000	0.689229
85.000000	0.689452
90.000000	0.689922
95.000000	0.690678
100.000000	0.691005
105.000000	0.692152
110.000000	0.692025
115.000000	0.692799
120.000000	0.694298
125.000000	0.695856
130.000000	0.698099
135.000000	0.699337
140.000000	0.701878
145.000000	0.703647
150.000000	0.705899
155.000000	0.708732
160.000000	0.713400
165.000000	0.719542
170.000000	0.723027
175.000000	0.729285
180.000000	0.735533
185.000000	0.745958
190.000000	0.754829
195.000000	0.767753
200.000000	0.782566
205.000000	0.798080
210.000000	0.824341
215.000000	0.845673
220.000000	0.870432
225.000000	0.897567
230.000000	0.925044
235.000000	0.948757
240.000000	0.968725
245.000000	0.990374
250.000000	1.000000
255.000000	0.995642
