0.000000	0.000000	0.000000	0.000000	0.463828	0.328533	0.428329	0.352808
5.000000	0.128210	0.128210	0.072847	0.456652	0.320379	0.428832	0.329862
10.000000	0.263151	0.263151	0.227493	0.458328	0.320427	0.439072	0.328963
15.000000	0.370793	0.370793	0.424329	0.452898	0.321879	0.417392	0.322882
20.000000	0.475778	0.475778	0.528986	0.460611	0.327158	0.406193	0.316452
25.000000	0.541004	0.541004	0.621641	0.448170	0.319053	0.379252	0.306581
30.000000	0.603164	0.603164	0.692179	0.453186	0.324386	0.382429	0.322742
35.000000	0.647609	0.647609	0.755379	0.456467	0.323157	0.386166	0.331043
40.000000	0.687365	0.687365	0.826192	0.455729	0.321358	0.383852	0.337031
45.000000	0.735933	0.735933	1.018927	0.453850	0.310631	0.405393	0.358124
50.000000	0.763932	0.763932	1.054427	0.449578	0.298759	0.404629	0.360936
55.000000	0.777809	0.777809	1.015185	0.465572	0.315139	0.401901	0.363767
60.000000	0.796800	0.796800	1.006477	0.451767	0.306796	0.399655	0.366509
65.000000	0.813744	0.813744	1.055028	0.460345	0.312461	0.399659	0.367808
70.000000	0.821719	0.821719	1.096374	0.463766	0.312637	0.401060	0.370105
75.000000	0.831534	0.831534	1.093844	0.447427	0.302474	0.400663	0.372251
80.000000	0.843810	0.843810	1.086201	0.442581	0.295973	0.401080	0.373413
85.000000	0.860552	0.860552	1.111742	0.444997	0.299075	0.401474	0.375247
90.000000	0.866760	0.866760	1.107552	0.445380	0.301372	0.400699	0.374007
95.000000	0.854253	0.854253	0.878506	0.447570	0.315558	0.396054	0.371531
100.000000	0.860772	0.860772	0.842941	0.441351	0.310041	0.399270	0.375004
105.000000	0.867104	0.867104	0.875050	0.442362	0.314541	0.399053	0.374444
110.000000	0.871738	0.871738	0.951676	0.450563	0.313887	0.397266	0.372800
115.000000	0.889272	0.889272	1.055784	0.465736	0.321420	0.400544	0.375763
120.000000	0.890086	0.890086	1.075616	0.456843	0.313334	0.402377	0.378102
125.000000	0.901547	0.901547	1.199009	0.460994	0.306476	0.400513	0.376876
130.000000	0.903662	0.903662	1.132237	0.443072	0.293104	0.404181	0.379366
135.000000	0.896487	0.896487	1.067525	0.447141	0.302505	0.404455	0.380199
140.000000	0.900355	0.900355	1.022723	0.450560	0.311779	0.402013	0.377475
145.000000	0.913034	0.913034	1.000155	0.462190	0.324724	0.400226	0.376116
150.000000	0.927835	0.927835	1.053262	0.458713	0.317927	0.402479	0.378110
155.000000	0.927058	0.927058	1.046399	0.450742	0.307556	0.402831	0.378280
160.000000	0.899318	0.899318	1.065728	0.451199	0.310006	0.400415	0.376676
165.000000	0.896016	0.896016	0.988232	0.460516	0.324061	0.395141	0.370567
170.000000	0.893093	0.893093	0.969519	0.446590	0.306721	0.396518	0.372582
175.000000	0.921886	0.921886	1.034657	0.464168	0.321006	0.398515	0.374214
180.000000	0.925270	0.925270	1.011484	0.448748	0.306917	0.398503	0.373735
185.000000	0.926545	0.926545	1.034166	0.445896	0.299936	0.399955	0.375974
190.000000	0.925919	0.925919	1.216904	0.435679	0.291909	0.394184	0.371525
195.000000	0.897394	0.897394	1.233409	0.440204	0.295824	0.396006	0.373110
200.000000	0.922468	0.922468	1.321297	0.433029	0.283118	0.394369	0.372808
205.000000	0.929802	0.929802	1.374197	0.437895	0.288522	0.392385	0.371996
210.000000	0.904997	0.904997	1.515701	0.457469	0.293556	0.386827	0.368361
215.000000	0.951334	0.951334	1.295717	0.440086	0.294402	0.394663	0.373827
220.000000	0.995482	0.995482	1.431381	0.435346	0.289845	0.387966	0.369354
225.000000	0.954731	0.954731	1.668653	0.453174	0.277801	0.393046	0.377417
230.000000	0.943000	0.943000	1.672893	0.457122	0.282714	0.390086	0.373693
235.000000	0.903769	0.903769	1.766711	0.448996	0.266788	0.391107	0.374700
240.000000	0.916174	0.916174	1.622294	0.439714	0.274022	0.387653	0.370803
245.000000	0.968526	0.968526	1.417379	0.452363	0.295422	0.390271	0.371019
250.000000	0.949828	0.949828	1.250837	0.443959	0.292072	0.395066	0.373187
255.000000	0.960541	0.960541	1.230066	0.439864	0.290726	0.395100	0.372919
