0.000000	0.998223
5.000000	0.999125
10.000000	0.998972
15.000000	0.999771
20.000000	0.996241
25.000000	0.995535
30.000000	0.999674
35.000000	0.997200
40.000000	0.994714
45.000000	0.995664
50.000000	0.995390
55.000000	0.998419
60.000000	0.998326
65.000000	0.997913
70.000000	0.996360
75.000000	0.998274
80.000000	0.998427
85.000000	0.996408
90.000000	0.996971
95.000000	0.996949
100.000000	0.997945
105.000000	0.998901
110.000000	0.999780
115.000000	0.997553
120.000000	0.998518
125.000000	0.998440
130.000000	1.000000
135.000000	0.998353
140.000000	0.998551
145.000000	0.998321
150.000000	0.997858
155.000000	0.998231
160.000000	0.994018
165.000000	0.991299
170.000000	0.989423
175.000000	0.988082
180.000000	0.988249
185.000000	0.979854
190.000000	0.968002
195.000000	0.968116
200.000000	0.954306
205.000000	0.931393
210.000000	0.906582
215.000000	0.890226
220.000000	0.857190
225.000000	0.821949
230.000000	0.771755
235.000000	0.724872
240.000000	0.662959
245.000000	0.607510
250.000000	0.547611
255.000000	0.486586
