0.000000	0.514833
5.000000	0.515737
10.000000	0.514801
15.000000	0.514799
20.000000	0.516348
25.000000	0.515026
30.000000	0.516030
35.000000	0.515217
40.000000	0.515030
45.000000	0.514897
50.000000	0.515149
55.000000	0.515062
60.000000	0.515460
65.000000	0.514956
70.000000	0.514592
75.000000	0.516666
80.000000	0.515988
85.000000	0.516680
90.000000	0.515719
95.000000	0.515064
100.000000	0.517646
105.000000	0.518321
110.000000	0.517740
115.000000	0.518906
120.000000	0.517939
125.000000	0.518825
130.000000	0.518279
135.000000	0.519288
140.000000	0.519473
145.000000	0.525134
150.000000	0.523540
155.000000	0.524040
160.000000	0.528173
165.000000	0.534040
170.000000	0.539342
175.000000	0.539322
180.000000	0.547492
185.000000	0.550383
190.000000	0.554730
195.000000	0.577849
200.000000	0.584803
205.000000	0.593214
210.000000	0.623942
215.000000	0.653767
220.000000	0.670350
225.000000	0.693785
230.000000	0.756866
235.000000	0.794029
240.000000	0.830457
245.000000	0.876280
250.000000	0.950756
255.000000	1.000000
