0.000000	0.000000	0.000000	0.000000	0.348477	0.152292	0.431916	0.158687
5.000000	0.009878	-0.345211	-0.009878	0.364473	0.148942	0.461189	0.144750
10.000000	0.027628	0.040117	-0.027628	0.347827	0.130208	0.424605	0.119593
15.000000	0.122965	0.114033	-0.122965	0.352043	0.152078	0.421012	0.129397
20.000000	0.222019	-0.253894	-0.222019	0.357120	0.146451	0.443065	0.118974
25.000000	0.222040	-0.885519	-0.222040	0.362159	0.156014	0.423865	0.103007
30.000000	0.281621	-0.199655	-0.281621	0.349433	0.138582	0.435331	0.104075
35.000000	0.302311	0.051683	-0.302311	0.353504	0.151763	0.432020	0.112954
40.000000	0.310464	0.507796	-0.310464	0.375227	0.150959	0.439383	0.102409
45.000000	0.380523	0.141210	-0.380523	0.370441	0.157306	0.436812	0.103284
50.000000	0.401394	0.350756	-0.401394	0.377383	0.156114	0.449147	0.102981
55.000000	0.443721	-0.604543	-0.443721	0.372695	0.146402	0.433563	0.095930
60.000000	0.472352	-0.134501	-0.472352	0.363313	0.140958	0.411350	0.086470
65.000000	0.487928	-0.720229	-0.487928	0.379880	0.147394	0.425718	0.093367
70.000000	0.482488	-0.196499	-0.482488	0.356133	0.145150	0.417237	0.094893
75.000000	0.501448	0.083552	-0.501448	0.378123	0.161435	0.434356	0.101218
80.000000	0.520677	-0.226258	-0.520677	0.359384	0.139688	0.423265	0.088695
85.000000	0.507911	0.414627	-0.507911	0.346557	0.150373	0.467748	0.097571
90.000000	0.528777	0.333269	-0.528777	0.372392	0.156136	0.454103	0.096499
95.000000	0.569748	-0.158209	-0.569748	0.369132	0.153845	0.430234	0.098784
100.000000	0.580121	0.159735	-0.580121	0.385093	0.158314	0.437621	0.096702
105.000000	0.572942	-0.610725	-0.572942	0.373022	0.149384	0.437594	0.099482
110.000000	0.600145	-0.396345	-0.600145	0.364625	0.147067	0.442490	0.097433
115.000000	0.618494	-0.883373	-0.618494	0.389016	0.142795	0.452946	0.097184
120.000000	0.600595	-0.343085	-0.600595	0.366145	0.152126	0.439708	0.100286
125.000000	0.605520	-0.347009	-0.605520	0.367847	0.149262	0.443435	0.101018
130.000000	0.624727	-0.582817	-0.624727	0.377734	0.147296	0.449888	0.101349
135.000000	0.634708	-1.144780	-0.634708	0.385954	0.148258	0.462625	0.109655
140.000000	0.638753	-0.758878	-0.638753	0.391102	0.153658	0.458276	0.105228
145.000000	0.652296	-0.391732	-0.652296	0.371918	0.151812	0.447399	0.100741
150.000000	0.660282	-0.278617	-0.660282	0.381805	0.154147	0.448999	0.102026
155.000000	0.655658	-1.396449	-0.655658	0.384423	0.150200	0.456240	0.117509
160.000000	0.658637	-0.880953	-0.658637	0.391120	0.148173	0.460371	0.105754
165.000000	0.661948	-0.769757	-0.661948	0.375739	0.148154	0.462065	0.105090
170.000000	0.672274	-1.122601	-0.672274	0.385615	0.146480	0.456448	0.111969
175.000000	0.689841	-0.890673	-0.689841	0.384704	0.150282	0.466018	0.109624
180.000000	0.679470	-0.049982	-0.679470	0.381878	0.154218	0.451128	0.099564
185.000000	0.683017	-0.735770	-0.683017	0.381815	0.151182	0.460001	0.106740
190.000000	0.675545	-0.600738	-0.675545	0.382163	0.150603	0.463820	0.106195
195.000000	0.675387	-0.882506	-0.675387	0.384138	0.148788	0.461061	0.108078
200.000000	0.677769	0.087565	-0.677769	0.360947	0.154202	0.453379	0.102820
205.000000	0.660518	-0.197162	-0.660518	0.376247	0.151056	0.449164	0.101637
210.000000	0.659544	0.290452	-0.659544	0.351334	0.147964	0.459051	0.099819
215.000000	0.652906	-0.690773	-0.652906	0.371226	0.138674	0.460834	0.098916
220.000000	0.661613	-0.821445	-0.661613	0.390691	0.143310	0.458581	0.102039
225.000000	0.652043	-0.402288	-0.652043	0.373777	0.151911	0.458714	0.105067
230.000000	0.668288	-0.112621	-0.668288	0.392624	0.157718	0.448674	0.100717
235.000000	0.667944	-0.301388	-0.667944	0.381222	0.157526	0.454633	0.104615
240.000000	0.657650	-0.296376	-0.657650	0.372656	0.144991	0.450125	0.096204
245.000000	0.640641	-0.648970	-0.640641	0.381910	0.143773	0.461738	0.101332
250.000000	0.664417	-0.927816	-0.664417	0.390498	0.150859	0.460535	0.109979
255.000000	0.652606	-0.440972	-0.652606	0.371725	0.143676	0.447693	0.096552
