0.000000	0.999135
5.000000	0.997833
10.000000	0.997010
15.000000	1.000000
20.000000	0.998613
25.000000	0.997842
30.000000	0.998383
35.000000	0.997574
40.000000	0.997555
45.000000	0.997787
50.000000	0.998746
55.000000	0.997293
60.000000	0.997070
65.000000	0.998124
70.000000	0.996036
75.000000	0.996008
80.000000	0.996246
85.000000	0.998403
90.000000	0.996726
95.000000	0.996127
100.000000	0.996936
105.000000	0.997413
110.000000	0.995655
115.000000	0.994733
120.000000	0.995865
125.000000	0.992635
130.000000	0.990632
135.000000	0.991119
140.000000	0.988859
145.000000	0.993767
150.000000	0.989739
155.000000	0.988299
160.000000	0.981409
165.000000	0.975647
170.000000	0.982773
175.000000	0.973828
180.000000	0.963558
185.000000	0.960074
190.000000	0.960554
195.000000	0.942749
200.000000	0.923995
205.000000	0.928794
210.000000	0.904949
215.000000	0.872085
220.000000	0.852730
225.000000	0.811247
230.000000	0.794859
235.000000	0.751692
240.000000	0.685291
245.000000	0.630660
250.000000	0.582180
255.000000	0.505740
