0.000000	0.000000	0.000000	0.000000	0.401808	0.175730	0.419033	0.182972
5.000000	0.005643	-0.568613	-0.005643	0.373208	0.151470	0.406300	0.159639
10.000000	0.006756	-1.607415	0.006756	0.371646	0.167961	0.433113	0.159013
15.000000	0.015169	-0.222268	-0.015169	0.384222	0.162376	0.410980	0.167437
20.000000	0.054526	-1.342371	0.054526	0.380678	0.174489	0.421461	0.148448
25.000000	0.008331	-0.560867	-0.008331	0.367881	0.157535	0.419725	0.150136
30.000000	0.015061	-0.586898	0.015061	0.370664	0.118543	0.414790	0.108245
35.000000	0.045910	-1.497644	0.045910	0.381194	0.170753	0.420825	0.138662
40.000000	0.033660	-1.581526	0.033660	0.371526	0.149698	0.431295	0.119080
45.000000	0.015126	-0.295516	0.015126	0.376373	0.158412	0.409731	0.147220
50.000000	0.090052	-1.934097	0.090052	0.365033	0.167223	0.413237	0.126216
55.000000	0.071643	-1.063462	0.071643	0.362907	0.154083	0.410498	0.112533
60.000000	0.076901	-0.955165	0.076901	0.363079	0.162658	0.403337	0.124993
65.000000	0.121615	-0.884335	0.121615	0.361861	0.139210	0.414899	0.101165
70.000000	0.091277	-0.918755	0.091277	0.366212	0.149165	0.413340	0.110353
75.000000	0.156008	-0.416377	0.156008	0.364458	0.160869	0.400598	0.137694
80.000000	0.151660	0.020310	0.151660	0.394446	0.157283	0.404636	0.127641
85.000000	0.166080	-1.253280	0.166080	0.382964	0.165363	0.412297	0.118658
90.000000	0.167141	-0.241008	0.167141	0.376474	0.162258	0.397714	0.136438
95.000000	0.188810	-0.095026	0.188810	0.380869	0.165617	0.404196	0.136554
100.000000	0.177939	-0.308086	0.177939	0.372424	0.154295	0.396322	0.131292
105.000000	0.200800	-0.163437	0.200800	0.379155	0.166054	0.396447	0.138447
110.000000	0.200560	-0.429192	0.200560	0.366027	0.160608	0.401364	0.138120
115.000000	0.206100	-0.500526	0.206100	0.365251	0.164940	0.407441	0.143924
120.000000	0.215543	-0.653366	0.215543	0.365549	0.164699	0.428555	0.139915
125.000000	0.218715	-0.396679	0.218715	0.369427	0.162723	0.400256	0.139981
130.000000	0.224380	-0.650470	0.224380	0.367502	0.165827	0.422497	0.142947
135.000000	0.222230	-0.603899	0.222230	0.361533	0.158808	0.421084	0.137266
140.000000	0.204087	-0.821810	0.204087	0.365260	0.167533	0.415702	0.134282
145.000000	0.160139	0.496645	0.160139	0.368247	0.168377	0.419344	0.139194
150.000000	0.208672	0.104207	0.208672	0.387062	0.168918	0.428232	0.140932
155.000000	0.222162	-1.141985	0.222162	0.383129	0.173721	0.416617	0.125617
160.000000	0.231909	-0.908987	0.231909	0.372069	0.174697	0.419195	0.133599
165.000000	0.243104	-1.043115	0.243104	0.380891	0.178332	0.420260	0.131008
170.000000	0.262052	-0.436860	0.262052	0.365629	0.162169	0.409171	0.143552
175.000000	0.256842	-1.097088	0.256842	0.377597	0.175818	0.423949	0.128626
180.000000	0.263123	-0.949290	0.263123	0.373809	0.175567	0.431117	0.133425
185.000000	0.273388	-0.332818	0.273388	0.369269	0.160465	0.406461	0.140941
190.000000	0.267775	-0.447399	0.267775	0.363262	0.161268	0.407398	0.143307
195.000000	0.255595	-0.809227	0.255595	0.367165	0.170873	0.427601	0.137366
200.000000	0.267954	-0.445244	0.267954	0.364677	0.158619	0.408926	0.141678
205.000000	0.273474	-0.499451	0.273474	0.366307	0.157780	0.416309	0.141112
210.000000	0.262608	0.361537	0.262608	0.388764	0.150080	0.427413	0.126708
215.000000	0.259090	-0.592357	0.259090	0.368274	0.166486	0.422819	0.146963
220.000000	0.268850	-0.286927	0.268850	0.369629	0.163945	0.404532	0.143169
225.000000	0.251183	-0.917565	0.251183	0.373449	0.171665	0.420171	0.130745
230.000000	0.269867	-0.055079	0.269867	0.378336	0.162076	0.421168	0.140885
235.000000	0.282471	-0.265953	0.282471	0.369213	0.159526	0.405903	0.139122
240.000000	0.292840	-0.301511	0.292840	0.368889	0.152874	0.403403	0.134978
245.000000	0.270816	-0.433610	0.270816	0.366685	0.161220	0.412378	0.142835
250.000000	0.252271	-1.317113	0.252271	0.371532	0.162038	0.423193	0.122832
255.000000	0.234763	-0.577263	0.234763	0.362048	0.162929	0.419290	0.147045
