0.000000	0.995862
5.000000	0.993999
10.000000	0.996077
15.000000	0.995522
20.000000	0.995717
25.000000	0.994931
30.000000	0.994908
35.000000	0.995122
40.000000	0.995897
45.000000	0.995959
50.000000	0.995576
55.000000	0.996487
60.000000	0.995491
65.000000	0.995468
70.000000	0.995146
75.000000	0.995801
80.000000	0.995783
85.000000	0.996481
90.000000	0.996866
95.000000	0.993709
100.000000	0.996777
105.000000	0.998336
110.000000	0.998768
115.000000	0.998987
120.000000	0.998597
125.000000	0.998333
130.000000	1.000000
135.000000	0.999120
140.000000	0.997933
145.000000	0.998576
150.000000	0.999902
155.000000	0.997774
160.000000	0.997513
165.000000	0.994829
170.000000	0.994522
175.000000	0.993782
180.000000	0.987769
185.000000	0.984534
190.000000	0.975701
195.000000	0.969249
200.000000	0.955178
205.000000	0.948989
210.000000	0.926548
215.000000	0.901608
220.000000	0.877635
225.000000	0.851501
230.000000	0.811448
235.000000	0.772771
240.000000	0.726932
245.000000	0.690063
250.000000	0.651198
255.000000	0.613679
