0.000000	0.999257
5.000000	1.000000
10.000000	0.998433
15.000000	0.997932
20.000000	0.999362
25.000000	0.998447
30.000000	0.998649
35.000000	0.997859
40.000000	0.997524
45.000000	0.999112
50.000000	0.998029
55.000000	0.998507
60.000000	0.997958
65.000000	0.998088
70.000000	0.999660
75.000000	0.997154
80.000000	0.994659
85.000000	0.993987
90.000000	0.992120
95.000000	0.990157
100.000000	0.988129
105.000000	0.985097
110.000000	0.981788
115.000000	0.978885
120.000000	0.978023
125.000000	0.972894
130.000000	0.967047
135.000000	0.963921
140.000000	0.958286
145.000000	0.953181
150.000000	0.942701
155.000000	0.930702
160.000000	0.922462
165.000000	0.908520
170.000000	0.895535
175.000000	0.885599
180.000000	0.865118
185.000000	0.838947
190.000000	0.814299
195.000000	0.794415
200.000000	0.757145
205.000000	0.716438
210.000000	0.672934
215.000000	0.629297
220.000000	0.577420
225.000000	0.521428
230.000000	0.456073
235.000000	0.397851
240.000000	0.336902
245.000000	0.291710
250.000000	0.251878
255.000000	0.225833
