0.000000	1.000000
5.000000	0.998590
10.000000	0.998331
15.000000	0.998010
20.000000	0.999131
25.000000	0.998402
30.000000	0.999615
35.000000	0.998578
40.000000	0.998557
45.000000	0.999068
50.000000	0.997780
55.000000	0.997849
60.000000	0.999396
65.000000	0.998826
70.000000	0.998361
75.000000	0.997925
80.000000	0.998983
85.000000	0.998496
90.000000	0.998073
95.000000	0.997704
100.000000	0.997472
105.000000	0.998496
110.000000	0.996398
115.000000	0.995628
120.000000	0.997153
125.000000	0.995622
130.000000	0.993969
135.000000	0.992851
140.000000	0.995659
145.000000	0.991254
150.000000	0.988289
155.000000	0.989705
160.000000	0.986797
165.000000	0.979564
170.000000	0.974288
175.000000	0.972170
180.000000	0.961117
185.000000	0.963963
190.000000	0.951577
195.000000	0.942216
200.000000	0.919208
205.000000	0.901974
210.000000	0.866737
215.000000	0.842983
220.000000	0.817616
225.000000	0.768853
230.000000	0.707097
235.000000	0.666483
240.000000	0.596747
245.000000	0.532018
250.000000	0.451391
255.000000	0.364299
