0.000000	0.999728
5.000000	0.999164
10.000000	0.997695
15.000000	0.996711
20.000000	0.997927
25.000000	0.999755
30.000000	0.997865
35.000000	0.997844
40.000000	0.999541
45.000000	0.998744
50.000000	1.000000
55.000000	0.998581
60.000000	0.999164
65.000000	0.998647
70.000000	0.999514
75.000000	0.997792
80.000000	0.996523
85.000000	0.993217
90.000000	0.989719
95.000000	0.989565
100.000000	0.983902
105.000000	0.978096
110.000000	0.975732
115.000000	0.967162
120.000000	0.961149
125.000000	0.954346
130.000000	0.949934
135.000000	0.937390
140.000000	0.924285
145.000000	0.916282
150.000000	0.899716
155.000000	0.888598
160.000000	0.869857
165.000000	0.845156
170.000000	0.831205
175.000000	0.805281
180.000000	0.769602
185.000000	0.734261
190.000000	0.710378
195.000000	0.665894
200.000000	0.616491
205.000000	0.569442
210.000000	0.512497
215.000000	0.454187
220.000000	0.392716
225.000000	0.335709
230.000000	0.276510
235.000000	0.228641
240.000000	0.184553
245.000000	0.157748
250.000000	0.160587
255.000000	0.196496
