0.000000	0.822345
5.000000	0.822519
10.000000	0.822630
15.000000	0.823332
20.000000	0.823503
25.000000	0.823797
30.000000	0.822622
35.000000	0.822922
40.000000	0.823505
45.000000	0.824017
50.000000	0.824153
55.000000	0.824138
60.000000	0.823569
65.000000	0.823459
70.000000	0.824116
75.000000	0.825421
80.000000	0.826482
85.000000	0.827831
90.000000	0.829434
95.000000	0.831448
100.000000	0.833151
105.000000	0.835394
110.000000	0.838969
115.000000	0.841848
120.000000	0.845196
125.000000	0.848737
130.000000	0.852963
135.000000	0.857786
140.000000	0.864089
145.000000	0.869717
150.000000	0.873549
155.000000	0.882217
160.000000	0.889058
165.000000	0.900349
170.000000	0.906225
175.000000	0.914765
180.000000	0.927150
185.000000	0.939596
190.000000	0.945414
195.000000	0.957295
200.000000	0.964819
205.000000	0.978879
210.000000	0.990125
215.000000	0.991513
220.000000	0.988876
225.000000	1.000000
230.000000	0.991451
235.000000	0.972789
240.000000	0.953237
245.000000	0.935959
250.000000	0.897827
255.000000	0.854285
