0.000000	0.000000	0.000000	0.000000	0.404454	0.280167	0.433712	0.286607
5.000000	0.022194	-0.022194	-1.493792	0.361863	0.249084	0.425514	0.271410
10.000000	0.026766	0.026766	-2.518658	0.363078	0.261153	0.420330	0.273307
15.000000	0.055802	0.055802	-2.642349	0.368666	0.279380	0.425349	0.282555
20.000000	0.063509	0.063509	-0.865333	0.377437	0.280634	0.414432	0.288199
25.000000	0.070816	0.070816	0.659281	0.359873	0.261868	0.414511	0.248844
30.000000	0.092083	0.092083	1.795043	0.380167	0.256208	0.406909	0.253216
35.000000	0.160477	0.160477	2.518563	0.358693	0.270787	0.409161	0.283889
40.000000	0.162539	0.162539	2.041140	0.375797	0.282441	0.407919	0.281464
45.000000	0.152679	0.152679	2.946118	0.372082	0.246522	0.414538	0.248274
50.000000	0.205840	0.205840	2.113240	0.377146	0.278492	0.403106	0.274327
55.000000	0.182930	0.182930	3.264997	0.383556	0.275611	0.395352	0.264780
60.000000	0.200365	0.200365	2.223016	0.384473	0.262083	0.400357	0.258712
65.000000	0.202219	0.202219	2.934079	0.373909	0.238098	0.409230	0.235243
70.000000	0.244235	0.244235	1.991729	0.377751	0.239100	0.385414	0.227037
75.000000	0.228058	0.228058	2.840207	0.357866	0.275161	0.413254	0.285306
80.000000	0.282850	0.282850	1.193750	0.361235	0.285146	0.402732	0.268493
85.000000	0.268857	0.268857	2.906833	0.372472	0.287037	0.404632	0.283452
90.000000	0.279531	0.279531	1.063334	0.359462	0.253089	0.411322	0.247982
95.000000	0.276938	0.276938	-0.592270	0.368487	0.270982	0.398960	0.274735
100.000000	0.284196	0.284196	-1.245257	0.353674	0.268551	0.411455	0.283324
105.000000	0.319864	0.319864	-1.356264	0.363212	0.276157	0.402691	0.275457
110.000000	0.331432	0.331432	-2.340618	0.376675	0.250762	0.390519	0.227880
115.000000	0.345150	0.345150	-3.450667	0.370856	0.273529	0.400685	0.252776
120.000000	0.363446	0.363446	-2.345916	0.379663	0.236740	0.390211	0.222004
125.000000	0.389210	0.389210	-1.389791	0.366211	0.261712	0.414898	0.283420
130.000000	0.306726	0.306726	-0.050047	0.372487	0.272013	0.390699	0.259922
135.000000	0.333138	0.333138	-1.279213	0.354148	0.267475	0.413963	0.290340
140.000000	0.347202	0.347202	-1.812495	0.372579	0.282242	0.403923	0.283913
145.000000	0.369501	0.369501	-2.200175	0.368509	0.285382	0.389512	0.280262
150.000000	0.383318	0.383318	-2.655524	0.365404	0.241903	0.392821	0.222711
155.000000	0.416485	0.416485	-2.142256	0.375089	0.261531	0.402081	0.263984
160.000000	0.407293	0.407293	-1.854322	0.383679	0.270622	0.409254	0.274593
165.000000	0.388167	0.388167	-1.292634	0.354591	0.264881	0.417096	0.289476
170.000000	0.413379	0.413379	-2.430871	0.372388	0.294544	0.396517	0.278225
175.000000	0.388114	0.388114	-2.197035	0.370663	0.281799	0.400453	0.282618
180.000000	0.410092	0.410092	-2.817917	0.359392	0.274007	0.397881	0.261847
185.000000	0.406938	0.406938	-2.723128	0.357649	0.287166	0.396642	0.271463
190.000000	0.421821	0.421821	-1.728403	0.380752	0.280167	0.412497	0.283784
195.000000	0.398050	0.398050	-2.500681	0.367211	0.282403	0.391574	0.262584
200.000000	0.403777	0.403777	-2.472231	0.365062	0.286500	0.390379	0.271154
205.000000	0.397503	0.397503	-1.479090	0.381076	0.285654	0.406097	0.285140
210.000000	0.417065	0.417065	-2.643731	0.358840	0.262521	0.390380	0.241937
215.000000	0.557484	0.557484	-2.107626	0.370588	0.260344	0.404777	0.264924
220.000000	0.368154	0.368154	-1.842048	0.378904	0.277040	0.408053	0.282095
225.000000	0.388546	0.388546	-1.250199	0.356268	0.269415	0.413932	0.290593
230.000000	0.438061	0.438061	-2.214404	0.368226	0.278503	0.406149	0.280912
235.000000	0.433685	0.433685	-0.866206	0.365360	0.284082	0.398384	0.290352
240.000000	0.402098	0.402098	-2.219131	0.371773	0.279790	0.408609	0.279824
245.000000	0.392247	0.392247	-0.667632	0.372814	0.284114	0.402048	0.287790
250.000000	0.366180	0.366180	-0.517805	0.369766	0.260742	0.401012	0.268303
255.000000	0.415308	0.415308	-1.777906	0.378033	0.276358	0.407730	0.281353
