0.000000	0.000000	0.000000	0.000000	0.420604	0.309472	0.469946	0.334382
5.000000	0.007622	0.007622	-1.696396	0.416439	0.300427	0.495834	0.305712
10.000000	0.033334	-0.033334	-1.191288	0.430581	0.334315	0.522767	0.348601
15.000000	0.056279	-0.056279	0.453390	0.425566	0.308544	0.465684	0.327093
20.000000	0.055805	-0.055805	-0.933480	0.432301	0.327121	0.507162	0.352704
25.000000	0.086710	-0.086710	0.421374	0.424865	0.311948	0.462781	0.326832
30.000000	0.076843	-0.076843	-0.973505	0.426878	0.312344	0.492549	0.328100
35.000000	0.087154	-0.087154	-1.817386	0.426993	0.322696	0.479830	0.319677
40.000000	0.090491	-0.090491	-1.152988	0.429398	0.326702	0.481171	0.327054
45.000000	0.089146	-0.089146	-0.612010	0.422219	0.295241	0.449559	0.297314
50.000000	0.124026	-0.124026	-1.245838	0.430229	0.329496	0.455002	0.318277
55.000000	0.138556	-0.138556	-0.632581	0.421136	0.300616	0.437803	0.299995
60.000000	0.111297	-0.111297	-0.457604	0.404977	0.264810	0.408384	0.266771
65.000000	0.140814	-0.140814	-0.589536	0.426870	0.318681	0.428566	0.311039
70.000000	0.138681	-0.138681	-1.217809	0.431781	0.330967	0.429992	0.310767
75.000000	0.140468	-0.140468	-0.935891	0.430777	0.321142	0.431124	0.313598
80.000000	0.159006	-0.159006	-1.647820	0.417272	0.306244	0.430139	0.293856
85.000000	0.154595	-0.154595	-0.612097	0.429897	0.322540	0.420122	0.316486
90.000000	0.176657	-0.176657	-0.665176	0.423992	0.313786	0.427748	0.316990
95.000000	0.157608	-0.157608	-1.090456	0.416139	0.293270	0.423428	0.296205
100.000000	0.169095	-0.169095	-0.928757	0.434758	0.332897	0.423055	0.321182
105.000000	0.193860	-0.193860	-1.833670	0.424836	0.324284	0.415352	0.312080
110.000000	0.194088	-0.194088	-1.070858	0.434801	0.331429	0.423686	0.321063
115.000000	0.185328	-0.185328	-1.582336	0.406352	0.239933	0.428171	0.248696
120.000000	0.198297	-0.198297	-1.208282	0.429282	0.324103	0.411328	0.314883
125.000000	0.212510	-0.212510	-1.024010	0.424081	0.310605	0.416530	0.310788
130.000000	0.201371	-0.201371	-0.975817	0.433868	0.332884	0.420009	0.325171
135.000000	0.187351	-0.187351	-0.879901	0.431680	0.326804	0.418439	0.325443
140.000000	0.199778	-0.199778	-1.317720	0.428035	0.317026	0.427801	0.320664
145.000000	0.220354	-0.220354	-1.532846	0.426030	0.327369	0.422874	0.327273
150.000000	0.216065	-0.216065	-0.782250	0.414441	0.280327	0.420088	0.308180
155.000000	0.218688	-0.218688	-1.178072	0.431289	0.324644	0.414660	0.321097
160.000000	0.206218	-0.206218	-0.996891	0.424757	0.309245	0.417035	0.313888
165.000000	0.193399	-0.193399	-0.989449	0.403459	0.268907	0.415749	0.294913
170.000000	0.228690	-0.228690	-1.776877	0.425834	0.322177	0.418082	0.325314
175.000000	0.228944	-0.228944	-1.531446	0.429920	0.330633	0.428398	0.334212
180.000000	0.246249	-0.246249	-0.902684	0.413364	0.238761	0.421317	0.266511
185.000000	0.240792	-0.240792	-0.654138	0.422089	0.313155	0.422020	0.331219
190.000000	0.261370	-0.261370	-0.942540	0.423330	0.311684	0.413684	0.314423
195.000000	0.252098	-0.252098	-1.278709	0.432726	0.330512	0.421377	0.331105
200.000000	0.242333	-0.242333	-1.098826	0.406935	0.281220	0.407508	0.299130
205.000000	0.234027	-0.234027	-1.016571	0.432366	0.329791	0.414381	0.325152
210.000000	0.214539	-0.214539	-0.742107	0.431230	0.326835	0.420153	0.334264
215.000000	0.235890	-0.235890	-1.029883	0.434659	0.333361	0.413970	0.326594
220.000000	0.260962	-0.260962	-0.409293	0.429147	0.326103	0.421365	0.336301
225.000000	0.241320	-0.241320	-1.238998	0.402423	0.237391	0.428102	0.275746
230.000000	0.224390	-0.224390	-0.749596	0.432063	0.325036	0.420509	0.330894
235.000000	0.227900	-0.227900	-1.409897	0.416274	0.309624	0.420992	0.318717
240.000000	0.224056	-0.224056	-0.963931	0.428520	0.322111	0.417336	0.324645
245.000000	0.218162	-0.218162	-0.263202	0.410306	0.296195	0.410196	0.317901
250.000000	0.228935	-0.228935	-0.975260	0.420082	0.300334	0.417191	0.312780
255.000000	0.227060	-0.227060	-0.886880	0.426863	0.313723	0.420164	0.320956
