0.000000	0.517294
5.000000	0.516042
10.000000	0.516956
15.000000	0.517303
20.000000	0.517292
25.000000	0.516666
30.000000	0.517366
35.000000	0.517242
40.000000	0.517560
45.000000	0.517395
50.000000	0.516856
55.000000	0.517434
60.000000	0.517612
65.000000	0.516095
70.000000	0.517770
75.000000	0.520839
80.000000	0.523384
85.000000	0.525959
90.000000	0.531061
95.000000	0.534427
100.000000	0.537142
105.000000	0.542635
110.000000	0.550220
115.000000	0.556480
120.000000	0.563445
125.000000	0.568188
130.000000	0.577809
135.000000	0.586357
140.000000	0.598435
145.000000	0.609756
150.000000	0.619310
155.000000	0.635150
160.000000	0.647350
165.000000	0.666530
170.000000	0.683057
175.000000	0.701453
180.000000	0.723537
185.000000	0.746871
190.000000	0.769991
195.000000	0.794154
200.000000	0.819226
205.000000	0.845996
210.000000	0.880383
215.000000	0.905418
220.000000	0.932714
225.000000	0.951911
230.000000	0.970963
235.000000	0.991480
240.000000	1.000000
245.000000	0.997606
250.000000	0.992082
255.000000	0.973906
