0.000000	0.996266
5.000000	0.996339
10.000000	1.000000
15.000000	0.997433
20.000000	0.998296
25.000000	0.996433
30.000000	0.997101
35.000000	0.997628
40.000000	0.997289
45.000000	0.997744
50.000000	0.999124
55.000000	0.999524
60.000000	0.998441
65.000000	0.997559
70.000000	0.999522
75.000000	0.993039
80.000000	0.986580
85.000000	0.983312
90.000000	0.977757
95.000000	0.968626
100.000000	0.960219
105.000000	0.956826
110.000000	0.944631
115.000000	0.935294
120.000000	0.919249
125.000000	0.907396
130.000000	0.899108
135.000000	0.879130
140.000000	0.858781
145.000000	0.839846
150.000000	0.819268
155.000000	0.801438
160.000000	0.774003
165.000000	0.739938
170.000000	0.714169
175.000000	0.686881
180.000000	0.644465
185.000000	0.599067
190.000000	0.574984
195.000000	0.529671
200.000000	0.477363
205.000000	0.434781
210.000000	0.388888
215.000000	0.339819
220.000000	0.292957
225.000000	0.256795
230.000000	0.223261
235.000000	0.204377
240.000000	0.186036
245.000000	0.180128
250.000000	0.197926
255.000000	0.222779
