0.000000	0.501677
5.000000	0.500752
10.000000	0.501502
15.000000	0.502003
20.000000	0.501757
25.000000	0.502024
30.000000	0.501836
35.000000	0.501105
40.000000	0.501436
45.000000	0.501178
50.000000	0.500960
55.000000	0.501421
60.000000	0.501731
65.000000	0.501749
70.000000	0.501851
75.000000	0.504017
80.000000	0.506350
85.000000	0.507818
90.000000	0.511660
95.000000	0.513802
100.000000	0.517756
105.000000	0.521839
110.000000	0.526038
115.000000	0.531131
120.000000	0.537569
125.000000	0.543495
130.000000	0.549138
135.000000	0.557628
140.000000	0.567296
145.000000	0.575533
150.000000	0.585116
155.000000	0.599557
160.000000	0.611183
165.000000	0.626616
170.000000	0.641465
175.000000	0.658973
180.000000	0.680968
185.000000	0.702453
190.000000	0.721811
195.000000	0.747736
200.000000	0.775050
205.000000	0.800202
210.000000	0.834409
215.000000	0.868658
220.000000	0.893748
225.000000	0.916237
230.000000	0.950084
235.000000	0.973008
240.000000	0.983589
245.000000	0.988654
250.000000	1.000000
255.000000	0.987538
