0.000000	0.000000	0.000000	0.000000	0.425409	0.127762	0.443693	0.101185
5.000000	0.059849	-0.059849	-1.021295	0.424339	0.128982	0.490136	0.119897
10.000000	0.079361	-0.079361	-0.248527	0.449247	0.119651	0.444155	0.091884
15.000000	0.066346	-0.066346	0.075378	0.435886	0.122328	0.448082	0.098449
20.000000	0.101537	-0.101537	0.706197	0.436801	0.108659	0.488255	0.096890
25.000000	0.116741	-0.116741	0.947212	0.441424	0.113681	0.473498	0.103446
30.000000	0.149606	-0.149606	0.024087	0.441653	0.118648	0.447177	0.098052
35.000000	0.171351	-0.171351	0.021754	0.433937	0.113059	0.456159	0.098848
40.000000	0.188161	-0.188161	0.457290	0.432046	0.110270	0.471192	0.096925
45.000000	0.190427	-0.190427	0.733883	0.429580	0.109578	0.469062	0.099507
50.000000	0.244251	-0.244251	0.243517	0.433592	0.114860	0.460310	0.103922
55.000000	0.277363	-0.277363	-0.297475	0.446374	0.123504	0.446672	0.121900
60.000000	0.295390	-0.295390	-0.876847	0.436347	0.124581	0.472930	0.130228
65.000000	0.316762	-0.316762	-0.811998	0.431722	0.124494	0.465754	0.132113
70.000000	0.265835	-0.265835	-1.427993	0.436375	0.136121	0.442977	0.139004
75.000000	0.258782	-0.258782	-1.387030	0.415596	0.111140	0.442745	0.123261
80.000000	0.339469	-0.339469	-0.443369	0.443808	0.087904	0.456692	0.100079
85.000000	0.302333	-0.302333	-1.241569	0.411688	0.128276	0.438125	0.140129
90.000000	0.331446	-0.331446	-1.024186	0.430149	0.122394	0.451188	0.135811
95.000000	0.312742	-0.312742	-1.275897	0.405890	0.119659	0.438932	0.137446
100.000000	0.324590	-0.324590	-1.138081	0.423143	0.131166	0.439357	0.145811
105.000000	0.317927	-0.317927	-1.578524	0.422893	0.131495	0.426781	0.143718
110.000000	0.393419	-0.393419	-0.391474	0.451184	0.116063	0.446712	0.135361
115.000000	0.378702	-0.378702	-0.798370	0.446124	0.117880	0.464608	0.138634
120.000000	0.430665	-0.430665	0.225204	0.424633	0.106390	0.457045	0.112491
125.000000	0.452256	-0.452256	-0.107358	0.434131	0.109854	0.429659	0.128559
130.000000	0.446641	-0.446641	-0.248685	0.441763	0.101433	0.444103	0.126415
135.000000	0.439688	-0.439688	-0.282061	0.426960	0.114673	0.446226	0.139206
140.000000	0.431645	-0.431645	0.606391	0.421139	0.116806	0.463292	0.119478
145.000000	0.482974	-0.482974	-0.119715	0.429996	0.086998	0.443157	0.110162
150.000000	0.474307	-0.474307	0.461147	0.430380	0.106122	0.464710	0.108016
155.000000	0.469482	-0.469482	-0.396992	0.432787	0.105834	0.445129	0.131101
160.000000	0.489609	-0.489609	-0.158145	0.429112	0.111946	0.441282	0.137654
165.000000	0.438074	-0.438074	-0.608653	0.448217	0.120978	0.452115	0.146036
170.000000	0.445663	-0.445663	-0.686759	0.447695	0.104943	0.462283	0.131953
175.000000	0.478428	-0.478428	-0.319205	0.435323	0.108253	0.445599	0.137238
180.000000	0.478303	-0.478303	-0.309875	0.430891	0.112347	0.448498	0.143546
185.000000	0.481671	-0.481671	-0.026736	0.424533	0.101422	0.437145	0.123093
190.000000	0.429391	-0.429391	-0.744168	0.448381	0.126173	0.453258	0.149958
195.000000	0.439578	-0.439578	-0.507043	0.441412	0.116303	0.446242	0.142045
200.000000	0.467010	-0.467010	-0.250639	0.427582	0.113315	0.446458	0.143386
205.000000	0.476010	-0.476010	-0.136533	0.423653	0.110391	0.434978	0.137632
210.000000	0.470913	-0.470913	-0.271366	0.429405	0.108380	0.443554	0.139886
215.000000	0.463008	-0.463008	-0.500761	0.445679	0.119888	0.449385	0.147404
220.000000	0.479102	-0.479102	-0.191345	0.430928	0.114628	0.442415	0.141557
225.000000	0.457303	-0.457303	0.580612	0.429882	0.117282	0.466838	0.122866
230.000000	0.460866	-0.460866	-0.330147	0.433705	0.118358	0.445808	0.143960
235.000000	0.475974	-0.475974	-0.457572	0.436120	0.114664	0.443385	0.141662
240.000000	0.473801	-0.473801	0.919815	0.436514	0.124401	0.469627	0.120868
245.000000	0.480690	-0.480690	-0.030397	0.430246	0.105562	0.432811	0.130889
250.000000	0.482379	-0.482379	-0.092532	0.425536	0.110534	0.425861	0.138387
255.000000	0.448444	-0.448444	-0.635611	0.444528	0.122175	0.451791	0.148745
