0.000000	0.638201
5.000000	0.638107
10.000000	0.638125
15.000000	0.638337
20.000000	0.638354
25.000000	0.638449
30.000000	0.638361
35.000000	0.638096
40.000000	0.638729
45.000000	0.638453
50.000000	0.638300
55.000000	0.638325
60.000000	0.638213
65.000000	0.638303
70.000000	0.638570
75.000000	0.639393
80.000000	0.640741
85.000000	0.641833
90.000000	0.643558
95.000000	0.645286
100.000000	0.647274
105.000000	0.649301
110.000000	0.652353
115.000000	0.654939
120.000000	0.658100
125.000000	0.661790
130.000000	0.665795
135.000000	0.671190
140.000000	0.676915
145.000000	0.682079
150.000000	0.689288
155.000000	0.697164
160.000000	0.705578
165.000000	0.717047
170.000000	0.725375
175.000000	0.737149
180.000000	0.750091
185.000000	0.766427
190.000000	0.784736
195.000000	0.798881
200.000000	0.816882
205.000000	0.842137
210.000000	0.862954
215.000000	0.891833
220.000000	0.908454
225.000000	0.924584
230.000000	0.956421
235.000000	0.974940
240.000000	0.981798
245.000000	0.984659
250.000000	1.000000
255.000000	0.989510
