0.000000	0.000000	0.000000	0.000000	0.441537	0.113457	0.499342	0.133975
5.000000	0.053224	-0.456712	0.053224	0.424360	0.127062	0.495096	0.134872
10.000000	0.001038	0.160714	-0.001038	0.426940	0.119608	0.477178	0.143392
15.000000	0.027082	0.276669	0.027082	0.436294	0.127653	0.463933	0.146538
20.000000	0.044443	0.905085	-0.044443	0.439851	0.136478	0.473877	0.123184
25.000000	0.146916	-0.155077	0.146916	0.410171	0.122817	0.483255	0.146186
30.000000	0.142759	-0.011914	0.142759	0.432007	0.131644	0.468560	0.142143
35.000000	0.205538	-0.364896	0.205538	0.436840	0.130824	0.481495	0.146487
40.000000	0.208083	-0.183598	0.208083	0.421977	0.121259	0.466001	0.137595
45.000000	0.304881	-0.647871	0.304881	0.432315	0.125158	0.468031	0.129541
50.000000	0.186791	0.325497	0.186791	0.427102	0.120685	0.450533	0.138048
55.000000	0.250756	-0.047746	0.250756	0.423839	0.114306	0.454469	0.139504
60.000000	0.220933	0.348827	0.220933	0.439250	0.126223	0.454628	0.143818
65.000000	0.415223	-0.893186	0.415223	0.452493	0.122011	0.436435	0.114855
70.000000	0.342833	-0.266647	0.342833	0.437425	0.128815	0.442554	0.143202
75.000000	0.408849	-0.716982	0.408849	0.448724	0.130883	0.438876	0.131301
80.000000	0.368872	-0.219876	0.368872	0.426249	0.104535	0.427810	0.123729
85.000000	0.297137	0.445760	0.297137	0.445821	0.097140	0.463437	0.111472
90.000000	0.342983	0.032124	0.342983	0.426706	0.074319	0.440609	0.097451
95.000000	0.454106	-1.369799	0.454106	0.436122	0.135620	0.434036	0.102722
100.000000	0.423908	-0.320820	0.423908	0.433909	0.128332	0.426805	0.147119
105.000000	0.352217	0.484529	0.352217	0.441128	0.112572	0.453903	0.125603
110.000000	0.367662	0.327971	0.367662	0.430720	0.120670	0.445673	0.140823
115.000000	0.351998	0.376687	0.351998	0.430037	0.121504	0.444184	0.139469
120.000000	0.492528	-0.846416	0.492528	0.454433	0.117142	0.422764	0.121218
125.000000	0.424111	-0.041281	0.424111	0.424095	0.126448	0.428812	0.148723
130.000000	0.410630	0.182774	0.410630	0.426096	0.112805	0.436370	0.135560
135.000000	0.533173	-0.866799	0.533173	0.455300	0.124910	0.417426	0.127446
140.000000	0.464481	-0.120996	0.464481	0.426845	0.099405	0.421093	0.121938
145.000000	0.512920	-0.450215	0.512920	0.429880	0.110525	0.424865	0.127994
150.000000	0.413116	1.253673	0.413116	0.438538	0.124806	0.477102	0.110951
155.000000	0.443656	0.086356	0.443656	0.419739	0.116550	0.430689	0.138495
160.000000	0.561519	-0.878780	0.561519	0.443326	0.128959	0.419879	0.132937
165.000000	0.459615	0.416374	0.459615	0.415159	0.116139	0.440742	0.134801
170.000000	0.422383	0.328323	0.422383	0.434946	0.118276	0.441419	0.137395
175.000000	0.440939	0.416778	0.440939	0.415104	0.116215	0.441569	0.134782
180.000000	0.458123	0.160705	0.458123	0.429930	0.121900	0.433859	0.142716
185.000000	0.556751	-0.555435	0.556751	0.432246	0.112527	0.429033	0.129943
190.000000	0.448702	0.736473	0.448702	0.438615	0.119036	0.450208	0.123264
195.000000	0.414310	0.316179	0.414310	0.418685	0.097160	0.444515	0.118088
200.000000	0.426508	1.078543	0.426508	0.445215	0.115832	0.463915	0.105501
205.000000	0.478603	1.318386	0.478603	0.425257	0.127887	0.480249	0.117155
210.000000	0.455413	1.128816	0.455413	0.436678	0.127393	0.455309	0.118615
215.000000	0.471717	1.468253	0.471717	0.415523	0.126979	0.483026	0.110950
220.000000	0.418566	0.913667	0.418566	0.443719	0.119373	0.457331	0.119833
225.000000	0.392510	0.728840	0.392510	0.432784	0.118844	0.443572	0.127480
230.000000	0.430451	0.237864	0.430451	0.412481	0.119416	0.439343	0.144488
235.000000	0.383775	0.795024	0.383775	0.432472	0.106712	0.460710	0.112833
240.000000	0.417903	0.122228	0.417903	0.403180	0.111160	0.436454	0.139218
245.000000	0.401667	0.657098	0.401667	0.423563	0.115596	0.448086	0.128813
250.000000	0.564876	-0.684910	0.564876	0.448061	0.125892	0.435097	0.140455
255.000000	0.446323	-2.518607	0.446323	0.427231	0.129185	0.480992	0.107082
