0.000000	0.000000	0.000000	0.000000	0.432926	0.130971	0.451235	0.129432
5.000000	0.008025	0.008025	-1.074356	0.465343	0.139840	0.471842	0.102800
10.000000	0.071427	-0.071427	-2.895324	0.418322	0.111811	0.451478	0.116618
15.000000	0.001896	0.001896	-3.923171	0.437178	0.116564	0.436996	0.113058
20.000000	0.005442	-0.005442	-4.253819	0.445030	0.131924	0.442150	0.117832
25.000000	0.127557	-0.127557	-2.869959	0.430050	0.111001	0.443383	0.108827
30.000000	0.167475	-0.167475	-2.719734	0.429073	0.091411	0.457323	0.083557
35.000000	0.087426	-0.087426	-4.040381	0.436931	0.129872	0.434818	0.124673
40.000000	0.166357	-0.166357	-5.720720	0.428045	0.131215	0.473850	0.101255
45.000000	0.066661	-0.066661	-4.231867	0.443628	0.131549	0.419063	0.114728
50.000000	0.165748	-0.165748	-2.541656	0.448972	0.131765	0.432891	0.112037
55.000000	0.155225	-0.155225	-3.472842	0.430417	0.114218	0.433020	0.118362
60.000000	0.071638	-0.071638	-4.386935	0.445351	0.131488	0.423967	0.113829
65.000000	0.097022	-0.097022	-4.104038	0.437139	0.109840	0.420226	0.106095
70.000000	0.110950	-0.110950	-4.223221	0.437347	0.129588	0.424237	0.119507
75.000000	0.077447	-0.077447	-4.851234	0.457947	0.142507	0.437301	0.110160
80.000000	0.092231	-0.092231	-4.616586	0.456672	0.132970	0.431828	0.111056
85.000000	1.750310	1.750310	-4.676259	0.448172	0.117956	0.423265	0.106694
90.000000	0.107668	-0.107668	-4.671675	0.451827	0.140346	0.426529	0.118421
95.000000	0.177206	-0.177206	-3.536666	0.436236	0.118925	0.415587	0.125981
100.000000	0.168625	-0.168625	-3.768155	0.430540	0.120320	0.418790	0.133008
105.000000	0.114569	-0.114569	-4.415782	0.444817	0.134055	0.413889	0.123815
110.000000	0.167866	-0.167866	-3.622601	0.434379	0.111742	0.414628	0.126867
115.000000	0.145495	-0.145495	-3.848960	0.440988	0.106080	0.416161	0.123020
120.000000	0.128185	-0.128185	-4.270892	0.437453	0.133805	0.419497	0.131282
125.000000	0.132627	-0.132627	-4.570906	0.451092	0.133491	0.432381	0.124018
130.000000	0.170002	-0.170002	-3.934120	0.431909	0.123954	0.409151	0.140684
135.000000	0.186178	-0.186178	-3.667904	0.438826	0.101030	0.414772	0.121773
140.000000	0.162875	-0.162875	-4.397484	0.440178	0.135520	0.420646	0.131696
145.000000	0.229014	-0.229014	-3.393013	0.429117	0.115513	0.412010	0.133028
150.000000	0.183518	-0.183518	-3.809949	0.441789	0.100077	0.412290	0.122846
155.000000	0.182526	-0.182526	-3.561790	0.440316	0.120116	0.411115	0.138805
160.000000	0.171653	-0.171653	-3.929212	0.437517	0.126919	0.414683	0.148586
165.000000	0.162116	-0.162116	-4.252882	0.436499	0.132944	0.426241	0.139174
170.000000	0.186161	-0.186161	-4.327271	0.438131	0.130553	0.422023	0.135595
175.000000	0.278476	-0.278476	-3.546602	0.425285	0.104024	0.418424	0.128702
180.000000	0.275888	-0.275888	-2.861716	0.439969	0.121631	0.394210	0.130382
185.000000	0.171876	-0.171876	-4.750727	0.443701	0.136292	0.430014	0.127190
190.000000	0.192419	-0.192419	-3.893846	0.438573	0.122593	0.414720	0.146018
195.000000	0.160217	-0.160217	-3.830814	0.437238	0.061363	0.428351	0.082438
200.000000	0.152661	-0.152661	-4.271000	0.434459	0.125818	0.418949	0.134035
205.000000	0.257607	-0.257607	-3.168541	0.424202	0.120139	0.398835	0.132297
210.000000	0.143331	-0.143331	-4.426938	0.443780	0.133862	0.427017	0.132924
215.000000	0.247843	-0.247843	-3.230746	0.424860	0.119881	0.399705	0.134972
220.000000	0.167367	-0.167367	-4.514625	0.453822	0.133808	0.436184	0.129736
225.000000	0.229880	-0.229880	-3.207204	0.433001	0.119905	0.402463	0.130869
230.000000	0.205565	-0.205565	-3.520242	0.438183	0.117095	0.415740	0.138605
235.000000	0.182250	-0.182250	-3.810340	0.432952	0.114147	0.414209	0.142251
240.000000	0.163585	-0.163585	-3.935582	0.448838	0.088377	0.422719	0.110981
245.000000	0.162910	-0.162910	-4.691391	0.450820	0.135644	0.421276	0.123921
250.000000	0.190161	-0.190161	-4.010614	0.436185	0.127725	0.409697	0.146163
255.000000	0.233368	-0.233368	-3.454929	0.424174	0.109222	0.416258	0.132470
