0.000000	0.552021
5.000000	0.551949
10.000000	0.550651
15.000000	0.551180
20.000000	0.551817
25.000000	0.549778
30.000000	0.551084
35.000000	0.551983
40.000000	0.552195
45.000000	0.550821
50.000000	0.551875
55.000000	0.552503
60.000000	0.551192
65.000000	0.551910
70.000000	0.551852
75.000000	0.555273
80.000000	0.557659
85.000000	0.560146
90.000000	0.564410
95.000000	0.568249
100.000000	0.572621
105.000000	0.576673
110.000000	0.583249
115.000000	0.589328
120.000000	0.595809
125.000000	0.602670
130.000000	0.609149
135.000000	0.618202
140.000000	0.629481
145.000000	0.640828
150.000000	0.648153
155.000000	0.663815
160.000000	0.678493
165.000000	0.693999
170.000000	0.708256
175.000000	0.727508
180.000000	0.748320
185.000000	0.769636
190.000000	0.789431
195.000000	0.812447
200.000000	0.837646
205.000000	0.860787
210.000000	0.888529
215.000000	0.909840
220.000000	0.937809
225.000000	0.956219
230.000000	0.976555
235.000000	0.986976
240.000000	0.993647
245.000000	1.000000
250.000000	0.993620
255.000000	0.979373
