0.000000	0.000000	0.000000	0.000000	0.432283	0.284762	0.480197	0.319549
5.000000	0.005854	-0.332602	0.005854	0.422488	0.289590	0.479198	0.313819
10.000000	0.024206	0.142775	0.024206	0.429500	0.286840	0.485024	0.324299
15.000000	0.005147	0.917562	-0.005147	0.427566	0.293095	0.501197	0.301628
20.000000	0.027179	-0.273240	0.027179	0.425549	0.276749	0.462278	0.299189
25.000000	0.015213	0.317648	0.015213	0.412374	0.274820	0.465181	0.301033
30.000000	0.030854	0.074556	0.030854	0.431731	0.285202	0.461307	0.310310
35.000000	0.074633	-0.256068	0.074633	0.420516	0.269777	0.436819	0.273803
40.000000	0.090273	0.595843	0.090273	0.417339	0.292603	0.456415	0.292876
45.000000	0.003982	0.191354	0.003982	0.430262	0.292383	0.433789	0.300738
50.000000	0.047468	0.653590	0.047468	0.405878	0.265987	0.417973	0.255984
55.000000	0.080223	0.164889	0.080223	0.430422	0.286781	0.414502	0.290279
60.000000	0.077374	0.668799	0.077374	0.421358	0.299491	0.422761	0.279914
65.000000	0.110964	0.313906	0.110964	0.415830	0.267139	0.413845	0.272584
70.000000	0.117583	0.509867	0.117583	0.412944	0.281945	0.406923	0.272780
75.000000	0.165670	0.218119	0.165670	0.433768	0.288668	0.405923	0.286081
80.000000	0.128281	0.688180	0.128281	0.417621	0.294489	0.413088	0.280090
85.000000	0.120154	0.471444	0.120154	0.413320	0.288878	0.403218	0.287044
90.000000	0.143494	1.137892	0.143494	0.410934	0.250388	0.425069	0.234854
95.000000	0.163852	1.282558	0.163852	0.419197	0.287429	0.412531	0.260741
100.000000	0.171795	0.286832	0.171795	0.427839	0.288645	0.404180	0.291190
105.000000	0.186647	0.348135	0.186647	0.422261	0.275423	0.406847	0.286716
110.000000	0.148104	0.808013	0.148104	0.424577	0.299021	0.419412	0.293301
115.000000	0.195019	0.143899	0.195019	0.432994	0.279751	0.403522	0.291625
120.000000	0.202420	0.444534	0.202420	0.423346	0.285790	0.401905	0.289793
125.000000	0.207984	0.810666	0.207984	0.417820	0.293744	0.418563	0.292018
130.000000	0.191021	0.846843	0.191021	0.416222	0.286062	0.419366	0.289382
135.000000	0.176518	0.378892	0.176518	0.426695	0.294690	0.400129	0.297897
140.000000	0.283985	-0.419920	0.283985	0.422023	0.286107	0.403288	0.304487
145.000000	0.228073	-0.338187	0.228073	0.424470	0.226702	0.396867	0.255966
150.000000	0.246769	-0.553765	0.246769	0.427357	0.289770	0.403908	0.305795
155.000000	0.232046	0.753361	0.232046	0.410783	0.289446	0.411893	0.290258
160.000000	0.237096	0.753861	0.237096	0.410651	0.284922	0.411402	0.289213
165.000000	0.234410	0.537011	0.234410	0.400279	0.197903	0.414549	0.226866
170.000000	0.246508	0.249008	0.246508	0.427929	0.284366	0.401364	0.299499
175.000000	0.244667	0.283132	0.244667	0.428229	0.292854	0.397962	0.301555
180.000000	0.264628	-0.511742	0.264628	0.424746	0.289986	0.404165	0.310642
185.000000	0.244432	0.461248	0.244432	0.420957	0.292032	0.395086	0.298105
190.000000	0.255344	-0.223055	0.255344	0.419677	0.265426	0.406373	0.295043
195.000000	0.266415	0.148397	0.266415	0.428380	0.285749	0.400178	0.304716
200.000000	0.273837	-0.528870	0.273837	0.426546	0.291670	0.410713	0.316586
205.000000	0.245557	-0.161852	0.245557	0.418261	0.284982	0.412719	0.316950
210.000000	0.231434	0.247091	0.231434	0.430211	0.290036	0.398557	0.302416
215.000000	0.253846	0.614083	0.253846	0.397181	0.251377	0.408527	0.268930
220.000000	0.248859	0.157977	0.248859	0.432290	0.291565	0.400394	0.306415
225.000000	0.240567	0.599418	0.240567	0.418901	0.295403	0.402767	0.296421
230.000000	0.261007	0.623471	0.261007	0.397304	0.224757	0.413444	0.249782
235.000000	0.260249	1.047664	0.260249	0.425520	0.295142	0.420435	0.292280
240.000000	0.261583	1.519633	0.261583	0.418188	0.287260	0.412338	0.289956
245.000000	0.262043	1.351166	0.262043	0.415017	0.275529	0.415950	0.275961
250.000000	0.249196	1.386659	0.249196	0.420073	0.284230	0.419621	0.282047
255.000000	0.236235	0.188909	0.236235	0.421883	0.254217	0.391241	0.277936
