0.000000	0.998826
5.000000	0.999091
10.000000	0.999148
15.000000	0.998935
20.000000	0.998938
25.000000	0.999212
30.000000	0.999455
35.000000	0.999496
40.000000	0.999598
45.000000	0.999794
50.000000	0.999947
55.000000	0.999527
60.000000	1.000000
65.000000	0.999634
70.000000	0.999559
75.000000	0.999519
80.000000	0.999935
85.000000	0.999851
90.000000	0.999785
95.000000	0.999183
100.000000	0.999110
105.000000	0.999590
110.000000	0.999340
115.000000	0.999508
120.000000	0.998760
125.000000	0.998903
130.000000	0.999457
135.000000	0.999286
140.000000	0.999509
145.000000	0.999076
150.000000	0.998332
155.000000	0.996844
160.000000	0.995456
165.000000	0.994843
170.000000	0.993241
175.000000	0.988394
180.000000	0.981858
185.000000	0.981257
190.000000	0.972645
195.000000	0.964542
200.000000	0.948476
205.000000	0.929195
210.000000	0.916379
215.000000	0.890300
220.000000	0.854485
225.000000	0.823307
230.000000	0.788262
235.000000	0.737792
240.000000	0.675155
245.000000	0.635767
250.000000	0.579894
255.000000	0.524802
