0.000000	0.000000	0.000000	0.000000	0.388787	0.351266	0.403873	0.367602
5.000000	0.061162	0.061162	0.039037	0.391109	0.351930	0.403219	0.367148
10.000000	0.104296	0.104296	0.040956	0.390639	0.349651	0.398217	0.361490
15.000000	0.134369	0.134369	0.087971	0.391080	0.349554	0.396466	0.360257
20.000000	0.178457	0.178457	0.195904	0.385728	0.349666	0.385399	0.356700
25.000000	0.212789	0.212789	0.267558	0.392971	0.358441	0.388691	0.365199
30.000000	0.250934	0.250934	0.343537	0.381814	0.351065	0.396490	0.378626
35.000000	0.272336	0.272336	0.385805	0.382259	0.351816	0.406450	0.389495
40.000000	0.285224	0.285224	0.358345	0.385862	0.352685	0.414080	0.394140
45.000000	0.306357	0.306357	0.320815	0.382591	0.345536	0.424684	0.399714
50.000000	0.330143	0.330143	0.416320	0.383087	0.351028	0.427098	0.409924
55.000000	0.343946	0.343946	0.509333	0.381386	0.354141	0.427084	0.417281
60.000000	0.355674	0.355674	0.526238	0.381096	0.353710	0.430622	0.420020
65.000000	0.369044	0.369044	0.571631	0.378537	0.353117	0.429688	0.423070
70.000000	0.378027	0.378027	0.639072	0.386044	0.361714	0.428236	0.427484
75.000000	0.390847	0.390847	0.685048	0.376849	0.354959	0.429693	0.429877
80.000000	0.401148	0.401148	0.651995	0.383729	0.359178	0.432191	0.431202
85.000000	0.409245	0.409245	0.561665	0.379176	0.351117	0.435879	0.429279
90.000000	0.412944	0.412944	0.485386	0.376160	0.343577	0.439257	0.426760
95.000000	0.413670	0.413670	0.429423	0.380758	0.342993	0.441414	0.425439
100.000000	0.419600	0.419600	0.456105	0.376590	0.341954	0.440669	0.426477
105.000000	0.422336	0.422336	0.345605	0.389283	0.345466	0.444588	0.423043
110.000000	0.429281	0.429281	0.338872	0.381485	0.338249	0.445046	0.422719
115.000000	0.437836	0.437836	0.334921	0.385066	0.340664	0.444775	0.423077
120.000000	0.442896	0.442896	0.358456	0.380318	0.337513	0.444057	0.424349
125.000000	0.439556	0.439556	0.461522	0.379662	0.342628	0.440655	0.427767
130.000000	0.443484	0.443484	0.520005	0.377045	0.343644	0.437751	0.430376
135.000000	0.451876	0.451876	0.480751	0.372578	0.336601	0.439504	0.428925
140.000000	0.460076	0.460076	0.467471	0.380393	0.342130	0.440307	0.428583
145.000000	0.463119	0.463119	0.459345	0.375294	0.337948	0.440183	0.428280
150.000000	0.462553	0.462553	0.454812	0.384187	0.344998	0.440209	0.428629
155.000000	0.462203	0.462203	0.458699	0.374064	0.335845	0.440108	0.428287
160.000000	0.461894	0.461894	0.449918	0.382645	0.343119	0.440373	0.428147
165.000000	0.467133	0.467133	0.449292	0.378418	0.339162	0.440159	0.428139
170.000000	0.471765	0.471765	0.394425	0.386466	0.342718	0.441966	0.426799
175.000000	0.469540	0.469540	0.346238	0.383150	0.338006	0.442981	0.425149
180.000000	0.471431	0.471431	0.318642	0.386269	0.338355	0.443766	0.424107
185.000000	0.477983	0.477983	0.261648	0.382633	0.331907	0.445772	0.422140
190.000000	0.485402	0.485402	0.315176	0.382447	0.334718	0.443787	0.424288
195.000000	0.483372	0.483372	0.435957	0.381868	0.341094	0.440066	0.427968
200.000000	0.480822	0.480822	0.466482	0.385103	0.345969	0.438822	0.428848
205.000000	0.484048	0.484048	0.463950	0.377826	0.339214	0.439194	0.428762
210.000000	0.488983	0.488983	0.467848	0.379211	0.340182	0.438662	0.429069
215.000000	0.489501	0.489501	0.480893	0.381598	0.342995	0.438548	0.429051
220.000000	0.488336	0.488336	0.484508	0.377982	0.340640	0.438037	0.429507
225.000000	0.484563	0.484563	0.549202	0.378364	0.344526	0.435282	0.431798
230.000000	0.487929	0.487929	0.557000	0.376505	0.344604	0.434412	0.432355
235.000000	0.491137	0.491137	0.622836	0.380412	0.351132	0.434129	0.432630
240.000000	0.489630	0.489630	0.619121	0.371217	0.343241	0.434125	0.432668
245.000000	0.488678	0.488678	0.547774	0.377185	0.343569	0.434844	0.432199
250.000000	0.488894	0.488894	0.490253	0.383125	0.345365	0.437709	0.430007
255.000000	0.490633	0.490633	0.463217	0.376212	0.337596	0.439048	0.428694
