0.000000	0.404246
5.000000	0.402867
10.000000	0.402311
15.000000	0.402453
20.000000	0.403300
25.000000	0.403876
30.000000	0.402782
35.000000	0.402890
40.000000	0.402736
45.000000	0.404119
50.000000	0.404240
55.000000	0.402366
60.000000	0.401760
65.000000	0.403895
70.000000	0.401586
75.000000	0.398802
80.000000	0.396501
85.000000	0.394300
90.000000	0.388532
95.000000	0.384705
100.000000	0.379930
105.000000	0.375910
110.000000	0.369743
115.000000	0.363852
120.000000	0.360612
125.000000	0.352769
130.000000	0.343605
135.000000	0.335721
140.000000	0.327247
145.000000	0.322928
150.000000	0.313704
155.000000	0.305853
160.000000	0.295586
165.000000	0.285547
170.000000	0.281918
175.000000	0.273544
180.000000	0.269580
185.000000	0.262463
190.000000	0.258329
195.000000	0.266375
200.000000	0.272091
205.000000	0.281241
210.000000	0.306516
215.000000	0.338774
220.000000	0.373541
225.000000	0.420253
230.000000	0.492841
235.000000	0.566651
240.000000	0.660271
245.000000	0.748394
250.000000	0.874862
255.000000	1.000000
