0.000000	0.000000	0.000000	0.000000	0.376707	0.359073	0.408484	0.398926
5.000000	0.012587	-0.716487	-0.012587	0.366090	0.347308	0.381632	0.362892
10.000000	0.085089	-0.206566	-0.085089	0.381060	0.356337	0.404072	0.396242
15.000000	0.077533	-0.078435	-0.077533	0.379226	0.352386	0.405888	0.397007
20.000000	0.034267	-0.550943	-0.034267	0.363946	0.344238	0.385491	0.366058
25.000000	0.071318	-0.604111	-0.071318	0.363720	0.348907	0.378580	0.361150
30.000000	0.091411	-0.512795	-0.091411	0.362840	0.339506	0.391909	0.366954
35.000000	0.145851	-0.283810	-0.145851	0.381563	0.363693	0.401463	0.378246
40.000000	0.114694	-0.552201	-0.114694	0.364403	0.351749	0.395231	0.365834
45.000000	0.115967	-1.773728	-0.115967	0.369179	0.356833	0.411957	0.364989
50.000000	0.072469	-0.460807	-0.072469	0.363575	0.349717	0.407099	0.368710
55.000000	0.071195	-1.061288	-0.071195	0.391929	0.374790	0.418659	0.355811
60.000000	0.088981	-0.472302	-0.088981	0.368136	0.354861	0.414806	0.363417
65.000000	0.093138	-0.424449	-0.093138	0.367797	0.323252	0.418098	0.333549
70.000000	0.073175	0.328824	-0.073175	0.382455	0.358815	0.414133	0.344114
75.000000	0.055366	-0.172002	-0.055366	0.378855	0.360533	0.417130	0.353411
80.000000	0.087814	-1.164766	-0.087814	0.403376	0.379424	0.424038	0.338401
85.000000	0.083302	-0.802901	-0.083302	0.372850	0.358474	0.419558	0.339265
90.000000	0.056003	-0.893798	-0.056003	0.378109	0.358706	0.426660	0.336568
95.000000	0.061481	0.246690	-0.061481	0.365935	0.343985	0.422075	0.337063
100.000000	0.045561	-0.191358	-0.045561	0.377149	0.361736	0.411934	0.340439
105.000000	0.031651	-0.539439	-0.031651	0.358978	0.344769	0.410398	0.333147
110.000000	0.034715	-0.585068	-0.034715	0.359740	0.346498	0.412472	0.331460
115.000000	0.039190	-0.113859	-0.039190	0.373251	0.354175	0.411779	0.331044
120.000000	0.028463	-0.529456	-0.028463	0.360753	0.347892	0.411517	0.330843
125.000000	0.031534	-0.881059	-0.031534	0.379167	0.360018	0.428388	0.326972
130.000000	0.024489	0.064390	-0.024489	0.369102	0.343823	0.423161	0.328454
135.000000	0.021777	-0.566262	-0.021777	0.372006	0.329182	0.419213	0.303010
140.000000	0.002198	-0.055677	-0.002198	0.374503	0.359601	0.415538	0.330522
145.000000	0.008956	-0.331482	0.008956	0.361250	0.318353	0.398688	0.287661
150.000000	0.018510	-0.650910	0.018510	0.366597	0.351076	0.414202	0.324282
155.000000	0.014993	-0.196828	0.014993	0.363705	0.350608	0.409057	0.325063
160.000000	0.024902	-0.520948	0.024902	0.362148	0.348379	0.406432	0.323430
165.000000	0.015256	-0.188145	0.015256	0.367763	0.332087	0.415626	0.300774
170.000000	0.016230	-0.813530	0.016230	0.384728	0.362690	0.412673	0.316471
175.000000	0.006557	-0.184472	0.006557	0.370717	0.354446	0.409012	0.323030
180.000000	0.003674	-0.835381	0.003674	0.378117	0.364795	0.423385	0.325156
185.000000	0.011758	-0.944367	0.011758	0.393237	0.378121	0.430650	0.329884
190.000000	0.022523	-1.658751	0.022523	0.372106	0.359329	0.394664	0.296904
195.000000	0.012715	-0.800708	0.012715	0.381136	0.341353	0.419771	0.302758
200.000000	0.018963	-0.318571	0.018963	0.360315	0.344284	0.400931	0.314476
205.000000	0.015936	-0.609887	0.015936	0.362598	0.348154	0.410808	0.320439
210.000000	0.037927	-0.502134	0.037927	0.359025	0.342754	0.405179	0.318111
215.000000	0.028269	-0.497448	0.028269	0.354396	0.341587	0.404481	0.320164
220.000000	0.017392	-2.034593	0.017392	0.373622	0.352358	0.407452	0.286026
225.000000	0.021625	-0.426546	0.021625	0.353611	0.341067	0.404403	0.322366
230.000000	0.039322	-0.001904	0.039322	0.373614	0.355603	0.419338	0.327060
235.000000	0.042436	-0.851513	0.042436	0.380477	0.365119	0.416045	0.318865
240.000000	0.038313	-1.216266	0.038313	0.396454	0.376379	0.420609	0.319674
245.000000	0.025262	-1.791208	0.025262	0.375402	0.366543	0.396294	0.295484
250.000000	0.050817	-0.851230	0.050817	0.383977	0.367758	0.414959	0.317413
255.000000	0.016813	-0.814510	0.016813	0.377294	0.361802	0.416496	0.321559
