0.000000	0.997436
5.000000	0.998034
10.000000	1.000000
15.000000	0.999367
20.000000	0.997460
25.000000	0.997054
30.000000	0.998782
35.000000	0.998229
40.000000	0.996865
45.000000	0.996741
50.000000	0.998983
55.000000	0.997666
60.000000	0.995337
65.000000	0.994779
70.000000	0.996722
75.000000	0.992348
80.000000	0.986938
85.000000	0.983433
90.000000	0.979837
95.000000	0.973763
100.000000	0.966501
105.000000	0.963445
110.000000	0.952757
115.000000	0.942321
120.000000	0.933556
125.000000	0.928680
130.000000	0.917383
135.000000	0.903552
140.000000	0.885901
145.000000	0.872728
150.000000	0.854416
155.000000	0.839564
160.000000	0.819289
165.000000	0.790473
170.000000	0.768804
175.000000	0.745578
180.000000	0.714326
185.000000	0.677126
190.000000	0.644168
195.000000	0.611119
200.000000	0.570308
205.000000	0.528499
210.000000	0.477175
215.000000	0.436163
220.000000	0.395140
225.000000	0.358934
230.000000	0.319579
235.000000	0.293370
240.000000	0.271773
245.000000	0.257019
250.000000	0.261369
255.000000	0.277100
