0.000000	0.995905
5.000000	0.995268
10.000000	0.996131
15.000000	0.998571
20.000000	0.996812
25.000000	0.994930
30.000000	0.995387
35.000000	0.996322
40.000000	0.996258
45.000000	1.000000
50.000000	0.996746
55.000000	0.996336
60.000000	0.995718
65.000000	0.995366
70.000000	0.995653
75.000000	0.996589
80.000000	0.990778
85.000000	0.985787
90.000000	0.980020
95.000000	0.979637
100.000000	0.970729
105.000000	0.962119
110.000000	0.957909
115.000000	0.945808
120.000000	0.941364
125.000000	0.926546
130.000000	0.911707
135.000000	0.905187
140.000000	0.887725
145.000000	0.865432
150.000000	0.848744
155.000000	0.827279
160.000000	0.799715
165.000000	0.773976
170.000000	0.753241
175.000000	0.710851
180.000000	0.668641
185.000000	0.626193
190.000000	0.591231
195.000000	0.534812
200.000000	0.490242
205.000000	0.431538
210.000000	0.364994
215.000000	0.311131
220.000000	0.254330
225.000000	0.192476
230.000000	0.137325
235.000000	0.094631
240.000000	0.053147
245.000000	0.039227
250.000000	0.035999
255.000000	0.053928
