0.000000	0.000000	0.000000	0.000000	0.352651	0.295439	0.371659	0.245455
5.000000	0.243864	0.802260	0.243864	0.348973	0.287561	0.354747	0.256206
10.000000	0.519626	1.382861	0.519626	0.354202	0.279557	0.365236	0.302214
15.000000	0.676404	1.211980	0.676404	0.338057	0.299363	0.387358	0.309297
20.000000	0.775506	0.681562	0.775506	0.341677	0.277096	0.395236	0.264680
25.000000	0.857355	0.777902	0.857355	0.349195	0.313386	0.417147	0.273604
30.000000	0.912527	0.752841	0.912527	0.346685	0.280793	0.405415	0.233243
35.000000	0.967443	1.402008	0.967443	0.324787	0.297053	0.374028	0.240972
40.000000	1.004257	1.537653	1.004257	0.308922	0.264344	0.377057	0.228024
45.000000	1.033750	0.910633	1.033750	0.311367	0.275613	0.400121	0.212596
50.000000	1.050605	0.694109	1.050605	0.293058	0.246826	0.411266	0.198249
55.000000	1.081160	0.482258	1.081160	0.304642	0.209899	0.457107	0.152682
60.000000	1.101227	1.608767	1.101227	0.310090	0.214321	0.422665	0.167501
65.000000	1.102112	1.340902	1.102112	0.298830	0.275012	0.398610	0.201176
70.000000	1.106948	1.377491	1.106948	0.275372	0.239353	0.408029	0.189920
75.000000	1.132693	1.504322	1.132693	0.305744	0.225293	0.431131	0.168446
80.000000	1.150213	1.337326	1.150213	0.293033	0.265020	0.414081	0.187346
85.000000	1.129317	1.268506	1.129317	0.284678	0.253492	0.407976	0.185761
90.000000	1.198715	0.603101	1.198715	0.266982	0.212925	0.406467	0.154428
95.000000	1.197405	0.542003	1.197405	0.265774	0.208164	0.422437	0.155936
100.000000	1.174715	1.259529	1.174715	0.286649	0.225865	0.417601	0.147513
105.000000	1.163633	1.433152	1.163633	0.250268	0.226372	0.421677	0.179562
110.000000	0.693675	2.757507	0.693675	0.270591	0.136264	0.267440	0.193146
115.000000	1.150977	1.498485	1.150977	0.257797	0.214038	0.415901	0.166197
120.000000	1.160619	1.448244	1.160619	0.290645	0.266209	0.424217	0.180789
125.000000	1.120956	2.201484	1.120956	0.277386	0.203451	0.429113	0.143275
130.000000	1.197532	1.449994	1.197532	0.260993	0.232595	0.418213	0.172408
135.000000	1.230867	1.168473	1.230867	0.259668	0.236299	0.405637	0.172362
140.000000	1.209428	1.505929	1.209428	0.253118	0.222711	0.418374	0.166986
145.000000	1.272651	1.384565	1.272651	0.293009	0.258801	0.410773	0.169449
150.000000	1.222351	2.025579	1.222351	0.269898	0.204573	0.425063	0.142564
155.000000	1.199534	2.074347	1.199534	0.276442	0.217725	0.422336	0.149236
160.000000	1.184271	2.046549	1.184271	0.260555	0.197484	0.427351	0.146555
165.000000	1.206343	1.951200	1.206343	0.289380	0.207316	0.430454	0.137487
170.000000	1.281670	1.113109	1.281670	0.267910	0.225111	0.412277	0.166779
175.000000	1.281540	1.133625	1.281540	0.266525	0.217931	0.412213	0.160460
180.000000	1.255700	1.734638	1.255700	0.283979	0.247571	0.427232	0.164255
185.000000	1.249945	1.825551	1.249945	0.272903	0.234946	0.424247	0.160751
190.000000	1.249399	1.625299	1.249399	0.272924	0.237520	0.418317	0.165418
195.000000	1.241585	1.857083	1.241585	0.286965	0.227967	0.419471	0.149900
200.000000	1.268843	1.648423	1.268843	0.277570	0.244030	0.422898	0.164071
205.000000	1.297266	0.997920	1.297266	0.267271	0.211470	0.389082	0.151140
210.000000	1.241890	1.661282	1.241890	0.284110	0.248387	0.421432	0.166709
215.000000	1.233762	2.044997	1.233762	0.266688	0.181306	0.424445	0.127078
220.000000	1.267407	1.502644	1.267407	0.282894	0.256447	0.414367	0.168007
225.000000	1.282757	1.154882	1.282757	0.270444	0.239784	0.409648	0.172503
230.000000	1.226124	2.029175	1.226124	0.279713	0.216268	0.424158	0.147022
235.000000	1.298096	0.979866	1.298096	0.268178	0.212900	0.400584	0.156440
240.000000	1.265059	1.611852	1.265059	0.273225	0.244510	0.417553	0.165128
245.000000	1.304974	1.167863	1.304974	0.260835	0.229921	0.405754	0.169854
250.000000	1.248098	2.044660	1.248098	0.273738	0.212964	0.425202	0.144754
255.000000	1.277788	1.595463	1.277788	0.295439	0.233773	0.422473	0.150341
