0.000000	0.000000	0.000000	0.000000	0.356297	0.180628	0.433258	0.172393
5.000000	0.047517	-1.158932	0.047517	0.367852	0.115172	0.424434	0.120621
10.000000	0.027246	-0.321668	0.027246	0.369559	0.173070	0.445653	0.171142
15.000000	0.038834	-0.797497	0.038834	0.389615	0.175656	0.440072	0.172356
20.000000	0.019614	-0.467827	0.019614	0.366419	0.178070	0.438001	0.174233
25.000000	0.011572	-1.333469	0.011572	0.367166	0.155394	0.435404	0.156979
30.000000	0.009714	-0.162940	-0.009714	0.357248	0.154562	0.442970	0.155397
35.000000	0.013618	-1.323941	0.013618	0.366977	0.156505	0.439325	0.152320
40.000000	0.031353	-0.442765	-0.031353	0.366603	0.164534	0.442038	0.151131
45.000000	0.042841	0.318810	-0.042841	0.396785	0.167463	0.433075	0.155444
50.000000	0.035424	-0.091960	-0.035424	0.346030	0.180835	0.444671	0.167362
55.000000	0.009597	-1.611828	-0.009597	0.367111	0.157945	0.457196	0.145643
60.000000	0.030002	-0.764261	-0.030002	0.371773	0.160820	0.450423	0.137412
65.000000	0.017256	-0.545897	0.017256	0.374914	0.181173	0.445435	0.142922
70.000000	0.009830	-0.733529	-0.009830	0.376669	0.166133	0.442991	0.129221
75.000000	0.002593	-1.983198	0.002593	0.336237	0.102960	0.462474	0.087281
80.000000	0.004560	-0.757822	0.004560	0.375244	0.173432	0.449192	0.134562
85.000000	0.026969	-0.594589	0.026969	0.382398	0.180988	0.452048	0.137548
90.000000	0.057959	-0.116120	0.057959	0.370368	0.184110	0.448642	0.141125
95.000000	0.018306	-0.187005	0.018306	0.364980	0.184333	0.451547	0.142624
100.000000	0.030807	-0.140558	0.030807	0.347452	0.178695	0.453614	0.146488
105.000000	0.024143	-0.295120	0.024143	0.359242	0.143510	0.455716	0.110504
110.000000	0.013489	-0.363826	0.013489	0.360346	0.179420	0.450750	0.135045
115.000000	0.071571	0.236381	0.071571	0.362407	0.181160	0.415665	0.135084
120.000000	0.038232	-0.077392	0.038232	0.341368	0.175826	0.447367	0.138584
125.000000	0.055070	-0.040567	0.055070	0.340570	0.155420	0.449733	0.119103
130.000000	0.054328	-0.055920	0.054328	0.355367	0.179434	0.441957	0.135310
135.000000	0.053361	-1.334452	0.053361	0.344038	0.148091	0.433412	0.113599
140.000000	0.040942	-0.498136	0.040942	0.358917	0.175006	0.456263	0.129977
145.000000	0.066292	-0.400638	0.066292	0.351171	0.167671	0.455966	0.128564
150.000000	0.060051	-1.201958	0.060051	0.353482	0.156139	0.421355	0.113157
155.000000	0.050736	-0.498547	0.050736	0.351751	0.167638	0.459765	0.124760
160.000000	0.084490	0.048460	0.084490	0.352918	0.182526	0.437391	0.130269
165.000000	0.096158	-0.149888	0.096158	0.359554	0.182988	0.450987	0.135845
170.000000	0.077829	-0.349571	0.077829	0.368424	0.180664	0.454089	0.129815
175.000000	0.080133	-0.321375	0.080133	0.357913	0.178058	0.457160	0.133309
180.000000	0.116093	-0.453052	0.116093	0.379118	0.156090	0.461154	0.112279
185.000000	0.129894	-0.004803	0.129894	0.363015	0.179352	0.433582	0.128785
190.000000	0.133004	-0.044135	0.133004	0.366685	0.183082	0.441333	0.129289
195.000000	0.112289	-1.205466	0.112289	0.337464	0.141823	0.428874	0.107456
200.000000	0.109647	-0.494379	0.109647	0.376654	0.133217	0.458873	0.092841
205.000000	0.100420	-0.533319	0.100420	0.366369	0.176499	0.453579	0.128295
210.000000	0.091330	-0.821280	0.091330	0.354840	0.158136	0.437703	0.117134
215.000000	0.090143	0.085530	0.090143	0.345412	0.175483	0.442667	0.132245
220.000000	0.092798	-0.521234	0.092798	0.367630	0.173408	0.452825	0.124011
225.000000	0.109674	-1.032533	0.109674	0.355634	0.159188	0.428941	0.117638
230.000000	0.050985	-0.791917	0.050985	0.357561	0.156459	0.436432	0.112824
235.000000	0.089817	-0.853467	0.089817	0.357900	0.159349	0.438606	0.118473
240.000000	0.072131	-0.963668	0.072131	0.352142	0.152074	0.435135	0.112549
245.000000	0.092016	-1.196752	0.092016	0.349672	0.152634	0.428705	0.110929
250.000000	0.062468	-0.759144	0.062468	0.372271	0.166503	0.433670	0.116283
255.000000	0.093627	-1.070805	0.093627	0.342588	0.151777	0.429674	0.114243
