0.000000	0.997212
5.000000	0.996806
10.000000	0.996460
15.000000	0.999175
20.000000	0.997850
25.000000	0.997216
30.000000	0.998407
35.000000	0.997976
40.000000	1.000000
45.000000	0.998612
50.000000	0.998210
55.000000	0.999487
60.000000	0.999765
65.000000	0.998275
70.000000	0.997280
75.000000	0.997455
80.000000	0.992342
85.000000	0.987951
90.000000	0.983597
95.000000	0.979011
100.000000	0.974059
105.000000	0.971276
110.000000	0.964005
115.000000	0.955448
120.000000	0.946964
125.000000	0.943444
130.000000	0.933015
135.000000	0.922546
140.000000	0.908175
145.000000	0.894702
150.000000	0.887006
155.000000	0.867041
160.000000	0.853788
165.000000	0.830876
170.000000	0.812662
175.000000	0.791251
180.000000	0.767528
185.000000	0.739263
190.000000	0.714416
195.000000	0.684538
200.000000	0.652165
205.000000	0.621457
210.000000	0.585659
215.000000	0.554815
220.000000	0.524312
225.000000	0.492435
230.000000	0.469223
235.000000	0.446682
240.000000	0.436441
245.000000	0.437184
250.000000	0.441748
255.000000	0.459400
