0.000000	0.000000	0.000000	0.000000	0.367744	0.376394	0.351868	0.366527
5.000000	0.002282	-0.002282	0.790373	0.390650	0.369588	0.360115	0.372210
10.000000	0.035542	0.035542	0.775226	0.382907	0.375364	0.354851	0.372143
15.000000	0.089249	0.089249	0.287832	0.357559	0.374472	0.348422	0.390529
20.000000	0.139537	0.139537	1.057055	0.384698	0.365745	0.378552	0.357727
25.000000	0.156056	0.156056	1.121093	0.385823	0.364628	0.389753	0.359029
30.000000	0.166060	0.166060	1.085203	0.379559	0.360029	0.393050	0.354397
35.000000	0.174007	0.174007	1.029834	0.378383	0.361542	0.389089	0.348758
40.000000	0.188646	0.188646	1.463192	0.387307	0.354431	0.415335	0.340078
45.000000	0.200866	0.200866	1.051330	0.382608	0.365527	0.403412	0.340452
50.000000	0.046292	0.046292	0.311430	0.354288	0.369959	0.367280	0.361373
55.000000	0.146202	0.146202	0.727334	0.370438	0.373386	0.390308	0.344920
60.000000	0.177419	0.177419	0.474610	0.365806	0.368048	0.368048	0.336073
65.000000	0.136241	0.136241	0.696113	0.364655	0.371146	0.390043	0.334294
70.000000	0.143505	0.143505	0.122748	0.355865	0.355338	0.395243	0.342448
75.000000	0.132761	0.132761	0.348672	0.357495	0.374388	0.374529	0.337777
80.000000	0.157628	0.157628	0.404522	0.351160	0.366493	0.377282	0.329565
85.000000	0.157583	0.157583	0.022487	0.356324	0.358808	0.396210	0.340775
90.000000	0.178806	0.178806	0.341013	0.355613	0.370247	0.380110	0.327523
95.000000	0.188985	0.188985	-0.074510	0.371904	0.361094	0.396984	0.322122
100.000000	0.142217	0.142217	-0.253660	0.368187	0.353293	0.394550	0.312074
105.000000	0.116512	0.116512	0.274473	0.352839	0.370047	0.388152	0.329501
110.000000	0.092929	0.092929	-0.576666	0.372845	0.336030	0.409061	0.302279
115.000000	0.107638	0.107638	-0.329477	0.364878	0.344321	0.407421	0.306110
120.000000	0.143279	0.143279	-1.058051	0.395782	0.257589	0.328076	0.279119
125.000000	0.063895	0.063895	-0.542714	0.369408	0.339120	0.405366	0.294333
130.000000	0.059727	0.059727	-0.654829	0.368522	0.332831	0.406613	0.294808
135.000000	0.052989	0.052989	-0.415419	0.364300	0.344748	0.397944	0.291147
140.000000	0.035908	0.035908	0.044219	0.347389	0.358763	0.404232	0.322935
145.000000	0.072967	0.072967	-0.443987	0.368230	0.343388	0.401171	0.290308
150.000000	0.040083	0.040083	0.453565	0.347720	0.361666	0.389770	0.319643
155.000000	0.044644	0.044644	0.203715	0.356830	0.373929	0.406382	0.327749
160.000000	0.043531	0.043531	-0.401164	0.367655	0.346468	0.399868	0.288094
165.000000	0.038997	0.038997	0.104983	0.350492	0.364931	0.407516	0.325213
170.000000	0.035350	0.035350	-0.162207	0.371564	0.368750	0.408182	0.306061
175.000000	0.044058	0.044058	-0.270671	0.362632	0.352887	0.401834	0.294387
180.000000	0.021611	0.021611	0.407539	0.345954	0.362194	0.392689	0.316729
185.000000	0.024449	0.024449	0.043063	0.358379	0.368296	0.405783	0.314392
190.000000	0.033097	0.033097	-0.006503	0.352496	0.361337	0.404272	0.314949
195.000000	0.188124	0.188124	-1.804106	0.191603	0.141237	0.224173	0.159617
200.000000	0.013732	0.013732	-3.212753	0.374025	0.357173	0.406713	0.292688
205.000000	0.031271	0.031271	-3.540940	0.352610	0.365755	0.390646	0.313106
210.000000	0.051831	0.051831	-3.961574	0.355630	0.364381	0.406267	0.315893
215.000000	0.051019	0.051019	-3.570719	0.352628	0.367900	0.388950	0.310255
220.000000	0.047711	0.047711	-3.637814	0.353889	0.371003	0.393753	0.316150
225.000000	0.052494	0.052494	-4.225469	0.371888	0.358735	0.404292	0.290872
230.000000	0.040879	0.040879	-2.990469	0.381442	0.360163	0.417269	0.294618
235.000000	0.061489	0.061489	-3.555886	0.354258	0.369132	0.390184	0.313880
240.000000	0.031865	0.031865	-3.200787	0.372102	0.355310	0.410561	0.292765
245.000000	0.013141	0.013141	-2.901737	0.378799	0.351134	0.413719	0.288670
250.000000	0.054872	0.054872	-3.854668	0.357435	0.370609	0.412865	0.327516
255.000000	0.042647	0.042647	-3.813210	0.360577	0.371593	0.410100	0.321534
