0.000000	0.996803
5.000000	0.999471
10.000000	0.998564
15.000000	0.996890
20.000000	0.996732
25.000000	0.999621
30.000000	0.997574
35.000000	0.997108
40.000000	0.999377
45.000000	0.998301
50.000000	0.997195
55.000000	0.996663
60.000000	1.000000
65.000000	0.998333
70.000000	0.996253
75.000000	0.994863
80.000000	0.990249
85.000000	0.984631
90.000000	0.978417
95.000000	0.975085
100.000000	0.967271
105.000000	0.958525
110.000000	0.951213
115.000000	0.943703
120.000000	0.934617
125.000000	0.920855
130.000000	0.908776
135.000000	0.891911
140.000000	0.874640
145.000000	0.864961
150.000000	0.843094
155.000000	0.813719
160.000000	0.797665
165.000000	0.770623
170.000000	0.738515
175.000000	0.704208
180.000000	0.674965
185.000000	0.633258
190.000000	0.593955
195.000000	0.549247
200.000000	0.507892
205.000000	0.459064
210.000000	0.397158
215.000000	0.350673
220.000000	0.302877
225.000000	0.257243
230.000000	0.212290
235.000000	0.176263
240.000000	0.153698
245.000000	0.147882
250.000000	0.148859
255.000000	0.171485
