0.000000	0.000000	0.000000	0.000000	0.372525	0.310136	0.369388	0.329225
5.000000	0.102466	0.102466	-0.059027	0.374358	0.306110	0.453636	0.244242
10.000000	1.277966	-1.277966	-0.446973	0.399219	0.306583	0.363140	0.219146
15.000000	1.225415	-1.225415	-1.106001	0.343800	0.270188	0.407768	0.333765
20.000000	1.207083	-1.207083	-1.431352	0.365556	0.307157	0.368615	0.352652
25.000000	1.211500	-1.211500	-1.849636	0.364500	0.317317	0.396614	0.355936
30.000000	1.259709	-1.259709	-1.612981	0.373913	0.308944	0.408929	0.331774
35.000000	1.275149	-1.275149	-1.548694	0.330326	0.267579	0.428697	0.308152
40.000000	1.294288	-1.294288	-1.983191	0.349410	0.305445	0.417475	0.306231
45.000000	1.348597	-1.348597	-2.070141	0.321221	0.277178	0.428481	0.307302
50.000000	1.359698	-1.359698	-1.536952	0.346407	0.289172	0.420913	0.275323
55.000000	1.370422	-1.370422	-1.850774	0.329804	0.276309	0.439765	0.281008
60.000000	1.352657	-1.352657	-2.682639	0.333380	0.302119	0.459672	0.262402
65.000000	1.381244	-1.381244	-1.820951	0.325092	0.277357	0.436448	0.262088
70.000000	1.391562	-1.391562	-1.512015	0.315029	0.257598	0.451018	0.254964
75.000000	1.426349	-1.426349	-1.054917	0.292871	0.234217	0.444309	0.245691
80.000000	1.420586	-1.420586	-1.694825	0.307684	0.255932	0.439983	0.234363
85.000000	1.420361	-1.420361	-1.629562	0.346672	0.202556	0.469574	0.137482
90.000000	1.421981	-1.421981	-1.244125	0.288421	0.230027	0.458746	0.232774
95.000000	1.433297	-1.433297	-2.386795	0.299002	0.266743	0.441342	0.235289
100.000000	1.492197	-1.492197	-2.224861	0.293696	0.249433	0.428893	0.207524
105.000000	1.456601	-1.456601	-2.371812	0.310847	0.278673	0.434034	0.224835
110.000000	1.508788	-1.508788	-1.171317	0.272753	0.218396	0.454371	0.221865
115.000000	1.502767	-1.502767	-1.754358	0.313631	0.266516	0.434275	0.214385
120.000000	1.477426	-1.477426	-1.111747	0.266875	0.180726	0.464821	0.170341
125.000000	1.498080	-1.498080	-1.088487	0.258315	0.199261	0.460610	0.200435
130.000000	1.458776	-1.458776	-1.348419	0.283023	0.229161	0.450349	0.218366
135.000000	1.298608	-1.298608	-2.012555	0.291055	0.258497	0.446803	0.214929
140.000000	1.433918	-1.433918	-0.542260	0.296440	0.229720	0.430634	0.222028
145.000000	1.499278	-1.499278	-0.391738	0.287046	0.199156	0.436399	0.193665
150.000000	1.495644	-1.495644	-0.777772	0.280451	0.218120	0.437106	0.211521
155.000000	1.516273	-1.516273	-0.933886	0.267284	0.209398	0.452433	0.215360
160.000000	1.536362	-1.536362	-1.676098	0.320614	0.266773	0.434353	0.212075
165.000000	1.526219	-1.526219	-0.109864	0.288603	0.227719	0.433190	0.221081
170.000000	1.527422	-1.527422	-0.755969	0.296169	0.233603	0.439034	0.210606
175.000000	1.557962	-1.557962	-1.224836	0.273369	0.219006	0.446683	0.204722
180.000000	1.544294	-1.544294	-0.544999	0.308120	0.238862	0.436959	0.216435
185.000000	1.560381	-1.560381	-1.256050	0.276898	0.220485	0.447985	0.209773
190.000000	1.520035	-1.520035	-0.583564	0.288735	0.217690	0.432681	0.208798
195.000000	1.510039	-1.510039	-0.431324	0.297030	0.222127	0.438824	0.220972
200.000000	1.530941	-1.530941	-0.521369	0.296471	0.226100	0.439844	0.218866
205.000000	1.515716	-1.515716	-0.176718	0.304677	0.228745	0.431703	0.207493
210.000000	1.509218	-1.509218	-0.795656	0.271286	0.213580	0.441810	0.207275
215.000000	1.521800	-1.521800	-0.763159	0.285288	0.222272	0.435631	0.213966
220.000000	1.537994	-1.537994	-0.872903	0.267886	0.213947	0.448402	0.205160
225.000000	1.559822	-1.559822	0.277384	0.318310	0.255848	0.409454	0.215487
230.000000	1.568981	-1.568981	0.277174	0.305787	0.242039	0.421264	0.221638
235.000000	1.519835	-1.519835	-0.662766	0.297641	0.232105	0.433181	0.217722
240.000000	1.512846	-1.512846	-0.112204	0.309462	0.240826	0.427233	0.219719
245.000000	1.504440	-1.504440	-0.677503	0.274847	0.214227	0.436562	0.215452
250.000000	1.516067	-1.516067	-0.180735	0.310372	0.241448	0.434574	0.223728
255.000000	1.489399	-1.489399	-0.390418	0.296848	0.226187	0.438183	0.217915
