0.000000	0.997220
5.000000	0.994748
10.000000	0.994202
15.000000	0.998079
20.000000	0.995665
25.000000	0.994873
30.000000	0.996594
35.000000	0.997742
40.000000	0.995713
45.000000	0.995576
50.000000	1.000000
55.000000	0.997119
60.000000	0.995862
65.000000	0.997515
70.000000	0.998679
75.000000	0.993189
80.000000	0.987991
85.000000	0.983545
90.000000	0.977016
95.000000	0.971258
100.000000	0.970430
105.000000	0.959177
110.000000	0.947013
115.000000	0.941979
120.000000	0.932110
125.000000	0.917726
130.000000	0.903150
135.000000	0.895828
140.000000	0.873841
145.000000	0.852928
150.000000	0.834782
155.000000	0.815041
160.000000	0.786464
165.000000	0.750226
170.000000	0.733052
175.000000	0.689342
180.000000	0.656764
185.000000	0.606919
190.000000	0.567035
195.000000	0.512402
200.000000	0.460739
205.000000	0.402949
210.000000	0.345444
215.000000	0.283977
220.000000	0.226537
225.000000	0.166586
230.000000	0.109730
235.000000	0.066638
240.000000	0.031927
245.000000	0.014797
250.000000	0.014488
255.000000	0.038010
