0.000000	0.000000	0.000000	0.000000	0.381983	0.238437	0.426040	0.219770
5.000000	0.027334	-0.027334	-0.630111	0.391837	0.227493	0.420421	0.214031
10.000000	0.048570	-0.048570	-0.438191	0.389111	0.235739	0.426408	0.230877
15.000000	0.047229	-0.047229	0.345386	0.382406	0.213061	0.430288	0.231251
20.000000	0.062187	-0.062187	0.159249	0.379792	0.238325	0.422078	0.245105
25.000000	0.052571	-0.052571	-0.042680	0.380108	0.244044	0.429377	0.263430
30.000000	0.068409	-0.068409	0.143432	0.376695	0.237711	0.419634	0.259118
35.000000	0.061962	-0.061962	-0.581173	0.394892	0.187838	0.407932	0.219113
40.000000	0.052442	-0.052442	-0.332636	0.385847	0.240651	0.425493	0.275507
45.000000	0.020412	-0.020412	-0.612537	0.393748	0.234543	0.429970	0.280879
50.000000	0.035201	-0.035201	0.010865	0.376928	0.233633	0.428296	0.275126
55.000000	0.008675	-0.008675	-0.659457	0.397653	0.236364	0.437568	0.291410
60.000000	0.013817	0.013817	0.129489	0.358497	0.188778	0.413768	0.233593
65.000000	0.006609	0.006609	-0.849607	0.393853	0.222656	0.424405	0.277567
70.000000	0.009108	0.009108	-0.706195	0.392829	0.232982	0.432470	0.286516
75.000000	0.012752	0.012752	-0.873192	0.395289	0.224732	0.423460	0.276018
80.000000	0.006685	0.006685	-0.346822	0.385096	0.217384	0.421409	0.264974
85.000000	0.035942	0.035942	-1.189517	0.385526	0.212501	0.442256	0.274187
90.000000	0.026358	0.026358	-0.322238	0.389724	0.240326	0.417784	0.272925
95.000000	0.045355	0.045355	-0.878157	0.389172	0.221357	0.426114	0.270570
100.000000	0.038331	0.038331	-0.570017	0.394993	0.236237	0.433806	0.279192
105.000000	0.045104	0.045104	-1.362928	0.373369	0.207395	0.438523	0.264532
110.000000	0.015914	0.015914	-0.267257	0.385329	0.238570	0.417129	0.264995
115.000000	0.033694	0.033694	-1.199108	0.383873	0.217886	0.435654	0.262955
120.000000	0.026252	0.026252	0.233040	0.385636	0.241676	0.429154	0.269229
125.000000	0.042003	0.042003	-0.814285	0.389411	0.223943	0.431715	0.270702
130.000000	0.019824	0.019824	-0.372199	0.390035	0.241167	0.421096	0.266056
135.000000	0.012625	0.012625	-0.273656	0.379200	0.199934	0.408499	0.228858
140.000000	0.044821	0.044821	-1.019107	0.391203	0.212249	0.430294	0.250222
145.000000	0.045738	0.045738	-1.284772	0.370085	0.204178	0.446292	0.252836
150.000000	0.015352	0.015352	-0.306040	0.387125	0.241697	0.417016	0.259287
155.000000	0.037601	0.037601	-0.568876	0.393033	0.236237	0.423861	0.259133
160.000000	0.010349	0.010349	-0.247910	0.383209	0.236486	0.414173	0.250800
165.000000	0.021129	0.021129	0.162049	0.380026	0.237030	0.426749	0.257218
170.000000	0.012629	0.012629	-0.572208	0.388260	0.233800	0.424141	0.258571
175.000000	0.053226	0.053226	-0.634168	0.396813	0.232027	0.417904	0.253965
180.000000	0.015316	0.015316	-0.259648	0.384327	0.241601	0.419306	0.258219
185.000000	0.060896	0.060896	-0.711952	0.386648	0.222967	0.426695	0.256492
190.000000	0.019621	0.019621	-0.704358	0.386477	0.221468	0.428038	0.253418
195.000000	0.018825	0.018825	-0.593486	0.391819	0.231951	0.421761	0.251292
200.000000	0.014502	0.014502	0.482085	0.389881	0.231523	0.439889	0.261411
205.000000	0.014508	-0.014508	0.085991	0.378248	0.239675	0.425861	0.257213
210.000000	0.011357	0.011357	-0.414765	0.388788	0.237122	0.417323	0.255019
215.000000	0.021568	0.021568	-0.676756	0.388469	0.226941	0.427473	0.257419
220.000000	0.028073	0.028073	-0.555976	0.393044	0.236749	0.420307	0.255739
225.000000	0.040437	0.040437	-0.536073	0.391184	0.237168	0.426836	0.258310
230.000000	0.031758	0.031758	-0.817417	0.394004	0.224551	0.426837	0.259114
235.000000	0.000479	-0.000479	-0.073298	0.388212	0.246555	0.420074	0.260038
240.000000	0.018902	0.018902	-0.675500	0.382105	0.228704	0.419059	0.251886
245.000000	0.031519	0.031519	-0.821057	0.393316	0.222964	0.429809	0.260756
250.000000	0.014336	0.014336	-0.632549	0.388379	0.232686	0.432657	0.264894
255.000000	0.027080	0.027080	-0.331315	0.388346	0.231971	0.419465	0.247896
