0.000000	0.544750
5.000000	0.544526
10.000000	0.546058
15.000000	0.545213
20.000000	0.544899
25.000000	0.545571
30.000000	0.545998
35.000000	0.546189
40.000000	0.546281
45.000000	0.545536
50.000000	0.545016
55.000000	0.545557
60.000000	0.546415
65.000000	0.545368
70.000000	0.545744
75.000000	0.544407
80.000000	0.540654
85.000000	0.536341
90.000000	0.533961
95.000000	0.529448
100.000000	0.523933
105.000000	0.519484
110.000000	0.513824
115.000000	0.506925
120.000000	0.499726
125.000000	0.494543
130.000000	0.486727
135.000000	0.477702
140.000000	0.468032
145.000000	0.461228
150.000000	0.451973
155.000000	0.439502
160.000000	0.429815
165.000000	0.417866
170.000000	0.410035
175.000000	0.398310
180.000000	0.391336
185.000000	0.384201
190.000000	0.375315
195.000000	0.371923
200.000000	0.369954
205.000000	0.379246
210.000000	0.389711
215.000000	0.414102
220.000000	0.444702
225.000000	0.473193
230.000000	0.531833
235.000000	0.599845
240.000000	0.687909
245.000000	0.772726
250.000000	0.879281
255.000000	1.000000
