0.000000	0.000000	0.000000	0.000000	0.420491	0.304836	0.439161	0.317930
5.000000	0.048857	-0.048857	0.046330	0.384503	0.363354	0.406618	0.369428
10.000000	0.093167	-0.093167	-0.646709	0.388480	0.373126	0.419507	0.396703
15.000000	0.131713	-0.131713	-0.439480	0.385072	0.366250	0.437221	0.393215
20.000000	0.111063	-0.111063	-0.243331	0.394849	0.369256	0.449764	0.396927
25.000000	0.116174	-0.116174	-0.471376	0.387662	0.371362	0.473599	0.424840
30.000000	0.229793	-0.229793	-0.246446	0.389522	0.374164	0.484354	0.420566
35.000000	0.261420	-0.261420	-0.315906	0.385636	0.374005	0.482172	0.430923
40.000000	0.291591	-0.291591	-0.354270	0.388993	0.374668	0.495490	0.442745
45.000000	0.314766	-0.314766	0.007320	0.383709	0.371120	0.505117	0.430452
50.000000	0.348296	-0.348296	-0.167976	0.388207	0.371933	0.499193	0.432776
55.000000	0.344246	-0.344246	0.635517	0.391791	0.348301	0.478942	0.390322
60.000000	0.314715	-0.314715	-1.120587	0.371301	0.357393	0.493382	0.454534
65.000000	0.361728	-0.361728	-0.644825	0.381756	0.367150	0.496525	0.452876
70.000000	0.416348	-0.416348	0.296693	0.385422	0.374049	0.503186	0.427575
75.000000	0.425319	-0.425319	-0.110577	0.389160	0.351306	0.480362	0.416669
80.000000	0.438245	-0.438245	0.273562	0.390114	0.376151	0.495712	0.421155
85.000000	0.446516	-0.446516	0.187821	0.388486	0.357812	0.478903	0.387206
90.000000	0.480945	-0.480945	0.185970	0.385555	0.360782	0.477567	0.397991
95.000000	0.427189	-0.427189	-0.177309	0.383373	0.362234	0.483221	0.425999
100.000000	0.481828	-0.481828	0.186825	0.384993	0.368810	0.481715	0.408807
105.000000	0.504576	-0.504576	0.089591	0.380740	0.369325	0.486790	0.426919
110.000000	0.499618	-0.499618	-0.432157	0.380675	0.369875	0.481357	0.448031
115.000000	0.534717	-0.534717	-0.061796	0.379216	0.361393	0.474955	0.416861
120.000000	0.544492	-0.544492	-0.092509	0.383394	0.372329	0.481189	0.434665
125.000000	0.524664	-0.524664	0.177310	0.388088	0.378309	0.482860	0.422264
130.000000	0.511377	-0.511377	0.046594	0.382298	0.350668	0.460374	0.395901
135.000000	0.506870	-0.506870	0.229046	0.385326	0.360065	0.462048	0.393197
140.000000	0.533042	-0.533042	0.148446	0.385315	0.375321	0.477174	0.420001
145.000000	0.515565	-0.515565	0.419042	0.392555	0.365424	0.465105	0.399274
150.000000	0.542379	-0.542379	-0.218856	0.381720	0.364459	0.464792	0.427030
155.000000	0.554853	-0.554853	0.049554	0.384817	0.374893	0.472591	0.423330
160.000000	0.560230	-0.560230	0.301057	0.394172	0.380733	0.472542	0.413679
165.000000	0.558637	-0.558637	0.253971	0.392729	0.378967	0.468194	0.409136
170.000000	0.574118	-0.574118	0.019867	0.382504	0.367736	0.463364	0.415888
175.000000	0.554686	-0.554686	-0.146705	0.379834	0.368364	0.464401	0.425881
180.000000	0.526856	-0.526856	0.107274	0.377323	0.360755	0.456634	0.395756
185.000000	0.551118	-0.551118	-0.128171	0.378588	0.365816	0.465077	0.425927
190.000000	0.538162	-0.538162	0.676415	0.385549	0.373077	0.474846	0.418108
195.000000	0.548408	-0.548408	0.376235	0.395318	0.359200	0.441936	0.368713
200.000000	0.555493	-0.555493	0.080521	0.379480	0.369660	0.468544	0.419753
205.000000	0.556872	-0.556872	0.113518	0.381287	0.363497	0.454660	0.397081
210.000000	0.553018	-0.553018	0.142834	0.382189	0.370811	0.465215	0.412257
215.000000	0.575261	-0.575261	-0.027759	0.385379	0.367917	0.460359	0.411748
220.000000	0.576701	-0.576701	0.151257	0.387810	0.377173	0.467751	0.417280
225.000000	0.561806	-0.561806	0.019867	0.383531	0.373177	0.466524	0.422085
230.000000	0.552307	-0.552307	0.123151	0.385725	0.369233	0.459983	0.402035
235.000000	0.550751	-0.550751	-0.471713	0.370860	0.359595	0.460981	0.436437
240.000000	0.572176	-0.572176	-0.224872	0.398974	0.337843	0.430252	0.362570
245.000000	0.559450	-0.559450	0.218298	0.385663	0.375447	0.470920	0.416893
250.000000	0.545473	-0.545473	0.541229	0.388402	0.368140	0.462386	0.393809
255.000000	0.537468	-0.537468	0.339989	0.407812	0.342464	0.419621	0.336296
