0.000000	0.885682
5.000000	0.885003
10.000000	0.884912
15.000000	0.885175
20.000000	0.885419
25.000000	0.885367
30.000000	0.885118
35.000000	0.885551
40.000000	0.885032
45.000000	0.885174
50.000000	0.885053
55.000000	0.885098
60.000000	0.885214
65.000000	0.885055
70.000000	0.885310
75.000000	0.886527
80.000000	0.888983
85.000000	0.891451
90.000000	0.893728
95.000000	0.896721
100.000000	0.899413
105.000000	0.902752
110.000000	0.907778
115.000000	0.910392
120.000000	0.915733
125.000000	0.918334
130.000000	0.923391
135.000000	0.930601
140.000000	0.935048
145.000000	0.942231
150.000000	0.948520
155.000000	0.948870
160.000000	0.961249
165.000000	0.964903
170.000000	0.972757
175.000000	0.980727
180.000000	0.982032
185.000000	0.983896
190.000000	1.000000
195.000000	0.995378
200.000000	0.987618
205.000000	0.988501
210.000000	0.992436
215.000000	0.970301
220.000000	0.942302
225.000000	0.941425
230.000000	0.906521
235.000000	0.872554
240.000000	0.820940
245.000000	0.764879
250.000000	0.689822
255.000000	0.625197
