0.000000	0.728332
5.000000	0.727809
10.000000	0.728269
15.000000	0.728878
20.000000	0.729162
25.000000	0.728732
30.000000	0.730097
35.000000	0.728768
40.000000	0.728334
45.000000	0.728280
50.000000	0.728949
55.000000	0.728550
60.000000	0.728406
65.000000	0.728394
70.000000	0.728993
75.000000	0.728532
80.000000	0.728573
85.000000	0.729222
90.000000	0.730006
95.000000	0.730649
100.000000	0.730770
105.000000	0.732116
110.000000	0.734616
115.000000	0.735930
120.000000	0.738036
125.000000	0.738986
130.000000	0.740010
135.000000	0.742515
140.000000	0.746077
145.000000	0.748456
150.000000	0.750882
155.000000	0.754755
160.000000	0.757691
165.000000	0.764121
170.000000	0.769307
175.000000	0.775903
180.000000	0.783719
185.000000	0.796306
190.000000	0.806119
195.000000	0.816745
200.000000	0.830175
205.000000	0.847854
210.000000	0.865327
215.000000	0.887941
220.000000	0.908184
225.000000	0.930994
230.000000	0.952928
235.000000	0.969644
240.000000	0.987931
245.000000	0.999684
250.000000	1.000000
255.000000	0.988837
