0.000000	0.000000	0.000000	0.000000	0.386118	0.138436	0.459944	0.116507
5.000000	0.004783	-0.493110	0.004783	0.376568	0.139629	0.436348	0.148738
10.000000	0.051409	-0.637875	0.051409	0.371366	0.136602	0.442439	0.167430
15.000000	0.101838	-0.348128	0.101838	0.373039	0.140637	0.431332	0.146686
20.000000	0.129046	-0.377346	0.129046	0.378341	0.141344	0.437018	0.158046
25.000000	0.174860	-0.229120	0.174860	0.377124	0.136717	0.435274	0.153601
30.000000	0.232826	0.052288	0.232826	0.386357	0.136637	0.452259	0.171823
35.000000	0.220030	-0.703080	0.220030	0.379783	0.133044	0.418417	0.195456
40.000000	0.257380	-0.668768	0.257380	0.379617	0.135846	0.413504	0.202252
45.000000	0.290767	-0.609320	0.290767	0.376400	0.133851	0.410132	0.200597
50.000000	0.322829	-0.489354	0.322829	0.386619	0.140746	0.412479	0.208001
55.000000	0.356566	-0.417997	0.356566	0.377680	0.138658	0.409340	0.213675
60.000000	0.398877	-0.229631	0.398877	0.375522	0.140623	0.417051	0.227046
65.000000	0.399371	-0.609007	0.399371	0.381787	0.137865	0.388018	0.230369
70.000000	0.430502	-0.217802	0.430502	0.379938	0.143185	0.403818	0.236241
75.000000	0.462699	-0.290169	0.462699	0.370666	0.140891	0.399425	0.250697
80.000000	0.484917	0.153418	0.484917	0.379128	0.135727	0.409495	0.252275
85.000000	0.488821	-0.802367	0.488821	0.389052	0.139392	0.362159	0.242265
90.000000	0.518797	-0.092313	0.518797	0.380986	0.139577	0.392773	0.255260
95.000000	0.528255	0.318636	0.528255	0.383682	0.142763	0.420668	0.284024
100.000000	0.556281	0.090420	0.556281	0.379812	0.144663	0.407303	0.285636
105.000000	0.571329	0.035969	0.571329	0.371432	0.144864	0.405005	0.291895
110.000000	0.593551	0.062676	0.593551	0.381694	0.145353	0.402124	0.289882
115.000000	0.600565	0.019171	0.600565	0.376327	0.145511	0.395436	0.297490
120.000000	0.612367	0.044283	0.612367	0.377906	0.144639	0.407181	0.304414
125.000000	0.631182	0.087043	0.631182	0.380996	0.140533	0.405801	0.299042
130.000000	0.647223	-0.200456	0.647223	0.376596	0.137697	0.386226	0.292089
135.000000	0.658886	0.212230	0.658886	0.378776	0.137146	0.407946	0.292428
140.000000	0.654228	0.114605	0.654228	0.376842	0.142753	0.413314	0.309494
145.000000	0.669700	-0.031399	0.669700	0.374647	0.142421	0.382200	0.301635
150.000000	0.677137	0.001794	0.677137	0.371361	0.143435	0.391899	0.307362
155.000000	0.680604	0.007073	0.680604	0.381554	0.144199	0.382760	0.303414
160.000000	0.686880	-0.083169	0.686880	0.373647	0.141212	0.386667	0.307579
165.000000	0.694802	0.070053	0.694802	0.383923	0.146321	0.387969	0.307871
170.000000	0.700837	0.007428	0.700837	0.371117	0.143011	0.395805	0.315322
175.000000	0.711016	0.130892	0.711016	0.381696	0.146303	0.401808	0.319579
180.000000	0.707513	0.086418	0.707513	0.368992	0.144182	0.400622	0.320722
185.000000	0.708349	0.058784	0.708349	0.380958	0.146333	0.393103	0.315820
190.000000	0.706822	-0.023175	0.706822	0.369047	0.142973	0.390724	0.315941
195.000000	0.715794	-0.096430	0.715794	0.380836	0.140952	0.382568	0.303973
200.000000	0.706899	0.287215	0.706899	0.381831	0.146297	0.385856	0.308218
205.000000	0.737952	-0.342512	0.737952	0.399013	0.127334	0.359373	0.256376
210.000000	0.722360	-0.179787	0.722360	0.376358	0.138640	0.380364	0.301697
215.000000	0.686964	0.549067	0.686964	0.389548	0.131411	0.356069	0.262881
220.000000	0.704324	0.129195	0.704324	0.379172	0.142873	0.409845	0.319875
225.000000	0.707994	0.125859	0.707994	0.380335	0.145114	0.399138	0.316530
230.000000	0.727415	-0.279755	0.727415	0.392761	0.141122	0.353924	0.282596
235.000000	0.716042	0.013669	0.716042	0.372816	0.140298	0.395407	0.314572
240.000000	0.726536	-0.171394	0.726536	0.383933	0.139999	0.378035	0.300846
245.000000	0.728032	-0.324628	0.728032	0.393625	0.140005	0.351013	0.276844
250.000000	0.712485	0.055715	0.712485	0.382836	0.145022	0.399009	0.314365
255.000000	0.718478	-0.097995	0.718478	0.376387	0.140809	0.389769	0.313443
