0.000000	0.000000	0.000000	0.000000	0.365019	0.142083	0.456294	0.097316
5.000000	0.003813	-0.003813	0.041363	0.360973	0.141179	0.456377	0.097391
10.000000	0.022380	0.022380	0.280785	0.351357	0.143595	0.455017	0.105899
15.000000	0.032241	0.032241	0.281411	0.347424	0.142363	0.455310	0.105851
20.000000	0.039427	0.039427	0.552749	0.359692	0.145082	0.455430	0.113646
25.000000	0.047234	0.047234	0.668875	0.364391	0.148654	0.454440	0.121642
30.000000	0.048342	0.048342	0.596863	0.363151	0.139997	0.457190	0.109655
35.000000	0.057265	0.057265	0.763757	0.357576	0.144999	0.456368	0.126075
40.000000	0.041703	0.041703	0.650381	0.363972	0.149686	0.454932	0.123167
45.000000	0.020315	0.020315	0.616119	0.362393	0.147408	0.453959	0.123856
50.000000	0.057186	0.057186	0.694490	0.367647	0.148338	0.445195	0.126515
55.000000	0.076028	0.076028	0.859689	0.354948	0.142292	0.449661	0.132933
60.000000	0.072671	0.072671	0.870970	0.355750	0.144079	0.449352	0.134485
65.000000	0.083901	0.083901	1.013781	0.346170	0.137391	0.460304	0.146597
70.000000	0.064898	0.064898	0.966353	0.347132	0.135876	0.448287	0.138700
75.000000	0.031917	0.031917	0.615702	0.363716	0.148097	0.443011	0.126484
80.000000	0.032685	0.032685	0.643013	0.365067	0.139627	0.442453	0.115067
85.000000	0.059422	0.059422	0.726148	0.361132	0.139785	0.451758	0.123988
90.000000	0.036963	0.036963	0.438574	0.355393	0.145838	0.438193	0.121436
95.000000	0.027613	0.027613	0.339977	0.356437	0.143815	0.445833	0.120666
100.000000	0.028821	0.028821	0.431860	0.354786	0.144627	0.435389	0.120557
105.000000	0.029116	0.029116	0.556166	0.359555	0.144689	0.443983	0.123701
110.000000	0.035728	0.035728	0.621767	0.360571	0.146262	0.436676	0.125494
115.000000	0.026224	0.026224	0.276862	0.353033	0.141920	0.443591	0.118148
120.000000	0.034872	0.034872	0.520216	0.355199	0.146478	0.437638	0.122220
125.000000	0.034370	0.034370	0.521090	0.355192	0.144519	0.438710	0.120608
130.000000	0.033704	0.033704	0.213749	0.356163	0.139051	0.440625	0.114545
135.000000	0.040327	0.040327	0.480012	0.353346	0.144518	0.441597	0.122083
140.000000	0.037131	0.037131	0.387455	0.353688	0.142097	0.451446	0.121657
145.000000	0.048123	0.048123	0.638491	0.360776	0.146725	0.444849	0.123008
150.000000	0.038661	0.038661	0.451849	0.355184	0.143234	0.441599	0.119599
155.000000	0.033834	0.033834	0.182896	0.358007	0.141040	0.440224	0.114029
160.000000	0.028930	0.028930	-0.203438	0.352854	0.130658	0.443162	0.109520
165.000000	0.018654	0.018654	-0.147037	0.355616	0.133194	0.443104	0.108138
170.000000	0.029741	-0.029741	-0.556467	0.342619	0.119475	0.452776	0.108859
175.000000	0.004911	0.004911	-0.360287	0.349338	0.126887	0.446619	0.109966
180.000000	0.018497	-0.018497	-0.565891	0.348946	0.123986	0.451756	0.112627
185.000000	0.005849	0.005849	-0.372716	0.351509	0.128025	0.447991	0.110098
190.000000	0.016235	0.016235	-0.271669	0.352893	0.130190	0.446516	0.109450
195.000000	0.006331	-0.006331	-0.555525	0.346172	0.125221	0.446580	0.113958
200.000000	0.008136	0.008136	-0.438819	0.354482	0.125928	0.451538	0.109594
205.000000	0.010328	-0.010328	-0.582988	0.349390	0.125366	0.448009	0.112873
210.000000	0.042108	0.042108	-0.174472	0.353701	0.131561	0.443202	0.108911
215.000000	0.026114	0.026114	-0.245886	0.355567	0.130310	0.451032	0.109874
220.000000	0.019485	0.019485	-0.212847	0.355745	0.131362	0.445197	0.109645
225.000000	0.001726	0.001726	-0.404429	0.353787	0.128511	0.449794	0.110012
230.000000	0.028599	0.028599	-0.317576	0.353110	0.126970	0.448355	0.106106
235.000000	0.022197	0.022197	-0.205941	0.356790	0.129019	0.446909	0.105452
240.000000	0.032809	0.032809	-0.170433	0.356244	0.133421	0.442987	0.109186
245.000000	0.036630	0.036630	-0.069563	0.355621	0.134648	0.441660	0.109138
250.000000	0.046996	0.046996	0.282372	0.350874	0.140473	0.436039	0.116744
255.000000	0.033956	0.033956	0.207228	0.357799	0.136061	0.440004	0.109152
