0.000000	0.615364
5.000000	0.614612
10.000000	0.617828
15.000000	0.615464
20.000000	0.615159
25.000000	0.615493
30.000000	0.615501
35.000000	0.616126
40.000000	0.604388
45.000000	0.616806
50.000000	0.615793
55.000000	0.616613
60.000000	0.617996
65.000000	0.618965
70.000000	0.618905
75.000000	0.620060
80.000000	0.621601
85.000000	0.622289
90.000000	0.624697
95.000000	0.627288
100.000000	0.629561
105.000000	0.630303
110.000000	0.634200
115.000000	0.639001
120.000000	0.641543
125.000000	0.645708
130.000000	0.652688
135.000000	0.658923
140.000000	0.663762
145.000000	0.671993
150.000000	0.679048
155.000000	0.690519
160.000000	0.698482
165.000000	0.713087
170.000000	0.724433
175.000000	0.739233
180.000000	0.756475
185.000000	0.775461
190.000000	0.793724
195.000000	0.815619
200.000000	0.837463
205.000000	0.861390
210.000000	0.889957
215.000000	0.914923
220.000000	0.938294
225.000000	0.959150
230.000000	0.988592
235.000000	0.985742
240.000000	0.994480
245.000000	1.000000
250.000000	0.990833
255.000000	0.949176
