0.000000	0.395926
5.000000	0.396000
10.000000	0.396209
15.000000	0.396246
20.000000	0.396244
25.000000	0.396651
30.000000	0.396237
35.000000	0.396357
40.000000	0.396144
45.000000	0.396365
50.000000	0.396147
55.000000	0.396617
60.000000	0.395833
65.000000	0.396976
70.000000	0.396589
75.000000	0.395870
80.000000	0.396708
85.000000	0.396635
90.000000	0.396887
95.000000	0.396471
100.000000	0.395991
105.000000	0.396033
110.000000	0.396575
115.000000	0.396268
120.000000	0.395917
125.000000	0.396013
130.000000	0.396444
135.000000	0.396524
140.000000	0.396268
145.000000	0.396878
150.000000	0.397962
155.000000	0.399810
160.000000	0.401546
165.000000	0.402382
170.000000	0.406097
175.000000	0.411287
180.000000	0.416026
185.000000	0.422064
190.000000	0.431596
195.000000	0.444509
200.000000	0.455882
205.000000	0.474017
210.000000	0.503593
215.000000	0.533075
220.000000	0.567833
225.000000	0.604054
230.000000	0.656123
235.000000	0.712566
240.000000	0.782675
245.000000	0.845896
250.000000	0.921631
255.000000	1.000000
