0.000000	0.133672
5.000000	0.133895
10.000000	0.133777
15.000000	0.133812
20.000000	0.133861
25.000000	0.133755
30.000000	0.133826
35.000000	0.133828
40.000000	0.133820
45.000000	0.133805
50.000000	0.133734
55.000000	0.133806
60.000000	0.133838
65.000000	0.133779
70.000000	0.133823
75.000000	0.133819
80.000000	0.133937
85.000000	0.133937
90.000000	0.133956
95.000000	0.133930
100.000000	0.133922
105.000000	0.134110
110.000000	0.134077
115.000000	0.134640
120.000000	0.134842
125.000000	0.135142
130.000000	0.135496
135.000000	0.136451
140.000000	0.137384
145.000000	0.137914
150.000000	0.139834
155.000000	0.142478
160.000000	0.145391
165.000000	0.147458
170.000000	0.152654
175.000000	0.155264
180.000000	0.166115
185.000000	0.178693
190.000000	0.186332
195.000000	0.203947
200.000000	0.226775
205.000000	0.248914
210.000000	0.287765
215.000000	0.319565
220.000000	0.367783
225.000000	0.426604
230.000000	0.495054
235.000000	0.574527
240.000000	0.670407
245.000000	0.763917
250.000000	0.876858
255.000000	1.000000
