0.000000	0.000000	0.000000	0.000000	0.362954	0.190159	0.448836	0.236435
5.000000	0.066555	-0.066555	0.216910	0.351067	0.190692	0.439336	0.241054
10.000000	0.082715	-0.082715	0.817972	0.365893	0.205808	0.427253	0.239804
15.000000	0.104539	-0.104539	0.480493	0.368749	0.197365	0.434079	0.256868
20.000000	0.101851	-0.101851	0.749588	0.366029	0.207004	0.430144	0.269776
25.000000	0.084334	-0.084334	0.815148	0.366586	0.206310	0.419111	0.264958
30.000000	0.114832	-0.114832	1.325184	0.380091	0.215660	0.380928	0.228718
35.000000	0.074213	-0.074213	0.694048	0.368608	0.206228	0.421029	0.287254
40.000000	0.183674	-0.183674	1.078000	0.362611	0.209813	0.410796	0.278291
45.000000	0.092648	-0.092648	0.708547	0.374216	0.198492	0.439258	0.300688
50.000000	0.104128	-0.104128	1.043320	0.363307	0.204258	0.404050	0.289279
55.000000	0.088243	-0.088243	1.625460	0.382673	0.211702	0.398330	0.269052
60.000000	0.117649	-0.117649	1.358450	0.378529	0.202744	0.386648	0.265036
65.000000	0.058382	-0.058382	1.235689	0.371321	0.210826	0.391863	0.290933
70.000000	0.061984	-0.061984	1.620023	0.374853	0.220102	0.406070	0.302894
75.000000	0.025609	-0.025609	1.210206	0.374245	0.208165	0.398952	0.298626
80.000000	0.023077	-0.023077	1.723932	0.379644	0.213779	0.411473	0.316422
85.000000	0.004124	0.004124	1.703922	0.378883	0.216915	0.409676	0.316666
90.000000	0.009041	0.009041	2.365390	0.351316	0.203801	0.408554	0.316099
95.000000	0.018862	0.018862	2.167178	0.351418	0.202620	0.417934	0.327792
100.000000	0.406395	0.406395	3.595535	0.351603	0.263093	0.343599	0.147101
105.000000	0.032181	0.032181	3.320104	0.374704	0.202587	0.399929	0.315851
110.000000	0.022423	0.022423	2.509953	0.365122	0.215098	0.401806	0.316555
115.000000	0.050260	0.050260	2.777857	0.373122	0.212241	0.409058	0.316746
120.000000	0.057458	0.057458	2.246463	0.354951	0.206312	0.391384	0.314382
125.000000	0.062316	0.062316	2.555027	0.366993	0.213345	0.400015	0.315945
130.000000	0.074825	0.074825	2.934714	0.367975	0.208696	0.400493	0.315973
135.000000	0.060443	0.060443	2.653599	0.372835	0.216900	0.404737	0.316100
140.000000	0.065136	0.065136	2.947398	0.365899	0.205789	0.401788	0.315975
145.000000	0.058384	0.058384	2.883447	0.375143	0.213554	0.410800	0.319875
150.000000	0.041629	0.041629	2.333190	0.351622	0.202396	0.402949	0.322364
155.000000	0.048266	0.048266	3.043003	0.371664	0.207999	0.407431	0.319080
160.000000	0.054643	0.054643	2.675446	0.371277	0.215216	0.405747	0.318190
165.000000	0.049178	0.049178	2.636610	0.376314	0.218898	0.401007	0.313261
170.000000	0.114304	0.114304	2.417476	0.356538	0.199858	0.400188	0.313862
175.000000	0.093418	0.093418	2.731666	0.378628	0.219285	0.404094	0.315187
180.000000	0.078779	0.078779	2.326349	0.353473	0.203534	0.396202	0.318897
185.000000	0.107069	0.107069	2.845880	0.377389	0.213553	0.408138	0.316776
190.000000	0.062342	0.062342	2.612061	0.362634	0.210528	0.399700	0.314349
195.000000	0.038047	0.038047	2.634442	0.375031	0.216575	0.401971	0.316477
200.000000	0.063638	0.063638	2.707928	0.373071	0.213647	0.401231	0.314594
205.000000	0.061122	0.061122	3.018034	0.369039	0.204612	0.411061	0.317575
210.000000	0.081911	0.081911	2.971751	0.365830	0.199284	0.403758	0.313881
215.000000	0.069145	0.069145	2.549457	0.367480	0.211766	0.396430	0.314546
220.000000	0.048299	0.048299	3.035217	0.367313	0.202786	0.404831	0.318709
225.000000	0.063179	0.063179	3.260466	0.372851	0.204900	0.393006	0.316657
230.000000	0.050525	0.050525	2.703004	0.377240	0.216577	0.403109	0.314647
235.000000	0.051288	0.051288	2.558235	0.366077	0.206640	0.395747	0.307728
240.000000	0.103736	0.103736	3.012146	0.363235	0.203213	0.403889	0.317442
245.000000	0.049499	0.049499	2.669908	0.378126	0.215347	0.404447	0.313806
250.000000	0.089992	0.089992	2.882090	0.371696	0.210408	0.402945	0.314687
255.000000	0.066129	0.066129	2.650978	0.369234	0.214593	0.402923	0.316919
