0.000000	0.000000	0.000000	0.000000	0.361489	0.173163	0.429409	0.185908
5.000000	0.056800	-0.553188	0.056800	0.356398	0.184445	0.456308	0.182452
10.000000	0.053197	-0.195925	0.053197	0.372620	0.185232	0.446865	0.194063
15.000000	0.040922	-1.120563	0.040922	0.384758	0.185823	0.439276	0.184492
20.000000	0.103633	-1.149822	0.103633	0.378441	0.179234	0.441133	0.185839
25.000000	0.139087	-0.916367	0.139087	0.388240	0.185956	0.450032	0.191943
30.000000	0.181122	-1.241506	0.181122	0.368299	0.174887	0.435866	0.190943
35.000000	0.164008	-1.099826	0.164008	0.373767	0.164329	0.441923	0.178603
40.000000	0.169859	-0.822511	0.169859	0.388571	0.190045	0.448469	0.194866
45.000000	0.188311	-1.208160	0.188311	0.375965	0.176016	0.435238	0.193833
50.000000	0.158773	-1.559765	0.158773	0.365429	0.174534	0.428441	0.194106
55.000000	0.147466	-1.304039	0.147466	0.373165	0.176419	0.430514	0.195792
60.000000	0.077706	-0.052304	0.077706	0.370296	0.163827	0.441048	0.198407
65.000000	0.060516	-0.369301	0.060516	0.363246	0.186056	0.440393	0.210562
70.000000	0.124081	-1.062702	0.124081	0.383656	0.181751	0.437014	0.203725
75.000000	0.137119	0.018074	0.137119	0.364396	0.177141	0.433332	0.217846
80.000000	0.143929	-0.306422	0.143929	0.363655	0.192162	0.454989	0.216870
85.000000	0.217600	-0.545442	0.217600	0.367885	0.188718	0.447941	0.206130
90.000000	0.150948	-1.098238	0.150948	0.381481	0.176851	0.439237	0.207913
95.000000	0.064632	-1.168042	0.064632	0.378028	0.182992	0.434506	0.209019
100.000000	0.193158	-0.959149	0.193158	0.381603	0.182965	0.447721	0.215364
105.000000	0.230625	-0.510056	0.230625	0.367446	0.188303	0.442809	0.210710
110.000000	0.235123	-0.094784	0.235123	0.373730	0.193784	0.436126	0.226220
115.000000	0.148116	-0.564052	0.148116	0.363071	0.182703	0.449247	0.205089
120.000000	0.177559	-1.099121	0.177559	0.375839	0.174105	0.439899	0.206123
125.000000	0.105802	-0.646431	0.105802	0.364602	0.188890	0.446257	0.216159
130.000000	0.144044	-0.572429	0.144044	0.360916	0.184168	0.450022	0.208252
135.000000	0.199974	-1.474801	0.199974	0.366318	0.175091	0.436453	0.213229
140.000000	0.227492	-1.688082	0.227492	0.369111	0.178556	0.433592	0.213849
145.000000	0.220354	-1.400907	0.220354	0.361805	0.175068	0.436150	0.213663
150.000000	0.201676	-1.276730	0.201676	0.369240	0.173774	0.436519	0.213014
155.000000	0.228643	-1.534441	0.228643	0.362790	0.175267	0.432698	0.213021
160.000000	0.220628	-1.644586	0.220628	0.367118	0.169781	0.432075	0.204117
165.000000	0.293210	-0.865563	0.293210	0.375206	0.178271	0.440097	0.207054
170.000000	0.215945	-0.782722	0.215945	0.394000	0.164940	0.453007	0.189852
175.000000	0.221251	-1.230282	0.221251	0.372309	0.175400	0.437155	0.216450
180.000000	0.242050	-1.426121	0.242050	0.363983	0.168354	0.436525	0.207092
185.000000	0.228030	-1.100458	0.228030	0.372941	0.176849	0.436276	0.215637
190.000000	0.224556	-1.077010	0.224556	0.370804	0.176091	0.438537	0.214557
195.000000	0.213470	-1.369660	0.213470	0.368629	0.160664	0.440665	0.201088
200.000000	0.222220	-1.732197	0.222220	0.376667	0.180932	0.432640	0.214289
205.000000	0.254495	-1.465498	0.254495	0.359624	0.173589	0.430260	0.210837
210.000000	0.205274	-1.449004	0.205274	0.369304	0.172715	0.438947	0.212129
215.000000	0.211663	-1.158891	0.211663	0.372626	0.169375	0.434452	0.206188
220.000000	0.194380	-0.791895	0.194380	0.385742	0.186071	0.440856	0.209809
225.000000	0.213731	-0.934984	0.213731	0.374818	0.182229	0.442783	0.213257
230.000000	0.177354	-0.773264	0.177354	0.382174	0.182173	0.438874	0.209951
235.000000	0.260655	-1.244393	0.260655	0.368356	0.173294	0.437384	0.215474
240.000000	0.252737	-1.518273	0.252737	0.361156	0.173506	0.434505	0.212275
245.000000	0.252136	-0.963082	0.252136	0.376375	0.168513	0.440051	0.205242
250.000000	0.248152	-1.173523	0.248152	0.372169	0.175226	0.437366	0.213632
255.000000	0.234780	-1.366268	0.234780	0.366567	0.168825	0.434766	0.209682
