0.000000	0.999832
5.000000	0.999212
10.000000	0.999493
15.000000	0.999345
20.000000	0.999423
25.000000	0.999031
30.000000	0.998570
35.000000	0.998967
40.000000	0.998384
45.000000	0.998605
50.000000	0.999113
55.000000	1.000000
60.000000	0.999883
65.000000	0.999909
70.000000	0.999520
75.000000	0.999464
80.000000	0.998067
85.000000	0.998642
90.000000	0.997446
95.000000	0.997987
100.000000	0.996587
105.000000	0.996980
110.000000	0.995097
115.000000	0.994879
120.000000	0.993530
125.000000	0.992873
130.000000	0.991237
135.000000	0.989654
140.000000	0.988193
145.000000	0.986785
150.000000	0.985005
155.000000	0.983021
160.000000	0.980684
165.000000	0.978004
170.000000	0.975447
175.000000	0.971435
180.000000	0.969051
185.000000	0.965064
190.000000	0.963129
195.000000	0.959226
200.000000	0.955918
205.000000	0.953502
210.000000	0.948927
215.000000	0.947724
220.000000	0.944048
225.000000	0.943066
230.000000	0.943086
235.000000	0.943906
240.000000	0.947511
245.000000	0.951759
250.000000	0.959637
255.000000	0.967766
