0.000000	0.976627
5.000000	0.976943
10.000000	0.976843
15.000000	0.976255
20.000000	0.976424
25.000000	0.975568
30.000000	0.976508
35.000000	0.975481
40.000000	0.976389
45.000000	0.975817
50.000000	0.977033
55.000000	0.976258
60.000000	0.977255
65.000000	0.976735
70.000000	0.977157
75.000000	0.977352
80.000000	0.976594
85.000000	0.975694
90.000000	0.974855
95.000000	0.973767
100.000000	0.971908
105.000000	0.972031
110.000000	0.971563
115.000000	0.973146
120.000000	0.972421
125.000000	0.972817
130.000000	0.969766
135.000000	0.968337
140.000000	0.966430
145.000000	0.965500
150.000000	0.963949
155.000000	0.963322
160.000000	0.963229
165.000000	0.961389
170.000000	0.958657
175.000000	0.956287
180.000000	0.954436
185.000000	0.951492
190.000000	0.951003
195.000000	0.946977
200.000000	0.946662
205.000000	0.944828
210.000000	0.943132
215.000000	0.945954
220.000000	0.945174
225.000000	0.946890
230.000000	0.951736
235.000000	0.957366
240.000000	0.965479
245.000000	0.976293
250.000000	0.983936
255.000000	1.000000
