0.000000	0.997171
1.000000	0.997264
2.000000	0.997816
3.000000	0.998464
4.000000	0.997503
5.000000	0.997752
6.000000	0.998140
7.000000	0.998510
8.000000	0.997597
9.000000	0.996587
10.000000	0.996509
11.000000	0.995391
12.000000	0.996118
13.000000	0.996015
14.000000	0.995764
15.000000	0.995882
16.000000	0.995949
17.000000	0.995895
18.000000	0.995539
19.000000	0.995208
20.000000	0.995263
21.000000	0.995216
22.000000	0.995586
23.000000	0.994797
24.000000	0.995281
25.000000	0.996113
26.000000	0.998642
27.000000	0.998295
28.000000	0.998754
29.000000	0.999285
30.000000	0.999223
31.000000	1.000000
32.000000	0.997966
33.000000	0.994467
34.000000	0.993357
35.000000	0.995566
36.000000	0.995362
37.000000	0.998328
38.000000	0.999040
39.000000	0.995804
40.000000	0.995361
41.000000	0.988719
42.000000	0.990012
43.000000	0.989518
44.000000	0.993499
45.000000	0.994923
46.000000	0.998606
47.000000	0.998643
48.000000	0.998167
49.000000	0.994955
50.000000	0.996125
51.000000	0.992413
52.000000	0.988269
53.000000	0.990076
54.000000	0.992072
55.000000	0.995870
56.000000	0.996638
57.000000	0.997244
58.000000	0.998530
59.000000	0.999127
60.000000	0.998169
61.000000	0.996473
62.000000	0.991299
63.000000	0.991498
64.000000	0.992030
65.000000	0.996762
66.000000	0.995778
67.000000	0.997376
68.000000	0.995677
69.000000	0.994736
70.000000	0.994945
71.000000	0.994003
72.000000	0.993930
73.000000	0.993381
74.000000	0.987692
75.000000	0.985852
76.000000	0.990866
77.000000	0.992520
78.000000	0.994630
79.000000	0.994971
80.000000	0.989287
81.000000	0.989232
82.000000	0.990795
83.000000	0.991965
84.000000	0.992780
85.000000	0.993539
86.000000	0.996915
87.000000	0.994140
88.000000	0.992747
89.000000	0.993434
90.000000	0.993564
91.000000	0.993180
92.000000	0.993882
93.000000	0.993433
94.000000	0.991910
95.000000	0.990917
96.000000	0.989399
97.000000	0.988411
98.000000	0.988117
99.000000	0.988287
100.000000	0.988320
101.000000	0.988704
102.000000	0.988086
103.000000	0.987155
104.000000	0.988580
105.000000	0.988276
106.000000	0.986991
107.000000	0.986608
108.000000	0.986868
109.000000	0.986317
110.000000	0.986241
111.000000	0.986060
112.000000	0.986955
113.000000	0.987036
114.000000	0.986022
115.000000	0.987599
116.000000	0.980184
117.000000	0.982474
118.000000	0.982014
119.000000	0.983828
120.000000	0.984541
121.000000	0.983871
122.000000	0.983592
123.000000	0.983059
124.000000	0.981636
125.000000	0.980938
126.000000	0.980991
127.000000	0.979867
128.000000	0.981449
129.000000	0.982467
130.000000	0.981760
131.000000	0.981422
132.000000	0.981755
133.000000	0.982466
134.000000	0.982264
135.000000	0.980688
136.000000	0.981567
137.000000	0.981041
138.000000	0.979577
139.000000	0.979507
140.000000	0.979512
141.000000	0.978997
142.000000	0.981152
143.000000	0.982005
144.000000	0.980227
145.000000	0.977739
146.000000	0.977351
147.000000	0.974556
148.000000	0.970685
149.000000	0.977141
150.000000	0.978414
151.000000	0.981322
152.000000	0.982414
153.000000	0.981140
154.000000	0.976629
155.000000	0.973290
156.000000	0.966984
157.000000	0.967604
158.000000	0.966327
159.000000	0.971438
160.000000	0.976077
161.000000	0.977166
162.000000	0.974856
163.000000	0.970882
164.000000	0.968874
165.000000	0.962481
166.000000	0.962431
167.000000	0.967840
168.000000	0.967697
169.000000	0.969634
170.000000	0.969819
171.000000	0.968914
172.000000	0.966358
173.000000	0.964410
174.000000	0.963151
175.000000	0.963384
176.000000	0.962459
177.000000	0.963272
178.000000	0.961508
179.000000	0.957626
180.000000	0.954192
181.000000	0.954343
182.000000	0.955341
183.000000	0.953750
184.000000	0.953089
185.000000	0.954688
186.000000	0.954921
187.000000	0.954880
188.000000	0.952913
189.000000	0.953600
190.000000	0.952598
191.000000	0.951494
192.000000	0.950975
193.000000	0.949339
194.000000	0.949684
195.000000	0.949496
196.000000	0.947717
197.000000	0.946203
198.000000	0.944875
199.000000	0.941961
200.000000	0.939969
201.000000	0.940254
202.000000	0.937665
203.000000	0.937843
204.000000	0.938475
205.000000	0.934768
206.000000	0.932393
207.000000	0.930997
208.000000	0.929799
209.000000	0.927876
210.000000	0.926841
211.000000	0.925883
212.000000	0.924611
213.000000	0.927800
214.000000	0.927457
215.000000	0.925234
216.000000	0.920759
217.000000	0.919095
218.000000	0.917524
219.000000	0.914824
220.000000	0.914163
221.000000	0.911919
222.000000	0.911763
223.000000	0.914325
224.000000	0.914709
225.000000	0.912536
226.000000	0.908935
227.000000	0.903581
228.000000	0.900690
229.000000	0.898238
230.000000	0.899654
231.000000	0.897493
232.000000	0.899168
233.000000	0.898402
234.000000	0.896377
235.000000	0.893857
236.000000	0.893039
237.000000	0.891799
238.000000	0.891733
239.000000	0.888772
240.000000	0.887099
241.000000	0.885794
242.000000	0.884678
243.000000	0.883205
244.000000	0.881253
245.000000	0.879970
246.000000	0.880910
247.000000	0.882000
248.000000	0.881921
249.000000	0.880651
250.000000	0.877895
251.000000	0.873847
252.000000	0.873080
253.000000	0.872251
254.000000	0.871031
255.000000	0.869675
