0.000000	0.423896
5.000000	0.423975
10.000000	0.423512
15.000000	0.423456
20.000000	0.424128
25.000000	0.423338
30.000000	0.424038
35.000000	0.423754
40.000000	0.423336
45.000000	0.422801
50.000000	0.423845
55.000000	0.423910
60.000000	0.424169
65.000000	0.424230
70.000000	0.423039
75.000000	0.422286
80.000000	0.419613
85.000000	0.418453
90.000000	0.408937
95.000000	0.411735
100.000000	0.409023
105.000000	0.404973
110.000000	0.400627
115.000000	0.396769
120.000000	0.392600
125.000000	0.388929
130.000000	0.382462
135.000000	0.377875
140.000000	0.365746
145.000000	0.364358
150.000000	0.356993
155.000000	0.349371
160.000000	0.342487
165.000000	0.334292
170.000000	0.327582
175.000000	0.321396
180.000000	0.315102
185.000000	0.311455
190.000000	0.308038
195.000000	0.307039
200.000000	0.314445
205.000000	0.320175
210.000000	0.343316
215.000000	0.370176
220.000000	0.395546
225.000000	0.452385
230.000000	0.514282
235.000000	0.589421
240.000000	0.683877
245.000000	0.774331
250.000000	0.885837
255.000000	1.000000
