0.000000	0.991077
5.000000	0.991240
10.000000	0.988709
15.000000	0.989767
20.000000	0.999866
25.000000	0.999711
30.000000	1.000000
35.000000	0.999251
40.000000	0.996833
45.000000	0.985433
50.000000	0.986948
55.000000	0.988399
60.000000	0.988735
65.000000	0.989992
70.000000	0.990844
75.000000	0.989854
80.000000	0.989069
85.000000	0.987312
90.000000	0.989000
95.000000	0.988971
100.000000	0.989716
105.000000	0.988152
110.000000	0.987096
115.000000	0.986149
120.000000	0.985418
125.000000	0.985850
130.000000	0.984196
135.000000	0.978825
140.000000	0.979241
145.000000	0.978118
150.000000	0.974199
155.000000	0.965995
160.000000	0.968695
165.000000	0.965579
170.000000	0.959832
175.000000	0.950051
180.000000	0.941206
185.000000	0.932403
190.000000	0.919168
195.000000	0.908154
200.000000	0.886255
205.000000	0.861038
210.000000	0.828484
215.000000	0.800692
220.000000	0.765744
225.000000	0.720980
230.000000	0.660252
235.000000	0.604191
240.000000	0.534379
245.000000	0.473650
250.000000	0.409925
255.000000	0.347897
