0.000000	0.000000	0.000000	0.000000	0.499157	0.092849	0.441239	0.128983
5.000000	0.021276	0.515339	-0.021276	0.538021	0.089571	0.442400	0.077315
10.000000	0.021706	1.241474	0.021706	0.585065	0.141849	0.436933	0.100148
15.000000	0.087031	-0.193303	0.087031	0.578127	0.120361	0.436595	0.100614
20.000000	0.029888	1.421880	-0.029888	0.615902	0.128302	0.440206	0.100403
25.000000	0.031139	1.524976	0.031139	0.613841	0.099167	0.454835	0.098643
30.000000	0.080927	1.605044	-0.080927	0.617824	0.056756	0.460231	0.046102
35.000000	0.199704	1.612591	-0.199704	0.596660	0.114174	0.455180	0.073108
40.000000	0.067945	1.685346	-0.067945	0.614427	0.142298	0.445439	0.096826
45.000000	0.014358	1.881610	-0.014358	0.614366	0.088270	0.448645	0.090612
50.000000	0.047691	2.129394	0.047691	0.614866	0.077350	0.451922	0.073707
55.000000	0.344133	2.571975	-0.344133	0.614329	0.061770	0.461680	0.080516
60.000000	0.239935	2.716237	-0.239935	0.604809	0.076126	0.458677	0.075930
65.000000	0.032827	2.202971	-0.032827	0.593118	0.089667	0.442585	0.104324
70.000000	0.099245	2.179531	0.099245	0.592658	0.117158	0.444720	0.103776
75.000000	0.319296	2.988970	-0.319296	0.622989	0.145651	0.432895	0.104985
80.000000	0.279244	2.934028	-0.279244	0.606679	0.143327	0.456128	0.089813
85.000000	0.109024	2.423602	-0.109024	0.597782	0.101780	0.447452	0.099541
90.000000	0.292667	2.930283	-0.292667	0.611955	0.154432	0.439173	0.095910
95.000000	0.145753	2.642070	-0.145753	0.590833	0.109767	0.446204	0.109226
100.000000	0.252724	2.838724	-0.252724	0.591033	0.140522	0.442796	0.102350
105.000000	0.092784	2.493920	-0.092784	0.583074	0.113006	0.439674	0.114245
110.000000	0.014661	2.312447	0.014661	0.590528	0.132295	0.441099	0.120033
115.000000	0.087063	2.267796	0.087063	0.590628	0.145267	0.431341	0.131811
120.000000	0.015023	2.399646	0.015023	0.587870	0.129439	0.441772	0.112559
125.000000	0.198053	2.690486	-0.198053	0.578940	0.127825	0.431362	0.123141
130.000000	0.267327	2.777490	-0.267327	0.586444	0.140148	0.426110	0.119439
135.000000	0.261311	2.817447	-0.261311	0.593918	0.149732	0.442281	0.113955
140.000000	0.181507	2.709760	-0.181507	0.582814	0.146073	0.450361	0.103186
145.000000	0.012948	2.350210	0.012948	0.594698	0.149393	0.439845	0.110941
150.000000	0.024702	2.467746	-0.024702	0.587540	0.134983	0.432887	0.124064
155.000000	0.083380	2.544307	-0.083380	0.584263	0.137055	0.443515	0.116154
160.000000	0.032251	2.419383	-0.032251	0.588313	0.146077	0.441949	0.117655
165.000000	0.214622	2.726460	-0.214622	0.580316	0.153667	0.446289	0.112509
170.000000	0.008495	2.393067	0.008495	0.593293	0.147347	0.444259	0.132262
175.000000	0.006763	2.417095	0.006763	0.582220	0.143139	0.434275	0.137122
180.000000	0.082067	2.459993	-0.082067	0.565751	0.166924	0.448383	0.096125
185.000000	0.224843	2.766093	-0.224843	0.576137	0.157164	0.433917	0.114942
190.000000	0.131028	2.575261	-0.131028	0.567476	0.157216	0.458457	0.093760
195.000000	0.180183	2.680185	-0.180183	0.579187	0.156892	0.448512	0.101108
200.000000	0.217136	2.748911	-0.217136	0.577385	0.153677	0.437107	0.115633
205.000000	0.196884	2.794069	-0.196884	0.572771	0.163740	0.439517	0.106627
210.000000	0.002124	2.402863	0.002124	0.589652	0.151995	0.435254	0.117650
215.000000	0.038612	2.476988	-0.038612	0.583349	0.140484	0.438801	0.125042
220.000000	0.172294	2.737329	-0.172294	0.579427	0.153480	0.445606	0.110073
225.000000	0.002843	2.453265	-0.002843	0.583960	0.150727	0.437882	0.115156
230.000000	0.016662	2.397782	-0.016662	0.587898	0.156092	0.436836	0.108480
235.000000	0.197049	2.740662	-0.197049	0.572763	0.168651	0.446163	0.095387
240.000000	0.094327	2.556461	-0.094327	0.570081	0.157441	0.440284	0.099379
245.000000	0.136863	2.691550	-0.136863	0.570828	0.163128	0.448049	0.093928
250.000000	0.020726	2.402243	-0.020726	0.581198	0.163186	0.438178	0.101885
255.000000	0.041141	2.406219	-0.041141	0.580916	0.163257	0.439401	0.100559
