0.000000	0.998102
5.000000	0.998496
10.000000	0.999334
15.000000	1.000000
20.000000	0.999975
25.000000	0.998860
30.000000	0.996881
35.000000	0.996403
40.000000	0.995839
45.000000	0.997323
50.000000	0.996703
55.000000	0.996963
60.000000	0.997230
65.000000	0.996378
70.000000	0.993902
75.000000	0.994955
80.000000	0.994569
85.000000	0.996680
90.000000	0.996940
95.000000	0.995065
100.000000	0.995226
105.000000	0.994863
110.000000	0.994539
115.000000	0.991696
120.000000	0.988186
125.000000	0.990750
130.000000	0.990648
135.000000	0.992884
140.000000	0.993288
145.000000	0.989953
150.000000	0.990248
155.000000	0.993336
160.000000	0.987594
165.000000	0.985264
170.000000	0.982017
175.000000	0.985637
180.000000	0.985082
185.000000	0.981309
190.000000	0.980249
195.000000	0.969104
200.000000	0.962080
205.000000	0.964172
210.000000	0.948209
215.000000	0.934204
220.000000	0.926056
225.000000	0.911770
230.000000	0.878009
235.000000	0.839730
240.000000	0.802557
245.000000	0.761430
250.000000	0.717564
255.000000	0.635444
