0.000000	0.997568
5.000000	0.997438
10.000000	0.998303
15.000000	0.999130
20.000000	1.000000
25.000000	0.997462
30.000000	0.997671
35.000000	0.997663
40.000000	0.997782
45.000000	0.997255
50.000000	0.998858
55.000000	0.997647
60.000000	0.998466
65.000000	0.997705
70.000000	0.997177
75.000000	0.997235
80.000000	0.997139
85.000000	0.997593
90.000000	0.996352
95.000000	0.994864
100.000000	0.996292
105.000000	0.995139
110.000000	0.995792
115.000000	0.994824
120.000000	0.992927
125.000000	0.993010
130.000000	0.992805
135.000000	0.993224
140.000000	0.994029
145.000000	0.992929
150.000000	0.993245
155.000000	0.989597
160.000000	0.988215
165.000000	0.989164
170.000000	0.990083
175.000000	0.983928
180.000000	0.986082
185.000000	0.979501
190.000000	0.977856
195.000000	0.972670
200.000000	0.978363
205.000000	0.968984
210.000000	0.960196
215.000000	0.951186
220.000000	0.929962
225.000000	0.906424
230.000000	0.883427
235.000000	0.849291
240.000000	0.808891
245.000000	0.755379
250.000000	0.690325
255.000000	0.590803
