0.000000	0.000000	0.000000	0.000000	0.572115	0.123654	0.507207	0.094113
5.000000	0.154791	0.002924	0.154791	0.620179	0.112983	0.523426	0.078481
10.000000	0.448461	0.073787	0.448461	0.657147	0.113769	0.536247	0.094021
15.000000	0.247166	0.093260	-0.247166	0.700135	0.124606	0.529379	0.136504
20.000000	0.851743	0.072138	0.851743	0.722597	0.138679	0.554850	0.102777
25.000000	0.292238	0.149662	-0.292238	0.741148	0.119759	0.534562	0.107305
30.000000	0.990406	0.055607	0.990406	0.744908	0.162155	0.551070	0.111059
35.000000	0.449059	0.128727	-0.449059	0.753802	0.123172	0.534695	0.126522
40.000000	1.002221	0.045972	1.002221	0.752305	0.140668	0.552559	0.091809
45.000000	0.397369	0.117907	-0.397369	0.746480	0.071395	0.533207	0.082622
50.000000	0.509390	0.211351	-0.509390	0.755525	0.097980	0.536297	0.065235
55.000000	0.477905	-0.696999	0.477905	0.749224	0.027399	0.538772	0.025278
60.000000	1.632121	-0.021478	1.632121	0.730155	0.050854	0.548888	0.022044
65.000000	1.397235	0.081239	1.397235	0.743528	0.121226	0.532139	0.037247
70.000000	1.286777	-1.715145	1.286777	0.749231	0.065463	0.538860	0.027046
75.000000	1.331678	-1.806931	1.331678	0.749563	0.114985	0.529269	0.083569
80.000000	1.442303	0.081417	1.442303	0.741650	0.135935	0.536029	0.053471
85.000000	3.214996	0.203653	3.214996	0.750818	0.124644	0.521406	0.074667
90.000000	1.590555	0.141145	1.590555	0.730189	0.131646	0.529540	0.037111
95.000000	2.849971	0.153886	2.849971	0.740938	0.103802	0.538768	0.041710
100.000000	1.637514	0.129245	1.637514	0.729563	0.140640	0.533403	0.049982
105.000000	2.879554	0.161556	2.879554	0.734037	0.133882	0.525634	0.065718
110.000000	1.878825	0.220344	1.878825	0.713449	0.143623	0.527600	0.050760
115.000000	2.518419	0.046370	2.518419	0.724350	0.122384	0.538310	0.051923
120.000000	2.340369	0.244046	2.340369	0.706010	0.117890	0.534734	0.052477
125.000000	2.101947	0.165616	2.101947	0.706856	0.109052	0.530537	0.038556
130.000000	2.598897	0.192055	2.598897	0.708454	0.127455	0.527794	0.059957
135.000000	2.422930	0.091298	2.422930	0.706433	0.124256	0.529726	0.051799
140.000000	2.403248	0.218926	2.403248	0.703767	0.123863	0.532273	0.056169
145.000000	1.922214	0.183532	1.922214	0.711805	0.153644	0.523722	0.062923
150.000000	2.657898	0.122486	2.657898	0.719576	0.148666	0.522373	0.072713
155.000000	2.025953	0.241362	2.025953	0.706606	0.160755	0.508253	0.071052
160.000000	2.554525	0.104851	2.554525	0.707098	0.159267	0.530032	0.088947
165.000000	1.988752	0.189622	1.988752	0.704517	0.166347	0.518859	0.084872
170.000000	2.479418	0.108581	2.479418	0.700768	0.156564	0.526790	0.091980
175.000000	2.054206	0.192873	2.054206	0.695088	0.167067	0.515975	0.089458
180.000000	2.378093	0.125748	2.378093	0.691741	0.156577	0.523054	0.095633
185.000000	2.130715	0.178708	2.130715	0.686551	0.164556	0.511112	0.096592
190.000000	2.468642	0.096454	2.468642	0.698446	0.160398	0.528914	0.100153
195.000000	2.234758	0.139948	2.234758	0.683025	0.160762	0.513430	0.095897
200.000000	2.395778	0.115991	2.395778	0.692852	0.157319	0.525169	0.098521
205.000000	2.407325	0.055400	2.407325	0.694131	0.161083	0.520559	0.096714
210.000000	2.025535	0.204764	2.025535	0.704741	0.165494	0.514193	0.101918
215.000000	2.518447	0.062552	2.518447	0.705943	0.164131	0.526083	0.096734
220.000000	2.060848	0.195228	2.060848	0.699079	0.165740	0.513814	0.093764
225.000000	2.513797	0.078347	2.513797	0.701588	0.163579	0.526022	0.101998
230.000000	2.124835	0.183027	2.124835	0.687923	0.164862	0.512178	0.099192
235.000000	2.469119	0.088417	2.469119	0.695515	0.161296	0.523789	0.103202
240.000000	2.054365	0.199393	2.054365	0.697911	0.167128	0.510369	0.098258
245.000000	2.533140	0.091748	2.533140	0.705883	0.162015	0.533978	0.094471
250.000000	2.107877	0.186447	2.107877	0.691178	0.165551	0.513612	0.091340
255.000000	2.489371	0.097147	2.489371	0.702974	0.160026	0.530301	0.094085
