0.000000	0.991325
5.000000	0.988814
10.000000	0.987916
15.000000	0.987204
20.000000	0.998205
25.000000	1.000000
30.000000	0.996654
35.000000	0.990177
40.000000	0.989501
45.000000	0.990427
50.000000	0.991195
55.000000	0.988655
60.000000	0.989614
65.000000	0.987291
70.000000	0.988991
75.000000	0.988177
80.000000	0.984994
85.000000	0.986640
90.000000	0.993626
95.000000	0.992247
100.000000	0.992901
105.000000	0.988564
110.000000	0.975973
115.000000	0.973992
120.000000	0.972933
125.000000	0.972261
130.000000	0.967912
135.000000	0.963448
140.000000	0.958400
145.000000	0.954205
150.000000	0.947895
155.000000	0.940359
160.000000	0.934724
165.000000	0.922584
170.000000	0.913910
175.000000	0.901855
180.000000	0.884170
185.000000	0.866905
190.000000	0.849262
195.000000	0.821545
200.000000	0.799153
205.000000	0.765817
210.000000	0.714932
215.000000	0.669067
220.000000	0.621035
225.000000	0.565253
230.000000	0.500089
235.000000	0.441801
240.000000	0.374055
245.000000	0.323632
250.000000	0.279466
255.000000	0.247394
