0.000000	0.000000	0.000000	0.000000	0.442542	0.407661	0.497151	0.411249
5.000000	0.040550	0.151309	-0.040550	0.465038	0.427953	0.495391	0.418760
10.000000	0.071308	0.246581	-0.071308	0.485284	0.452700	0.498671	0.414086
15.000000	0.073183	0.051904	-0.073183	0.480595	0.455438	0.503740	0.417289
20.000000	0.094931	0.546136	-0.094931	0.545394	0.511245	0.498934	0.399196
25.000000	0.064369	0.125809	-0.064369	0.506863	0.473786	0.501132	0.413053
30.000000	0.043322	0.663208	-0.043322	0.576069	0.525116	0.499418	0.401365
35.000000	0.037106	0.687165	-0.037106	0.588152	0.526417	0.499701	0.396178
40.000000	0.032010	0.602266	-0.032010	0.574251	0.524602	0.497604	0.397147
45.000000	0.034646	0.696506	-0.034646	0.599292	0.530323	0.499173	0.392460
50.000000	0.002089	1.043661	0.002089	0.665121	0.538084	0.510456	0.398153
55.000000	0.022823	0.780668	-0.022823	0.622580	0.532005	0.503181	0.391150
60.000000	0.004575	0.608771	-0.004575	0.592947	0.513816	0.503506	0.389079
65.000000	0.013966	0.336350	0.013966	0.559033	0.494010	0.507905	0.384361
70.000000	0.062821	0.055574	0.062821	0.545300	0.482346	0.511087	0.394500
75.000000	0.008734	0.439238	0.008734	0.576216	0.499891	0.508925	0.381120
80.000000	0.035704	0.388580	0.035704	0.569094	0.495130	0.502100	0.385996
85.000000	0.022187	0.428122	0.022187	0.577202	0.498038	0.501760	0.382830
90.000000	0.041232	0.203011	0.041232	0.556780	0.483725	0.504578	0.390982
95.000000	0.058662	0.230186	0.058662	0.562692	0.480059	0.501986	0.386671
100.000000	0.058171	0.191140	0.058171	0.561551	0.481214	0.504484	0.388656
105.000000	0.056142	0.699120	0.056142	0.618159	0.511715	0.512186	0.380981
110.000000	0.082216	0.549262	0.082216	0.592586	0.499647	0.504795	0.385546
115.000000	0.089219	0.896495	0.089219	0.646774	0.521735	0.516978	0.384060
120.000000	0.103311	0.636215	0.103311	0.604195	0.501416	0.508511	0.385345
125.000000	0.084184	0.505691	0.084184	0.588827	0.494794	0.510964	0.380274
130.000000	0.093805	0.615174	0.093805	0.604233	0.499635	0.507258	0.381212
135.000000	0.127346	0.333201	0.127346	0.570181	0.481619	0.505916	0.380915
140.000000	0.110280	0.275461	0.110280	0.570797	0.477509	0.508181	0.381133
145.000000	0.104970	0.392768	0.104970	0.577047	0.484850	0.506843	0.378317
150.000000	0.119570	0.224452	0.119570	0.567766	0.475564	0.503277	0.381390
155.000000	0.153726	0.083795	0.153726	0.565390	0.475667	0.504270	0.384542
160.000000	0.167160	-0.159491	0.167160	0.577385	0.482210	0.517664	0.386093
165.000000	0.140212	0.137637	0.140212	0.566991	0.473785	0.503623	0.383917
170.000000	0.157390	0.012557	0.157390	0.570023	0.474345	0.511184	0.383046
175.000000	0.179278	-0.216465	0.179278	0.580785	0.489306	0.518048	0.389955
180.000000	0.190918	-0.313640	0.190918	0.594779	0.495283	0.521812	0.389919
185.000000	0.206389	-0.262629	0.206389	0.593391	0.489721	0.519124	0.385010
190.000000	0.192408	-0.362651	0.192408	0.604238	0.496403	0.522558	0.386342
195.000000	0.175256	-0.664325	0.175256	0.647914	0.513483	0.533793	0.392984
200.000000	0.181533	-0.326937	0.181533	0.596069	0.492078	0.519859	0.387261
205.000000	0.195366	-0.086730	0.195366	0.575107	0.479746	0.512013	0.384670
210.000000	0.210123	-0.102320	0.210123	0.578278	0.479826	0.514159	0.383433
215.000000	0.190908	0.024197	0.190908	0.569560	0.475534	0.509538	0.384445
220.000000	0.180666	0.070634	0.180666	0.567560	0.475188	0.506272	0.380731
225.000000	0.179145	0.016473	0.179145	0.567948	0.477338	0.507381	0.384579
230.000000	0.199276	-0.010530	0.199276	0.570275	0.478065	0.511174	0.380046
235.000000	0.196332	-0.044682	0.196332	0.573832	0.476657	0.511011	0.383550
240.000000	0.197619	0.070660	0.197619	0.568374	0.475048	0.509913	0.379092
245.000000	0.247088	-0.564012	0.247088	0.641509	0.513856	0.528203	0.394943
250.000000	0.207565	-0.123664	0.207565	0.579493	0.480684	0.516407	0.383337
255.000000	0.205770	-0.150324	0.205770	0.579562	0.484600	0.516269	0.387469
