0.000000	0.000000	0.000000	0.000000	0.460185	0.345720	0.392723	0.313256
5.000000	0.108474	-0.108474	0.521818	0.347069	0.354397	0.400493	0.338012
10.000000	0.093755	-0.093755	0.523944	0.392218	0.370892	0.397246	0.338475
15.000000	0.092474	-0.092474	0.455714	0.448644	0.365651	0.408642	0.336383
20.000000	0.150630	-0.150630	0.619135	0.429077	0.399387	0.408813	0.339134
25.000000	0.154077	-0.154077	0.405101	0.501766	0.360491	0.416451	0.321783
30.000000	0.201209	-0.201209	0.534260	0.484725	0.390040	0.419767	0.322293
35.000000	0.204852	-0.204852	0.489802	0.505282	0.385940	0.422757	0.319962
40.000000	0.238643	-0.238643	0.763859	0.458876	0.437346	0.421456	0.336897
45.000000	0.255319	-0.255319	0.682146	0.478765	0.418045	0.426844	0.325966
50.000000	0.261746	-0.261746	0.627201	0.515981	0.400988	0.428274	0.322828
55.000000	0.290699	-0.290699	0.691081	0.491671	0.430348	0.432020	0.326021
60.000000	0.282146	-0.282146	0.775697	0.492303	0.442660	0.434624	0.330800
65.000000	0.292735	-0.292735	0.588880	0.531633	0.396371	0.427336	0.315757
70.000000	0.308678	-0.308678	0.477638	0.556385	0.371441	0.427755	0.306160
75.000000	0.318178	-0.318178	0.549808	0.538470	0.388773	0.426307	0.310604
80.000000	0.338509	-0.338509	0.684472	0.504922	0.427501	0.427119	0.315730
85.000000	0.362393	-0.362393	0.473471	0.550831	0.377826	0.427592	0.300038
90.000000	0.387705	-0.387705	0.516030	0.531335	0.390651	0.419973	0.299258
95.000000	0.402595	-0.402595	0.458804	0.544200	0.376323	0.422823	0.295893
100.000000	0.402623	-0.402623	0.468260	0.537339	0.379045	0.414047	0.293496
105.000000	0.414939	-0.414939	0.531592	0.527650	0.397401	0.422003	0.298646
110.000000	0.402468	-0.402468	0.641081	0.511057	0.416902	0.420747	0.302905
115.000000	0.406215	-0.406215	0.737895	0.503465	0.438144	0.423304	0.307903
120.000000	0.391585	-0.391585	0.927307	0.508707	0.453933	0.428975	0.320411
125.000000	0.403307	-0.403307	0.866098	0.508350	0.449425	0.426229	0.316262
130.000000	0.410812	-0.410812	0.768654	0.499008	0.442633	0.423480	0.309875
135.000000	0.407915	-0.407915	0.807747	0.503014	0.446659	0.423572	0.310580
140.000000	0.437712	-0.437712	0.741117	0.503439	0.440113	0.419965	0.303377
145.000000	0.410322	-0.410322	0.973985	0.518483	0.450294	0.425516	0.318446
150.000000	0.428709	-0.428709	0.856888	0.506603	0.451827	0.423320	0.310072
155.000000	0.449106	-0.449106	0.752391	0.502764	0.442957	0.421025	0.303939
160.000000	0.457849	-0.457849	0.719233	0.498795	0.441977	0.416923	0.301433
165.000000	0.460320	-0.460320	0.715639	0.503147	0.435753	0.416155	0.297911
170.000000	0.447055	-0.447055	0.805316	0.501315	0.449461	0.418454	0.305296
175.000000	0.463566	-0.463566	0.753017	0.497830	0.449450	0.414729	0.301296
180.000000	0.474454	-0.474454	0.846165	0.502898	0.451777	0.411707	0.312919
185.000000	0.431027	-0.431027	1.038222	0.532645	0.433339	0.426069	0.317875
190.000000	0.441352	-0.441352	0.927354	0.521214	0.441228	0.419963	0.311640
195.000000	0.463112	-0.463112	0.785579	0.495667	0.447782	0.412823	0.304055
200.000000	0.496095	-0.496095	0.515540	0.513113	0.405905	0.412426	0.289323
205.000000	0.516195	-0.516195	0.318327	0.553238	0.358780	0.415780	0.279298
210.000000	0.452673	-0.452673	0.839441	0.508213	0.446829	0.418939	0.303032
215.000000	0.482897	-0.482897	0.637529	0.507542	0.423555	0.416446	0.295141
220.000000	0.487476	-0.487476	0.608292	0.501397	0.423858	0.417944	0.293969
225.000000	0.486320	-0.486320	0.509179	0.524213	0.394975	0.412710	0.286148
230.000000	0.470217	-0.470217	0.706384	0.501066	0.437673	0.416296	0.296821
235.000000	0.457539	-0.457539	0.770901	0.505100	0.439179	0.414958	0.300652
240.000000	0.434514	-0.434514	0.934311	0.521110	0.442137	0.419192	0.311507
245.000000	0.450461	-0.450461	0.762498	0.500279	0.442643	0.419466	0.303597
250.000000	0.460683	-0.460683	0.660989	0.500104	0.432004	0.417847	0.297446
255.000000	0.451136	-0.451136	0.758066	0.495010	0.447735	0.416846	0.303215
