0.000000	0.994782
5.000000	0.995926
10.000000	0.998019
15.000000	0.998094
20.000000	0.999283
25.000000	0.998129
30.000000	0.997996
35.000000	0.996779
40.000000	0.997963
45.000000	0.994250
50.000000	0.997645
55.000000	0.995657
60.000000	0.995408
65.000000	0.995913
70.000000	0.995928
75.000000	0.996178
80.000000	0.997002
85.000000	1.000000
90.000000	0.997465
95.000000	0.995320
100.000000	0.995808
105.000000	0.994002
110.000000	0.995948
115.000000	0.995593
120.000000	0.996015
125.000000	0.997790
130.000000	0.995121
135.000000	0.992566
140.000000	0.991626
145.000000	0.996671
150.000000	0.995630
155.000000	0.989533
160.000000	0.992234
165.000000	0.987520
170.000000	0.986995
175.000000	0.984653
180.000000	0.983322
185.000000	0.979057
190.000000	0.974677
195.000000	0.970161
200.000000	0.966246
205.000000	0.964163
210.000000	0.943583
215.000000	0.930738
220.000000	0.916738
225.000000	0.907215
230.000000	0.870610
235.000000	0.830365
240.000000	0.775726
245.000000	0.715160
250.000000	0.640624
255.000000	0.534162
