0.000000	0.997802
5.000000	0.998901
10.000000	0.998210
15.000000	0.998633
20.000000	0.999911
25.000000	0.997921
30.000000	0.999607
35.000000	0.997644
40.000000	0.999317
45.000000	0.997808
50.000000	0.977516
55.000000	0.999731
60.000000	0.998505
65.000000	1.000000
70.000000	0.998703
75.000000	0.997922
80.000000	0.993913
85.000000	0.990703
90.000000	0.987634
95.000000	0.984366
100.000000	0.980815
105.000000	0.975947
110.000000	0.970577
115.000000	0.964346
120.000000	0.956867
125.000000	0.951690
130.000000	0.938454
135.000000	0.930915
140.000000	0.915648
145.000000	0.888799
150.000000	0.892526
155.000000	0.872954
160.000000	0.857542
165.000000	0.832010
170.000000	0.812972
175.000000	0.782893
180.000000	0.753471
185.000000	0.716746
190.000000	0.681156
195.000000	0.644994
200.000000	0.599401
205.000000	0.557566
210.000000	0.504228
215.000000	0.458842
220.000000	0.414393
225.000000	0.368254
230.000000	0.336126
235.000000	0.313570
240.000000	0.298599
245.000000	0.300435
250.000000	0.329910
255.000000	0.377501
