0.000000	0.999856
5.000000	0.998122
10.000000	0.998458
15.000000	1.000000
20.000000	0.998970
25.000000	0.998424
30.000000	0.997325
35.000000	0.999970
40.000000	0.998849
45.000000	0.996946
50.000000	0.998723
55.000000	0.998455
60.000000	0.995990
65.000000	0.996642
70.000000	0.997965
75.000000	0.992492
80.000000	0.988019
85.000000	0.982676
90.000000	0.976365
95.000000	0.973487
100.000000	0.963122
105.000000	0.954934
110.000000	0.945685
115.000000	0.936876
120.000000	0.927604
125.000000	0.914233
130.000000	0.900534
135.000000	0.888710
140.000000	0.870566
145.000000	0.857901
150.000000	0.836194
155.000000	0.811738
160.000000	0.793466
165.000000	0.765367
170.000000	0.737883
175.000000	0.701070
180.000000	0.671065
185.000000	0.636326
190.000000	0.602599
195.000000	0.561497
200.000000	0.517295
205.000000	0.474932
210.000000	0.422129
215.000000	0.378091
220.000000	0.334000
225.000000	0.295148
230.000000	0.258281
235.000000	0.226237
240.000000	0.202658
245.000000	0.194224
250.000000	0.197553
255.000000	0.214057
