0.000000	0.000000	0.000000	0.000000	0.442738	0.365776	0.539906	0.430195
5.000000	0.041015	-0.041015	-0.048590	0.449735	0.371347	0.519316	0.424236
10.000000	0.087780	-0.087780	0.080471	0.448215	0.367741	0.488936	0.406540
15.000000	0.118238	-0.118238	-0.153555	0.447321	0.371300	0.470636	0.399620
20.000000	0.160138	-0.160138	-0.291290	0.446535	0.370777	0.443944	0.392229
25.000000	0.202855	-0.202855	-0.190262	0.445988	0.368217	0.421123	0.373277
30.000000	0.250908	-0.250908	-0.400661	0.444553	0.364010	0.420228	0.355337
35.000000	0.310050	-0.310050	-0.399911	0.444746	0.366200	0.409601	0.348489
40.000000	0.356558	-0.356558	-0.268185	0.448093	0.365248	0.396042	0.340325
45.000000	0.390291	-0.390291	-0.308445	0.445739	0.364562	0.390096	0.334309
50.000000	0.417453	-0.417453	-0.497444	0.446344	0.367199	0.388796	0.339116
55.000000	0.456585	-0.456585	-0.542496	0.448707	0.367383	0.386757	0.341205
60.000000	0.439818	-0.439818	-0.894205	0.446569	0.368338	0.398273	0.335006
65.000000	0.466381	-0.466381	-1.042514	0.447185	0.363457	0.400294	0.324230
70.000000	0.468454	-0.468454	-1.814060	0.436295	0.359585	0.391786	0.315391
75.000000	0.458433	-0.458433	-1.991516	0.440922	0.362026	0.395194	0.321692
80.000000	0.490661	-0.490661	-1.555966	0.439436	0.360297	0.400831	0.318831
85.000000	0.541206	-0.541206	-0.788981	0.449404	0.363892	0.402702	0.335790
90.000000	0.583197	-0.583197	-1.131404	0.448273	0.362449	0.410882	0.326655
95.000000	0.564936	-0.564936	-1.081071	0.445823	0.365913	0.413112	0.332670
100.000000	0.602373	-0.602373	-0.745736	0.452049	0.363946	0.409485	0.341222
105.000000	0.606480	-0.606480	-0.795871	0.451872	0.368336	0.415163	0.343788
110.000000	0.684817	-0.684817	-2.081367	0.446502	0.365082	0.402617	0.335824
115.000000	0.665910	-0.665910	-1.887813	0.440253	0.365405	0.403683	0.334891
120.000000	0.673040	-0.673040	-1.911689	0.442099	0.367134	0.413122	0.338317
125.000000	0.754882	-0.754882	-2.034888	0.452407	0.367869	0.409321	0.347733
130.000000	0.723891	-0.723891	-1.962851	0.448150	0.370934	0.417125	0.349591
135.000000	0.772232	-0.772232	-1.868344	0.450485	0.368636	0.415837	0.348059
140.000000	0.778171	-0.778171	-1.357633	0.449556	0.365085	0.431180	0.340570
145.000000	0.772900	-0.772900	-1.805303	0.455815	0.365402	0.422464	0.349079
150.000000	0.751148	-0.751148	-2.329294	0.448499	0.362301	0.410724	0.351970
155.000000	0.682181	-0.682181	-1.904663	0.443214	0.359568	0.421906	0.348612
160.000000	0.741815	-0.741815	-2.762103	0.448641	0.362505	0.405379	0.351567
165.000000	0.796723	-0.796723	-2.088495	0.444481	0.369802	0.418065	0.360225
170.000000	0.743455	-0.743455	-2.029038	0.441917	0.369010	0.421929	0.358846
175.000000	0.767062	-0.767062	-1.959445	0.443031	0.368422	0.426165	0.355906
180.000000	0.741026	-0.741026	-1.971428	0.444790	0.368138	0.425641	0.356558
185.000000	0.734440	-0.734440	-2.465857	0.443160	0.355072	0.413267	0.354526
190.000000	0.772257	-0.772257	-1.371931	0.447896	0.363776	0.441548	0.346468
195.000000	0.771447	-0.771447	-1.133669	0.446866	0.368824	0.442515	0.350785
200.000000	0.759613	-0.759613	-1.178433	0.449908	0.368750	0.444188	0.349427
205.000000	0.759753	-0.759753	-1.389224	0.450978	0.362904	0.440811	0.348135
210.000000	0.750698	-0.750698	-0.904770	0.449184	0.364297	0.442875	0.353415
215.000000	0.759011	-0.759011	-1.068667	0.449583	0.365233	0.440932	0.350025
220.000000	0.741444	-0.741444	-1.203375	0.447622	0.372420	0.443893	0.352233
225.000000	0.710829	-0.710829	-0.999931	0.448079	0.367442	0.444144	0.352408
230.000000	0.722513	-0.722513	-1.200970	0.444568	0.368228	0.441903	0.350986
235.000000	0.739642	-0.739642	-0.873185	0.447835	0.367244	0.444499	0.355880
240.000000	0.739867	-0.739867	-0.997568	0.448752	0.368060	0.442979	0.353384
245.000000	0.700729	-0.700729	-1.060532	0.450353	0.364733	0.441864	0.352183
250.000000	0.711453	-0.711453	-1.258444	0.447768	0.366410	0.439980	0.349348
255.000000	0.749723	-0.749723	-1.495345	0.450734	0.359516	0.432461	0.348350
