0.000000	0.997683
5.000000	0.997192
10.000000	0.997345
15.000000	0.995368
20.000000	0.996594
25.000000	0.998427
30.000000	1.000000
35.000000	0.998935
40.000000	0.999034
45.000000	0.998073
50.000000	0.995928
55.000000	0.995021
60.000000	0.995982
65.000000	0.996243
70.000000	0.996863
75.000000	0.999190
80.000000	0.999431
85.000000	0.999060
90.000000	0.997859
95.000000	0.998700
100.000000	0.998257
105.000000	0.996810
110.000000	0.995398
115.000000	0.994759
120.000000	0.994213
125.000000	0.992196
130.000000	0.989696
135.000000	0.985003
140.000000	0.984599
145.000000	0.952573
150.000000	0.983306
155.000000	0.974316
160.000000	0.965643
165.000000	0.959861
170.000000	0.950028
175.000000	0.940879
180.000000	0.925783
185.000000	0.908476
190.000000	0.894719
195.000000	0.870247
200.000000	0.847392
205.000000	0.813137
210.000000	0.773148
215.000000	0.731340
220.000000	0.683247
225.000000	0.633025
230.000000	0.565249
235.000000	0.505220
240.000000	0.430787
245.000000	0.367003
250.000000	0.296302
255.000000	0.229012
