0.000000	0.031235
5.000000	0.026561
10.000000	0.026441
15.000000	0.026274
20.000000	0.026293
25.000000	0.026370
30.000000	0.026425
35.000000	0.026631
40.000000	0.028378
45.000000	0.026483
50.000000	0.026432
55.000000	0.026787
60.000000	0.026849
65.000000	0.026966
70.000000	0.027138
75.000000	0.029875
80.000000	0.027912
85.000000	0.028566
90.000000	0.029641
95.000000	0.030214
100.000000	0.031298
105.000000	0.032994
110.000000	0.034297
115.000000	0.035722
120.000000	0.038142
125.000000	0.040751
130.000000	0.042462
135.000000	0.046102
140.000000	0.050751
145.000000	0.054520
150.000000	0.058943
155.000000	0.067471
160.000000	0.075142
165.000000	0.084158
170.000000	0.094695
175.000000	0.110287
180.000000	0.127669
185.000000	0.143849
190.000000	0.165533
195.000000	0.190357
200.000000	0.225709
205.000000	0.262511
210.000000	0.320941
215.000000	0.370212
220.000000	0.430748
225.000000	0.495008
230.000000	0.576948
235.000000	0.655540
240.000000	0.750549
245.000000	0.830789
250.000000	0.917258
255.000000	1.000000
