0.000000	0.524506
5.000000	0.523698
10.000000	0.524290
15.000000	0.523402
20.000000	0.523950
25.000000	0.518064
30.000000	0.524108
35.000000	0.525370
40.000000	0.524311
45.000000	0.525268
50.000000	0.523772
55.000000	0.523637
60.000000	0.522848
65.000000	0.522793
70.000000	0.523282
75.000000	0.525441
80.000000	0.529900
85.000000	0.532195
90.000000	0.536612
95.000000	0.538180
100.000000	0.542547
105.000000	0.547561
110.000000	0.552986
115.000000	0.559900
120.000000	0.566149
125.000000	0.573478
130.000000	0.581684
135.000000	0.591194
140.000000	0.600699
145.000000	0.609390
150.000000	0.622922
155.000000	0.636465
160.000000	0.650279
165.000000	0.669622
170.000000	0.685746
175.000000	0.707936
180.000000	0.730000
185.000000	0.756522
190.000000	0.776990
195.000000	0.803580
200.000000	0.833265
205.000000	0.860925
210.000000	0.893256
215.000000	0.922867
220.000000	0.947823
225.000000	0.970880
230.000000	0.987394
235.000000	0.998102
240.000000	1.000000
245.000000	0.989137
250.000000	0.970363
255.000000	0.933578
