0.000000	0.998104
5.000000	1.000000
10.000000	0.998141
15.000000	0.997400
20.000000	0.998510
25.000000	0.999478
30.000000	0.999169
35.000000	0.998706
40.000000	0.999166
45.000000	0.997952
50.000000	0.997754
55.000000	0.996573
60.000000	0.997400
65.000000	0.997795
70.000000	0.997457
75.000000	0.995426
80.000000	0.992096
85.000000	0.990371
90.000000	0.984211
95.000000	0.979026
100.000000	0.972678
105.000000	0.967199
110.000000	0.962447
115.000000	0.954583
120.000000	0.948656
125.000000	0.938657
130.000000	0.928789
135.000000	0.913183
140.000000	0.893280
145.000000	0.881201
150.000000	0.867211
155.000000	0.848545
160.000000	0.830170
165.000000	0.802951
170.000000	0.777914
175.000000	0.745358
180.000000	0.710309
185.000000	0.666658
190.000000	0.634524
195.000000	0.588814
200.000000	0.544125
205.000000	0.494055
210.000000	0.432515
215.000000	0.377308
220.000000	0.320239
225.000000	0.263567
230.000000	0.207255
235.000000	0.156789
240.000000	0.112138
245.000000	0.087618
250.000000	0.067704
255.000000	0.061876
