0.000000	0.627080
5.000000	0.626550
10.000000	0.627276
15.000000	0.628023
20.000000	0.628247
25.000000	0.627921
30.000000	0.628540
35.000000	0.627488
40.000000	0.627750
45.000000	0.627649
50.000000	0.627049
55.000000	0.627414
60.000000	0.626540
65.000000	0.626656
70.000000	0.627323
75.000000	0.629214
80.000000	0.628953
85.000000	0.629743
90.000000	0.632107
95.000000	0.634559
100.000000	0.638159
105.000000	0.640095
110.000000	0.631242
115.000000	0.646816
120.000000	0.649519
125.000000	0.654346
130.000000	0.657567
135.000000	0.663924
140.000000	0.671707
145.000000	0.681018
150.000000	0.686814
155.000000	0.696870
160.000000	0.707777
165.000000	0.716801
170.000000	0.729024
175.000000	0.743768
180.000000	0.762498
185.000000	0.777551
190.000000	0.794817
195.000000	0.817126
200.000000	0.837857
205.000000	0.861593
210.000000	0.889372
215.000000	0.913203
220.000000	0.934108
225.000000	0.954484
230.000000	0.973755
235.000000	0.993623
240.000000	0.998283
245.000000	1.000000
250.000000	0.990892
255.000000	0.964947
