0.000000	0.997312
5.000000	0.997786
10.000000	0.996645
15.000000	0.997105
20.000000	0.997408
25.000000	0.997119
30.000000	0.979818
35.000000	0.996394
40.000000	0.997524
45.000000	0.996467
50.000000	0.996666
55.000000	0.997112
60.000000	1.000000
65.000000	0.997158
70.000000	0.995482
75.000000	0.994488
80.000000	0.990878
85.000000	0.989700
90.000000	0.985889
95.000000	0.983163
100.000000	0.980902
105.000000	0.974639
110.000000	0.970877
115.000000	0.964294
120.000000	0.956344
125.000000	0.950522
130.000000	0.939972
135.000000	0.930533
140.000000	0.921969
145.000000	0.908776
150.000000	0.894375
155.000000	0.878117
160.000000	0.860530
165.000000	0.836749
170.000000	0.816799
175.000000	0.786711
180.000000	0.758543
185.000000	0.724701
190.000000	0.692776
195.000000	0.658387
200.000000	0.615285
205.000000	0.575008
210.000000	0.521730
215.000000	0.478970
220.000000	0.435626
225.000000	0.394999
230.000000	0.353900
235.000000	0.328245
240.000000	0.313078
245.000000	0.321549
250.000000	0.340084
255.000000	0.387788
