0.000000	0.657822
5.000000	0.657273
10.000000	0.657938
15.000000	0.658136
20.000000	0.658755
25.000000	0.658435
30.000000	0.658238
35.000000	0.658893
40.000000	0.658212
45.000000	0.659704
50.000000	0.658751
55.000000	0.658500
60.000000	0.658635
65.000000	0.657988
70.000000	0.658884
75.000000	0.660396
80.000000	0.664456
85.000000	0.666671
90.000000	0.671562
95.000000	0.674556
100.000000	0.677541
105.000000	0.683652
110.000000	0.689538
115.000000	0.696285
120.000000	0.703505
125.000000	0.709380
130.000000	0.718785
135.000000	0.726261
140.000000	0.737577
145.000000	0.745581
150.000000	0.758501
155.000000	0.773374
160.000000	0.786589
165.000000	0.803400
170.000000	0.818209
175.000000	0.837003
180.000000	0.855333
185.000000	0.873704
190.000000	0.891065
195.000000	0.911213
200.000000	0.930172
205.000000	0.949313
210.000000	0.967870
215.000000	0.983901
220.000000	0.993451
225.000000	1.000000
230.000000	0.999216
235.000000	0.990451
240.000000	0.975899
245.000000	0.953400
250.000000	0.919312
255.000000	0.877396
