0.000000	0.027021
5.000000	0.025425
10.000000	0.025492
15.000000	0.025298
20.000000	0.025244
25.000000	0.025594
30.000000	0.025150
35.000000	0.025532
40.000000	0.025549
45.000000	0.027179
50.000000	0.025478
55.000000	0.025513
60.000000	0.025478
65.000000	0.025507
70.000000	0.025684
75.000000	0.026221
80.000000	0.026313
85.000000	0.027087
90.000000	0.027949
95.000000	0.028612
100.000000	0.029553
105.000000	0.031097
110.000000	0.032716
115.000000	0.034278
120.000000	0.036380
125.000000	0.038222
130.000000	0.041450
135.000000	0.044347
140.000000	0.048462
145.000000	0.051698
150.000000	0.056507
155.000000	0.064897
160.000000	0.072089
165.000000	0.080170
170.000000	0.091244
175.000000	0.107484
180.000000	0.121615
185.000000	0.143533
190.000000	0.163215
195.000000	0.191885
200.000000	0.223115
205.000000	0.257154
210.000000	0.313606
215.000000	0.359854
220.000000	0.418703
225.000000	0.484727
230.000000	0.565892
235.000000	0.645086
240.000000	0.740226
245.000000	0.825021
250.000000	0.915899
255.000000	1.000000
