0.000000	0.995859
5.000000	0.995365
10.000000	0.995644
15.000000	0.996522
20.000000	0.997805
25.000000	0.998142
30.000000	0.998603
35.000000	0.998345
40.000000	0.999249
45.000000	1.000000
50.000000	0.999970
55.000000	0.999710
60.000000	0.998775
65.000000	0.997574
70.000000	0.996372
75.000000	0.996797
80.000000	0.998094
85.000000	0.998022
90.000000	0.998204
95.000000	0.997518
100.000000	0.996883
105.000000	0.996017
110.000000	0.994151
115.000000	0.992379
120.000000	0.991668
125.000000	0.988664
130.000000	0.991101
135.000000	0.987939
140.000000	0.986322
145.000000	0.982720
150.000000	0.978508
155.000000	0.974158
160.000000	0.966035
165.000000	0.959105
170.000000	0.949256
175.000000	0.944492
180.000000	0.935798
185.000000	0.919229
190.000000	0.906517
195.000000	0.880802
200.000000	0.854814
205.000000	0.821224
210.000000	0.782642
215.000000	0.744317
220.000000	0.697399
225.000000	0.654038
230.000000	0.593462
235.000000	0.534098
240.000000	0.459786
245.000000	0.394928
250.000000	0.323317
255.000000	0.253895
