0.000000	0.551872
5.000000	0.552680
10.000000	0.552472
15.000000	0.552454
20.000000	0.553058
25.000000	0.552570
30.000000	0.552618
35.000000	0.552495
40.000000	0.551567
45.000000	0.552340
50.000000	0.551704
55.000000	0.552785
60.000000	0.551956
65.000000	0.552157
70.000000	0.552713
75.000000	0.554491
80.000000	0.557789
85.000000	0.559271
90.000000	0.564213
95.000000	0.565889
100.000000	0.570575
105.000000	0.575259
110.000000	0.580346
115.000000	0.586950
120.000000	0.593129
125.000000	0.600831
130.000000	0.607502
135.000000	0.616726
140.000000	0.626443
145.000000	0.637434
150.000000	0.648595
155.000000	0.662776
160.000000	0.678444
165.000000	0.694296
170.000000	0.710340
175.000000	0.731361
180.000000	0.752893
185.000000	0.776017
190.000000	0.797506
195.000000	0.824133
200.000000	0.850967
205.000000	0.877417
210.000000	0.908857
215.000000	0.935033
220.000000	0.955336
225.000000	0.977043
230.000000	0.991331
235.000000	1.000000
240.000000	0.998686
245.000000	0.988454
250.000000	0.968835
255.000000	0.932801
