0.000000	0.310551
5.000000	0.309583
10.000000	0.309457
15.000000	0.308478
20.000000	0.309348
25.000000	0.309711
30.000000	0.309899
35.000000	0.311761
40.000000	0.311263
45.000000	0.311802
50.000000	0.310665
55.000000	0.310288
60.000000	0.309562
65.000000	0.308988
70.000000	0.310663
75.000000	0.312306
80.000000	0.316808
85.000000	0.318598
90.000000	0.322293
95.000000	0.323587
100.000000	0.326892
105.000000	0.332168
110.000000	0.337126
115.000000	0.344346
120.000000	0.352596
125.000000	0.358896
130.000000	0.367456
135.000000	0.375314
140.000000	0.384447
145.000000	0.392927
150.000000	0.404807
155.000000	0.420711
160.000000	0.437187
165.000000	0.457583
170.000000	0.476877
175.000000	0.502076
180.000000	0.522901
185.000000	0.549624
190.000000	0.574471
195.000000	0.605095
200.000000	0.640479
205.000000	0.676235
210.000000	0.727466
215.000000	0.768006
220.000000	0.808896
225.000000	0.850145
230.000000	0.894261
235.000000	0.926398
240.000000	0.962368
245.000000	0.984195
250.000000	0.999079
255.000000	1.000000
