0.000000	0.986734
5.000000	0.985032
10.000000	0.983623
15.000000	0.982075
20.000000	0.982439
25.000000	0.983860
30.000000	0.985154
35.000000	0.985116
40.000000	0.984420
45.000000	0.982826
50.000000	0.982304
55.000000	0.982698
60.000000	0.984369
65.000000	0.985891
70.000000	0.985337
75.000000	0.988264
80.000000	0.990445
85.000000	0.991455
90.000000	0.990484
95.000000	0.990942
100.000000	0.990566
105.000000	0.991960
110.000000	0.995528
115.000000	0.997732
120.000000	0.999765
125.000000	0.999531
130.000000	1.000000
135.000000	0.999890
140.000000	0.995241
145.000000	0.997744
150.000000	0.997519
155.000000	0.996792
160.000000	0.997632
165.000000	0.996209
170.000000	0.978877
175.000000	0.981167
180.000000	0.949944
185.000000	0.954626
190.000000	0.942999
195.000000	0.922237
200.000000	0.902403
205.000000	0.877674
210.000000	0.837914
215.000000	0.806065
220.000000	0.763806
225.000000	0.720954
230.000000	0.669023
235.000000	0.619946
240.000000	0.567220
245.000000	0.530525
250.000000	0.497723
255.000000	0.475165
