0.000000	0.000000	0.000000	0.000000	0.465058	0.224884	0.640503	0.074735
5.000000	0.043793	0.043793	0.048439	0.412010	0.219264	0.645791	0.076085
10.000000	0.185466	0.185466	0.005289	0.391667	0.175872	0.639275	0.074972
15.000000	0.110137	0.110137	0.170966	0.336039	0.177171	0.640005	0.080990
20.000000	0.342103	0.342103	0.106247	0.354267	0.121210	0.642292	0.076912
25.000000	0.226276	0.226276	0.308480	0.319176	0.127473	0.638749	0.086203
30.000000	0.415551	0.415551	0.209421	0.302972	0.087059	0.641016	0.089863
35.000000	0.330330	0.330330	0.315813	0.301365	0.079629	0.639400	0.097476
40.000000	0.398664	0.398664	0.323701	0.274449	0.061755	0.639136	0.102993
45.000000	0.264210	0.264210	0.488913	0.257228	0.064519	0.634910	0.111557
50.000000	0.588619	0.588619	0.207463	0.262543	0.035059	0.635108	0.114029
55.000000	0.406459	0.406459	0.376645	0.267024	0.030809	0.629672	0.121098
60.000000	0.054405	0.054405	0.690733	0.290478	0.114297	0.634796	0.123059
65.000000	0.900314	0.900314	-0.111213	0.263324	0.038181	0.628032	0.123749
70.000000	0.017914	0.017914	0.735697	0.294375	0.100278	0.634197	0.129440
75.000000	0.252967	0.252967	0.543422	0.266364	0.001465	0.627546	0.131912
80.000000	0.011023	-0.011023	0.801304	0.307065	0.127880	0.632741	0.131820
85.000000	0.870481	-0.870481	1.758061	0.266194	0.054105	0.629618	0.131168
90.000000	0.026374	-0.026374	0.860475	0.311657	0.116433	0.631530	0.135802
95.000000	0.751764	-0.751764	1.647618	0.285732	0.038822	0.630017	0.134498
100.000000	0.059354	-0.059354	0.923189	0.321461	0.091366	0.631770	0.137609
105.000000	0.801521	-0.801521	1.736620	0.279912	0.069145	0.630364	0.134583
110.000000	0.151318	-0.151318	1.064149	0.305488	0.053362	0.628901	0.139979
115.000000	0.105621	-0.105621	1.010145	0.332674	0.078295	0.630441	0.137198
120.000000	0.498140	-0.498140	1.448076	0.300422	0.036612	0.630976	0.139029
125.000000	0.038155	-0.038155	0.930079	0.318392	0.140097	0.630272	0.138550
130.000000	0.762083	-0.762083	1.716517	0.284408	0.071911	0.630344	0.138217
135.000000	0.048750	-0.048750	0.955488	0.325341	0.126178	0.633326	0.139401
140.000000	0.788654	-0.788654	1.758090	0.278670	0.089612	0.626751	0.136741
145.000000	0.041222	-0.041222	0.955989	0.324431	0.135463	0.627198	0.140130
150.000000	0.705805	-0.705805	1.690264	0.282831	0.063242	0.632858	0.139864
155.000000	0.193027	-0.193027	1.177907	0.328082	0.060684	0.633703	0.139472
160.000000	0.327495	-0.327495	1.315859	0.303485	0.043947	0.633570	0.141526
165.000000	0.584968	-0.584968	1.547318	0.294448	0.046592	0.631925	0.138940
170.000000	0.111591	-0.111591	1.041106	0.327241	0.081936	0.629318	0.141814
175.000000	0.717297	-0.717297	1.706794	0.286063	0.072428	0.632396	0.137334
180.000000	0.053059	-0.053059	0.996247	0.333452	0.120168	0.629524	0.140911
185.000000	0.596993	-0.596993	1.601034	0.297108	0.053577	0.631230	0.139206
190.000000	0.080423	-0.080423	1.077486	0.340504	0.094434	0.632771	0.141403
195.000000	0.678221	-0.678221	1.741647	0.293839	0.079121	0.632578	0.139722
200.000000	0.008883	-0.008883	1.073840	0.346800	0.132021	0.640657	0.138778
205.000000	0.656480	-0.656480	1.816331	0.295276	0.099111	0.632859	0.141318
210.000000	0.030033	-0.030033	1.161367	0.351630	0.108789	0.640783	0.140094
215.000000	0.607912	-0.607912	1.792337	0.300326	0.088776	0.631312	0.143850
220.000000	0.023338	0.023338	1.127015	0.335201	0.132381	0.640530	0.139421
225.000000	0.621508	-0.621508	1.842074	0.299849	0.103823	0.628105	0.144552
230.000000	0.031566	0.031566	1.143830	0.325843	0.133042	0.634766	0.140617
235.000000	0.581307	-0.581307	1.820881	0.304650	0.093689	0.630269	0.145167
240.000000	0.044824	0.044824	1.160612	0.329971	0.134716	0.643302	0.137995
245.000000	0.586320	-0.586320	1.865089	0.307338	0.108679	0.631188	0.146435
250.000000	0.032282	0.032282	1.214090	0.335715	0.122225	0.637146	0.141411
255.000000	0.438563	-0.438563	1.717620	0.324184	0.077160	0.636276	0.146794
