0.000000	0.997634
5.000000	0.997917
10.000000	0.996254
15.000000	0.996888
20.000000	0.996895
25.000000	0.996889
30.000000	0.998290
35.000000	0.997812
40.000000	0.999231
45.000000	0.998644
50.000000	0.999406
55.000000	1.000000
60.000000	0.999125
65.000000	0.999431
70.000000	0.997340
75.000000	0.996550
80.000000	0.992504
85.000000	0.990146
90.000000	0.985413
95.000000	0.981510
100.000000	0.977581
105.000000	0.971637
110.000000	0.964135
115.000000	0.955819
120.000000	0.946918
125.000000	0.937915
130.000000	0.927330
135.000000	0.916289
140.000000	0.901543
145.000000	0.890780
150.000000	0.875525
155.000000	0.853188
160.000000	0.833631
165.000000	0.808812
170.000000	0.786836
175.000000	0.752326
180.000000	0.723247
185.000000	0.685163
190.000000	0.651246
195.000000	0.608019
200.000000	0.561178
205.000000	0.512424
210.000000	0.448506
215.000000	0.395198
220.000000	0.340650
225.000000	0.285255
230.000000	0.221519
235.000000	0.179687
240.000000	0.130458
245.000000	0.101456
250.000000	0.076757
255.000000	0.072841
