0.000000	0.636155
5.000000	0.637192
10.000000	0.637394
15.000000	0.637673
20.000000	0.639152
25.000000	0.638103
30.000000	0.636828
35.000000	0.637077
40.000000	0.639072
45.000000	0.639922
50.000000	0.637954
55.000000	0.637651
60.000000	0.638617
65.000000	0.637912
70.000000	0.637024
75.000000	0.638992
80.000000	0.640598
85.000000	0.641490
90.000000	0.643772
95.000000	0.646100
100.000000	0.647250
105.000000	0.647825
110.000000	0.650561
115.000000	0.653042
120.000000	0.654369
125.000000	0.658123
130.000000	0.662837
135.000000	0.668094
140.000000	0.672227
145.000000	0.677177
150.000000	0.684796
155.000000	0.691370
160.000000	0.695470
165.000000	0.704809
170.000000	0.713415
175.000000	0.722357
180.000000	0.733205
185.000000	0.743013
190.000000	0.753951
195.000000	0.768329
200.000000	0.781268
205.000000	0.796698
210.000000	0.810395
215.000000	0.826886
220.000000	0.842150
225.000000	0.859256
230.000000	0.878521
235.000000	0.897656
240.000000	0.919434
245.000000	0.940270
250.000000	0.968160
255.000000	1.000000
