0.000000	0.996593
5.000000	0.998283
10.000000	0.998448
15.000000	0.997308
20.000000	0.994014
25.000000	0.995936
30.000000	0.997159
35.000000	0.996811
40.000000	0.999277
45.000000	0.998172
50.000000	0.999744
55.000000	0.997494
60.000000	1.000000
65.000000	0.998965
70.000000	0.997271
75.000000	0.995863
80.000000	0.992157
85.000000	0.991070
90.000000	0.986404
95.000000	0.983261
100.000000	0.976715
105.000000	0.970018
110.000000	0.960317
115.000000	0.951273
120.000000	0.941237
125.000000	0.914020
130.000000	0.919895
135.000000	0.907753
140.000000	0.891377
145.000000	0.878968
150.000000	0.856169
155.000000	0.835880
160.000000	0.809173
165.000000	0.783435
170.000000	0.754401
175.000000	0.717067
180.000000	0.680599
185.000000	0.635277
190.000000	0.596291
195.000000	0.543423
200.000000	0.491856
205.000000	0.436961
210.000000	0.370013
215.000000	0.314654
220.000000	0.264037
225.000000	0.212973
230.000000	0.173802
235.000000	0.144605
240.000000	0.140182
245.000000	0.149011
250.000000	0.189081
255.000000	0.258494
