0.000000	0.497144
5.000000	0.498844
10.000000	0.500859
15.000000	0.502719
20.000000	0.505062
25.000000	0.507493
30.000000	0.509913
35.000000	0.512900
40.000000	0.515456
45.000000	0.519036
50.000000	0.522653
55.000000	0.526779
60.000000	0.530835
65.000000	0.535542
70.000000	0.540823
75.000000	0.546396
80.000000	0.552450
85.000000	0.559757
90.000000	0.567094
95.000000	0.574991
100.000000	0.584133
105.000000	0.593290
110.000000	0.604401
115.000000	0.615776
120.000000	0.627866
125.000000	0.641225
130.000000	0.655812
135.000000	0.670831
140.000000	0.687565
145.000000	0.706110
150.000000	0.724549
155.000000	0.744404
160.000000	0.765680
165.000000	0.787389
170.000000	0.811068
175.000000	0.832451
180.000000	0.858420
185.000000	0.880806
190.000000	0.903666
195.000000	0.923779
200.000000	0.943306
205.000000	0.962808
210.000000	0.978324
215.000000	0.989650
220.000000	0.996294
225.000000	0.998598
230.000000	1.000000
235.000000	0.994205
240.000000	0.982298
245.000000	0.968273
250.000000	0.949003
255.000000	0.926362
