0.000000	0.000000	0.000000	0.000000	0.514970	0.429829	0.533425	0.368008
5.000000	0.008232	-0.008232	0.220927	0.508005	0.376962	0.513159	0.314985
10.000000	0.034316	0.034316	0.021705	0.462254	0.266216	0.477070	0.211959
15.000000	0.035348	0.035348	-0.050406	0.489130	0.357789	0.500552	0.287402
20.000000	0.218381	0.218381	0.470319	0.459348	0.073866	0.448768	0.047401
25.000000	0.070057	0.070057	-0.082239	0.460811	0.255873	0.456870	0.184519
30.000000	0.149957	0.149957	0.728265	0.453991	0.093743	0.440422	0.070659
35.000000	0.068668	0.068668	0.682150	0.502090	0.307968	0.450724	0.241577
40.000000	0.043560	0.043560	1.329163	0.460151	0.185572	0.408095	0.160288
45.000000	0.006118	-0.006118	0.140135	0.510092	0.394757	0.470581	0.311727
50.000000	0.034177	0.034177	-0.024945	0.499978	0.392182	0.452488	0.302283
55.000000	0.055057	0.055057	-0.377737	0.501820	0.424531	0.451982	0.329523
60.000000	0.040940	0.040940	-0.139118	0.510222	0.443898	0.453244	0.342449
65.000000	0.038283	0.038283	-0.212471	0.497131	0.414804	0.427457	0.311463
70.000000	0.000007	0.000007	-0.216247	0.485661	0.362829	0.408375	0.269700
75.000000	0.025361	0.025361	-0.279974	0.484802	0.373796	0.403544	0.278465
80.000000	0.059213	0.059213	-0.512242	0.485350	0.355151	0.396303	0.272624
85.000000	0.052943	0.052943	-0.588896	0.513978	0.430062	0.414095	0.327159
90.000000	0.051868	0.051868	-0.423075	0.507866	0.444698	0.409727	0.329888
95.000000	0.055463	0.055463	-0.610950	0.521461	0.451042	0.417513	0.344129
100.000000	0.046112	0.046112	-0.417779	0.508016	0.437415	0.401796	0.321526
105.000000	0.008452	0.008452	0.038524	0.446040	0.208974	0.405793	0.183297
110.000000	0.024369	0.024369	-0.649472	0.470650	0.162933	0.413121	0.154383
115.000000	0.039290	0.039290	-0.395279	0.483368	0.370433	0.389822	0.278920
120.000000	0.035231	0.035231	0.114802	0.502803	0.382729	0.390280	0.275055
125.000000	0.050921	0.050921	-0.194869	0.487750	0.379654	0.395743	0.284103
130.000000	0.025289	0.025289	-0.134136	0.497944	0.412900	0.392402	0.301065
135.000000	0.048432	0.048432	0.001139	0.500574	0.401993	0.389805	0.287156
140.000000	0.052581	0.052581	0.171513	0.514255	0.417684	0.390614	0.291201
145.000000	0.067896	0.067896	0.432815	0.501615	0.348198	0.360453	0.239284
150.000000	0.055674	0.055674	0.212058	0.446342	0.100723	0.406423	0.087550
155.000000	0.041660	0.041660	-0.288770	0.469153	0.325280	0.395468	0.252193
160.000000	0.041733	0.041733	-0.099687	0.492529	0.387139	0.390695	0.283193
165.000000	0.070553	0.070553	-0.099914	0.487446	0.373906	0.390860	0.272739
170.000000	0.046300	0.046300	0.175659	0.503361	0.387499	0.381829	0.270247
175.000000	0.027110	0.027110	-0.052675	0.506704	0.424146	0.390794	0.303902
180.000000	0.007159	0.007159	0.199486	0.513725	0.407389	0.388801	0.287549
185.000000	0.109632	0.109632	0.299706	0.510824	0.399064	0.379471	0.272687
190.000000	0.078687	0.078687	0.191403	0.514598	0.416574	0.391080	0.288052
195.000000	0.075012	0.075012	-0.036078	0.491038	0.381867	0.389347	0.274023
200.000000	0.061776	0.061776	-0.311906	0.452961	0.260807	0.403314	0.213424
205.000000	0.013731	0.013731	-0.270908	0.486298	0.376736	0.387921	0.281249
210.000000	0.031970	0.031970	-0.392057	0.494895	0.412719	0.386299	0.304787
215.000000	0.047922	0.047922	-0.441522	0.508749	0.447565	0.398060	0.328957
220.000000	0.006477	0.006477	-0.162172	0.492488	0.392216	0.388598	0.291899
225.000000	0.013139	0.013139	-0.426135	0.504227	0.438294	0.395322	0.324071
230.000000	0.014130	0.014130	0.093822	0.508112	0.406509	0.394971	0.293184
235.000000	0.024961	0.024961	-0.193520	0.506329	0.440227	0.399464	0.320911
240.000000	0.003911	0.003911	0.058406	0.513158	0.420897	0.399434	0.304262
245.000000	0.005949	0.005949	-0.323009	0.500899	0.427345	0.392867	0.313502
250.000000	0.037372	0.037372	-0.048260	0.470251	0.309682	0.395724	0.243290
255.000000	0.051525	0.051525	0.045987	0.487320	0.354421	0.390757	0.263398
