0.000000	0.000000	0.000000	0.000000	0.370504	0.329925	0.361089	0.290177
5.000000	0.021959	-0.021959	0.041040	0.366337	0.321499	0.363995	0.296789
10.000000	0.007424	-0.007424	0.053340	0.363089	0.328819	0.357987	0.301623
15.000000	0.018960	0.018960	-0.293542	0.381696	0.393251	0.345324	0.311103
20.000000	0.015319	0.015319	-0.056294	0.372829	0.346649	0.351789	0.302178
25.000000	0.035446	0.035446	-0.006584	0.370637	0.340587	0.353458	0.303377
30.000000	0.036104	0.036104	0.006135	0.373796	0.338620	0.357057	0.303512
35.000000	0.034955	0.034955	0.141808	0.361576	0.321651	0.366938	0.313398
40.000000	0.001512	-0.001512	0.081969	0.366311	0.326426	0.358319	0.310835
45.000000	0.001250	0.001250	-0.059015	0.371123	0.352599	0.348932	0.314525
50.000000	0.003785	0.003785	0.072886	0.362029	0.328146	0.358721	0.314106
55.000000	0.008244	-0.008244	0.000617	0.368411	0.340973	0.356643	0.311062
60.000000	0.006469	-0.006469	-0.248216	0.378178	0.384187	0.345083	0.318223
65.000000	0.005143	0.005143	-0.173061	0.373426	0.373521	0.350407	0.315494
70.000000	0.016671	-0.016671	0.150291	0.362232	0.315613	0.373655	0.312082
75.000000	0.001063	0.001063	0.058141	0.367689	0.333906	0.369829	0.311012
80.000000	0.006237	-0.006237	0.137315	0.368205	0.309256	0.378095	0.299312
85.000000	0.025502	-0.025502	0.350078	0.375360	0.266914	0.390991	0.266316
90.000000	0.001908	0.001908	-0.148758	0.382975	0.331552	0.362887	0.275062
95.000000	0.013949	-0.013949	-0.049833	0.377908	0.318998	0.366202	0.277607
100.000000	0.009326	-0.009326	-0.284052	0.387919	0.370855	0.356674	0.285564
105.000000	0.001984	0.001984	-0.040636	0.376993	0.331909	0.365421	0.279660
110.000000	0.018925	-0.018925	-0.530391	0.380181	0.392249	0.377128	0.305512
115.000000	0.006656	-0.006656	-0.238122	0.379819	0.372992	0.357762	0.288715
120.000000	0.016024	-0.016024	-0.439580	0.378226	0.384752	0.366522	0.292000
125.000000	0.007980	-0.007980	-0.328548	0.387657	0.369975	0.363508	0.274779
130.000000	0.003975	0.003975	-0.235601	0.379468	0.375496	0.357873	0.284223
135.000000	0.001884	-0.001884	-0.429390	0.387045	0.358017	0.377135	0.255723
140.000000	0.008714	0.008714	-0.155688	0.385251	0.342756	0.365926	0.259733
145.000000	0.014060	0.014060	-0.105853	0.379928	0.332524	0.372857	0.259656
150.000000	0.021764	0.021764	0.058463	0.367429	0.319800	0.379123	0.273626
155.000000	0.032592	0.032592	-0.048529	0.375034	0.344034	0.379983	0.277995
160.000000	0.038430	0.038430	-0.064412	0.377427	0.353004	0.386310	0.285240
165.000000	0.033754	0.033754	-0.176044	0.373915	0.375975	0.391833	0.303123
170.000000	0.037077	0.037077	-0.087962	0.372352	0.363721	0.402280	0.306698
175.000000	0.040766	0.040766	-0.143100	0.375145	0.377647	0.407458	0.313420
180.000000	0.042729	0.042729	-0.179188	0.375467	0.381791	0.405637	0.311191
185.000000	0.045111	0.045111	-0.173026	0.376563	0.380549	0.406961	0.310240
190.000000	0.051358	0.051358	-0.126919	0.372862	0.372270	0.413851	0.311823
195.000000	0.051221	0.051221	-0.150187	0.375219	0.375146	0.413939	0.310393
200.000000	0.043917	0.043917	-0.317465	0.386103	0.372822	0.383726	0.264709
205.000000	0.061555	0.061555	-0.183487	0.377553	0.387530	0.419786	0.318869
210.000000	0.063773	0.063773	-0.240745	0.377577	0.399204	0.423111	0.325145
215.000000	0.072519	0.072519	-0.132176	0.375795	0.373738	0.418936	0.308717
220.000000	0.071082	0.071082	-0.216854	0.378840	0.398804	0.430815	0.329716
225.000000	0.055507	0.055507	-0.214235	0.378337	0.391168	0.426911	0.321915
230.000000	0.049376	0.049376	-0.395918	0.372650	0.415737	0.429173	0.346509
235.000000	0.057883	0.057883	-0.383931	0.370662	0.412627	0.431169	0.345661
240.000000	0.055606	0.055606	-0.396276	0.370094	0.414690	0.433623	0.350213
245.000000	0.062106	0.062106	-0.508834	0.375559	0.423850	0.431826	0.349895
250.000000	0.094812	0.094812	-0.132123	0.378862	0.378593	0.432390	0.312476
255.000000	0.092990	0.092990	0.034440	0.374240	0.331328	0.421235	0.284390
