0.000000	0.520967
5.000000	0.523668
10.000000	0.526614
15.000000	0.529646
20.000000	0.532295
25.000000	0.536330
30.000000	0.540569
35.000000	0.545019
40.000000	0.548792
45.000000	0.554117
50.000000	0.559125
55.000000	0.565136
60.000000	0.571434
65.000000	0.577332
70.000000	0.584597
75.000000	0.592484
80.000000	0.600869
85.000000	0.609990
90.000000	0.619128
95.000000	0.629466
100.000000	0.640978
105.000000	0.651942
110.000000	0.663752
115.000000	0.676896
120.000000	0.691056
125.000000	0.705243
130.000000	0.721320
135.000000	0.738178
140.000000	0.754937
145.000000	0.774339
150.000000	0.792896
155.000000	0.811805
160.000000	0.831972
165.000000	0.853351
170.000000	0.874303
175.000000	0.893084
180.000000	0.914171
185.000000	0.932883
190.000000	0.949457
195.000000	0.964268
200.000000	0.977820
205.000000	0.988407
210.000000	0.995873
215.000000	0.999936
220.000000	1.000000
225.000000	0.996128
230.000000	0.989876
235.000000	0.980466
240.000000	0.967560
245.000000	0.952944
250.000000	0.936695
255.000000	0.919944
