0.000000	0.000000	0.000000	0.000000	0.463824	0.326345	0.424148	0.388718
5.000000	0.061553	-0.146064	0.061553	0.480487	0.340248	0.462789	0.426549
10.000000	0.027005	0.048478	0.027005	0.481817	0.384602	0.461719	0.468945
15.000000	0.064891	0.020804	0.064891	0.484932	0.380140	0.477365	0.480209
20.000000	0.144676	-0.159600	0.144676	0.486440	0.340671	0.504592	0.457208
25.000000	0.138010	-0.101569	0.138010	0.487450	0.357931	0.507726	0.478127
30.000000	0.126263	-0.005341	0.126263	0.486777	0.367585	0.508750	0.481949
35.000000	0.146212	-0.007960	0.146212	0.489931	0.374622	0.516177	0.487380
40.000000	0.190813	-0.077354	0.190813	0.487961	0.351031	0.519420	0.478157
45.000000	0.126205	0.188184	0.126205	0.446136	0.278453	0.524087	0.359053
50.000000	0.129404	0.294226	0.129404	0.479003	0.397242	0.530092	0.413484
55.000000	0.143217	0.379294	0.143217	0.469541	0.382586	0.538105	0.370354
60.000000	0.180324	0.156762	0.180324	0.486215	0.382855	0.519184	0.450256
65.000000	0.233937	0.012480	0.233937	0.483339	0.338419	0.509943	0.449368
70.000000	0.234651	0.050304	0.234651	0.481138	0.334734	0.507662	0.434276
75.000000	0.332694	-0.179288	0.332694	0.454053	0.226550	0.494615	0.350851
80.000000	0.248900	0.072497	0.248900	0.481939	0.337789	0.494917	0.430240
85.000000	0.208988	0.288063	0.208988	0.471505	0.362243	0.499535	0.381298
90.000000	0.259794	0.072808	0.259794	0.473489	0.302621	0.476991	0.395352
95.000000	0.252295	0.131748	0.252295	0.482322	0.347421	0.476424	0.416743
100.000000	0.259197	0.159006	0.259197	0.479821	0.342336	0.470479	0.400315
105.000000	0.240433	0.344801	0.240433	0.481334	0.390057	0.481085	0.372107
110.000000	0.261711	0.442731	0.261711	0.482899	0.409714	0.487627	0.351827
115.000000	0.270346	0.470166	0.270346	0.480415	0.403766	0.482762	0.336853
120.000000	0.274174	0.365759	0.274174	0.476600	0.372846	0.463024	0.342785
125.000000	0.268501	0.465759	0.268501	0.479488	0.394386	0.465130	0.324812
130.000000	0.278760	0.407655	0.278760	0.478196	0.382956	0.456256	0.333946
135.000000	0.293047	0.521036	0.293047	0.488851	0.432369	0.472022	0.334353
140.000000	0.290760	0.322707	0.290760	0.475775	0.362662	0.436622	0.342273
145.000000	0.303897	0.458981	0.303897	0.490329	0.421320	0.457944	0.342721
150.000000	0.316912	0.541038	0.316912	0.489149	0.430367	0.461010	0.325305
155.000000	0.337171	0.608204	0.337171	0.494001	0.455609	0.471145	0.325653
160.000000	0.337070	0.572264	0.337070	0.489969	0.434827	0.458390	0.318722
165.000000	0.354910	0.677273	0.354910	0.495694	0.469109	0.472541	0.320126
170.000000	0.354735	0.648210	0.354735	0.495713	0.467766	0.468036	0.324058
175.000000	0.339758	0.575389	0.339758	0.493717	0.448831	0.454716	0.324376
180.000000	0.329386	0.389053	0.329386	0.492686	0.407805	0.431588	0.346973
185.000000	0.380303	0.792779	0.380303	0.462083	0.355301	0.424870	0.235559
190.000000	0.376959	0.736793	0.376959	0.476365	0.398143	0.435393	0.262809
195.000000	0.339712	0.469065	0.339712	0.492102	0.420570	0.433107	0.328578
200.000000	0.362114	0.675718	0.362114	0.442396	0.293403	0.396365	0.206796
205.000000	0.330307	0.426312	0.330307	0.472246	0.363082	0.404742	0.290567
210.000000	0.354676	0.613386	0.354676	0.478870	0.404918	0.422811	0.281363
215.000000	0.336638	0.308032	0.336638	0.478540	0.359310	0.398158	0.322126
220.000000	0.370746	0.652028	0.370746	0.492853	0.454248	0.443123	0.307560
225.000000	0.358841	0.568882	0.358841	0.494470	0.441628	0.436457	0.315120
230.000000	0.363783	0.565580	0.363783	0.491145	0.434755	0.431726	0.309969
235.000000	0.355959	0.542828	0.355959	0.458149	0.330855	0.391247	0.244252
240.000000	0.356389	0.328992	0.356389	0.475515	0.342344	0.388782	0.296335
245.000000	0.355085	0.367926	0.355085	0.483223	0.371449	0.399745	0.310249
250.000000	0.367468	0.468201	0.367468	0.492183	0.413734	0.421167	0.318638
255.000000	0.373535	0.475812	0.373535	0.486721	0.397822	0.414330	0.303914
