0.000000	0.000000	0.000000	0.000000	0.556202	0.439284	0.538749	0.424688
5.000000	0.064448	-0.158523	0.064448	0.558501	0.470099	0.525839	0.449934
10.000000	0.111450	-0.062417	0.111450	0.562759	0.415794	0.538666	0.381085
15.000000	0.075574	0.744966	0.075574	0.582548	0.489168	0.637391	0.432337
20.000000	0.128036	0.485114	0.128036	0.562880	0.473479	0.605719	0.446702
25.000000	0.146872	0.952687	0.146872	0.595353	0.502496	0.655922	0.428871
30.000000	0.179041	0.927610	0.179041	0.589699	0.499942	0.648827	0.429269
35.000000	0.232938	1.108741	0.232938	0.577080	0.337109	0.536104	0.244531
40.000000	0.283410	0.435149	0.283410	0.557580	0.462824	0.581920	0.434584
45.000000	0.343458	0.146991	0.343458	0.558519	0.477616	0.533806	0.441091
50.000000	0.313825	0.634415	0.313825	0.562488	0.451886	0.561822	0.401349
55.000000	0.394067	0.173610	0.394067	0.563109	0.438028	0.487286	0.359890
60.000000	0.383768	0.521129	0.383768	0.557959	0.466053	0.547013	0.419901
65.000000	0.432588	0.247598	0.432588	0.559083	0.477426	0.500176	0.412165
70.000000	0.414499	0.536066	0.414499	0.558266	0.459387	0.505355	0.390747
75.000000	0.477679	0.154898	0.477679	0.564310	0.480503	0.445701	0.375884
80.000000	0.508186	0.198395	0.508186	0.568097	0.463321	0.423034	0.339662
85.000000	0.507964	0.411836	0.507964	0.558554	0.468440	0.452240	0.366385
90.000000	0.526649	0.347788	0.526649	0.559478	0.476335	0.434543	0.361924
95.000000	0.501021	0.689616	0.501021	0.558856	0.459987	0.432745	0.337980
100.000000	0.567469	0.296366	0.567469	0.564314	0.441906	0.381014	0.298677
105.000000	0.557646	0.704284	0.557646	0.563592	0.423371	0.412904	0.303963
110.000000	0.577691	0.553076	0.577691	0.557135	0.454726	0.402610	0.317075
115.000000	0.618896	0.367764	0.618896	0.560529	0.483531	0.389011	0.324823
120.000000	0.633096	0.290769	0.633096	0.564074	0.488413	0.384004	0.324617
125.000000	0.605983	0.688751	0.605983	0.557886	0.455726	0.419512	0.331258
130.000000	0.661068	0.271527	0.661068	0.568001	0.471434	0.377672	0.307012
135.000000	0.675891	0.273218	0.675891	0.572486	0.445925	0.384530	0.297325
140.000000	0.687938	0.173908	0.687938	0.574395	0.514810	0.374130	0.326251
145.000000	0.692956	0.298290	0.692956	0.566844	0.498756	0.387694	0.328953
150.000000	0.703935	0.111088	0.703935	0.580839	0.523369	0.374974	0.330905
155.000000	0.702699	0.152751	0.702699	0.575625	0.504906	0.373786	0.318423
160.000000	0.713319	0.368887	0.713319	0.566004	0.483344	0.395164	0.325930
165.000000	0.732007	0.078996	0.732007	0.584215	0.519305	0.371562	0.319405
170.000000	0.742000	0.293406	0.742000	0.575682	0.461435	0.391455	0.305045
175.000000	0.740902	0.454639	0.740902	0.564065	0.458616	0.409644	0.316943
180.000000	0.760251	0.463075	0.760251	0.565191	0.461560	0.410367	0.319976
185.000000	0.769965	0.257676	0.769965	0.573927	0.508458	0.388341	0.319883
190.000000	0.772396	0.431847	0.772396	0.564607	0.484620	0.414226	0.331952
195.000000	0.782723	0.274886	0.782723	0.572653	0.494657	0.395869	0.312700
200.000000	0.791122	0.157439	0.791122	0.582715	0.516255	0.386086	0.315822
205.000000	0.792104	0.546518	0.792104	0.564866	0.454059	0.432851	0.324864
210.000000	0.770773	0.827197	0.770773	0.560742	0.426239	0.432448	0.314731
215.000000	0.807630	0.389686	0.807630	0.567906	0.502430	0.414342	0.330512
220.000000	0.811323	0.247469	0.811323	0.578564	0.519256	0.401199	0.325820
225.000000	0.805256	0.520589	0.805256	0.561024	0.485618	0.435551	0.340913
230.000000	0.791701	0.677607	0.791701	0.558822	0.463023	0.443189	0.338160
235.000000	0.820621	0.205472	0.820621	0.580719	0.514211	0.394508	0.313528
240.000000	0.824070	0.534228	0.824070	0.566445	0.461862	0.440598	0.326462
245.000000	0.795689	0.867480	0.795689	0.557604	0.447839	0.434162	0.322602
250.000000	0.830228	0.567001	0.830228	0.561544	0.484215	0.442956	0.341407
255.000000	0.838849	0.398325	0.838849	0.568620	0.503273	0.427580	0.332913
