0.000000	0.983708
5.000000	0.983786
10.000000	0.983918
15.000000	0.984869
20.000000	0.984846
25.000000	0.985939
30.000000	0.984764
35.000000	0.986798
40.000000	0.987933
45.000000	0.989198
50.000000	0.989715
55.000000	0.990219
60.000000	0.990679
65.000000	0.992110
70.000000	0.992877
75.000000	0.995391
80.000000	0.995286
85.000000	0.997425
90.000000	0.998387
95.000000	0.998330
100.000000	0.998757
105.000000	0.999425
110.000000	1.000000
115.000000	0.999365
120.000000	0.998719
125.000000	0.997913
130.000000	0.996988
135.000000	0.994109
140.000000	0.989755
145.000000	0.986360
150.000000	0.981107
155.000000	0.973687
160.000000	0.962774
165.000000	0.950949
170.000000	0.937822
175.000000	0.921173
180.000000	0.900895
185.000000	0.880279
190.000000	0.857035
195.000000	0.830376
200.000000	0.800712
205.000000	0.770544
210.000000	0.737461
215.000000	0.706627
220.000000	0.674666
225.000000	0.647610
230.000000	0.622859
235.000000	0.600489
240.000000	0.585950
245.000000	0.577905
250.000000	0.576531
255.000000	0.582259
