0.000000	0.993416
5.000000	0.994263
10.000000	0.995242
15.000000	0.995665
20.000000	0.995651
25.000000	0.995432
30.000000	0.996330
35.000000	0.995641
40.000000	0.996284
45.000000	0.996359
50.000000	0.996620
55.000000	0.996895
60.000000	0.996683
65.000000	0.997639
70.000000	0.998081
75.000000	0.998087
80.000000	0.998077
85.000000	0.999234
90.000000	0.999458
95.000000	0.999637
100.000000	0.999527
105.000000	1.000000
110.000000	0.999341
115.000000	0.999440
120.000000	0.997896
125.000000	0.994961
130.000000	0.990777
135.000000	0.988759
140.000000	0.985007
145.000000	0.977132
150.000000	0.971418
155.000000	0.962595
160.000000	0.955913
165.000000	0.942216
170.000000	0.926635
175.000000	0.913480
180.000000	0.896601
185.000000	0.875957
190.000000	0.857060
195.000000	0.832564
200.000000	0.812094
205.000000	0.791733
210.000000	0.765469
215.000000	0.744511
220.000000	0.729976
225.000000	0.715910
230.000000	0.707033
235.000000	0.702396
240.000000	0.708565
245.000000	0.718567
250.000000	0.739661
255.000000	0.768139
