0.000000	0.000000	0.000000	0.000000	0.424150	0.032607	0.310978	0.321960
5.000000	0.040453	-0.040453	0.090214	0.425286	0.030573	0.302706	0.362980
10.000000	0.011843	-0.011843	0.065381	0.430457	0.029145	0.301754	0.365374
15.000000	0.128972	-0.128972	0.196011	0.428830	0.029319	0.301375	0.367455
20.000000	0.124165	-0.124165	0.197491	0.431050	0.026133	0.302635	0.368182
25.000000	0.211197	-0.211197	0.295552	0.428990	0.026480	0.313179	0.375970
30.000000	0.199573	-0.199573	0.286939	0.428217	0.022757	0.311013	0.374887
35.000000	0.243376	-0.243376	0.336090	0.428858	0.020853	0.316913	0.378762
40.000000	0.183379	-0.183379	0.282411	0.432285	0.016817	0.313227	0.377116
45.000000	0.247288	-0.247288	0.353973	0.429438	0.017213	0.318093	0.381856
50.000000	0.317331	-0.317331	0.439366	0.432828	0.020765	0.323514	0.380898
55.000000	0.301826	-0.301826	0.428770	0.434235	0.016189	0.321878	0.382156
60.000000	0.308720	-0.308720	0.444564	0.434235	0.013658	0.325046	0.378473
65.000000	0.328906	-0.328906	0.468192	0.429424	0.011944	0.317799	0.371628
70.000000	0.353209	-0.353209	0.505637	0.435711	0.014346	0.324670	0.379794
75.000000	0.373286	-0.373286	0.527180	0.430780	0.012929	0.323760	0.381721
80.000000	0.387107	-0.387107	0.559069	0.439012	0.008814	0.316166	0.360037
85.000000	0.512364	-0.512364	0.689790	0.433073	0.005317	0.321134	0.355864
90.000000	0.028921	0.028921	0.161311	0.434957	0.004064	0.320825	0.351769
95.000000	0.405130	-0.405130	0.609784	0.437343	0.006830	0.324009	0.344820
100.000000	0.003983	0.003983	0.206903	0.435668	0.001483	0.319337	0.334402
105.000000	0.295035	0.295035	-0.074321	0.438825	0.001058	0.322251	0.328316
110.000000	0.631443	-0.631443	0.859332	0.433276	0.002703	0.313119	0.326014
115.000000	0.678579	-0.678579	0.933013	0.432569	0.008433	0.309342	0.306516
120.000000	1.482667	-1.482667	1.737593	0.439152	0.009965	0.303552	0.304810
125.000000	1.106364	-1.106364	1.369380	0.434193	0.008432	0.303513	0.302299
130.000000	0.648055	-0.648055	0.937194	0.430515	0.011166	0.304632	0.291973
135.000000	1.494926	-1.494926	1.790149	0.439487	0.005606	0.288424	0.281105
140.000000	1.153573	-1.153573	1.458763	0.430432	0.007586	0.279227	0.275479
145.000000	1.409733	-1.409733	1.730546	0.437256	0.009227	0.286428	0.260062
150.000000	1.265327	-1.265327	1.590329	0.439614	0.011860	0.277616	0.261595
155.000000	1.094606	-1.094606	1.446254	0.436274	0.004439	0.267681	0.248080
160.000000	0.850824	-0.850824	1.212382	0.430980	0.006079	0.267954	0.242455
165.000000	1.095323	-1.095323	1.471468	0.443736	0.006538	0.264100	0.232072
170.000000	0.937168	-0.937168	1.322586	0.429412	0.004116	0.267866	0.227669
175.000000	1.111341	-1.111341	1.501813	0.434113	0.007635	0.257557	0.212103
180.000000	1.191259	-1.191259	1.592484	0.437610	0.008159	0.255225	0.215797
185.000000	1.297838	-1.297838	1.716348	0.437883	0.010387	0.244618	0.195315
190.000000	1.049854	-1.049854	1.482695	0.431534	0.007954	0.252274	0.187770
195.000000	1.003682	-1.003682	1.441787	0.428455	0.007912	0.282036	0.172869
200.000000	1.149729	-1.149729	1.600641	0.436788	0.008801	0.291795	0.172092
205.000000	1.227595	-1.227595	1.682022	0.435591	0.014386	0.262019	0.172031
210.000000	1.175132	-1.175132	1.635993	0.433968	0.013465	0.243627	0.163510
215.000000	1.209375	-1.209375	1.682996	0.437619	0.011538	0.265272	0.154716
220.000000	1.195057	-1.195057	1.673593	0.436019	0.014031	0.271848	0.155352
225.000000	1.224966	-1.224966	1.710212	0.435475	0.013525	0.271054	0.138609
230.000000	1.217537	-1.217537	1.708892	0.430871	0.016205	0.255963	0.144076
235.000000	1.240832	-1.240832	1.744240	0.439245	0.013202	0.298890	0.124725
240.000000	1.232733	-1.232733	1.741000	0.429107	0.014682	0.311322	0.124949
245.000000	1.191156	-1.191156	1.717073	0.441142	0.011546	0.320095	0.114880
250.000000	1.181784	-1.181784	1.709570	0.435278	0.010833	0.259682	0.129579
255.000000	1.168404	-1.168404	1.711165	0.433525	0.012358	0.259056	0.121060
