0.000000	1.000000
5.000000	0.996795
10.000000	0.994216
15.000000	0.989429
20.000000	0.986291
25.000000	0.983286
30.000000	0.978103
35.000000	0.972876
40.000000	0.969102
45.000000	0.963022
50.000000	0.956783
55.000000	0.950491
60.000000	0.943951
65.000000	0.937766
70.000000	0.927998
75.000000	0.919340
80.000000	0.908668
85.000000	0.896523
90.000000	0.883177
95.000000	0.870636
100.000000	0.855506
105.000000	0.839867
110.000000	0.823857
115.000000	0.805968
120.000000	0.786958
125.000000	0.764882
130.000000	0.742831
135.000000	0.719328
140.000000	0.694150
145.000000	0.666189
150.000000	0.637104
155.000000	0.608925
160.000000	0.579451
165.000000	0.546542
170.000000	0.514943
175.000000	0.485511
180.000000	0.454233
185.000000	0.425587
190.000000	0.400103
195.000000	0.375547
200.000000	0.355264
205.000000	0.340380
210.000000	0.329155
215.000000	0.325846
220.000000	0.328546
225.000000	0.338957
230.000000	0.356718
235.000000	0.381481
240.000000	0.414402
245.000000	0.454248
250.000000	0.499406
255.000000	0.545627
