0.000000	0.000000	0.000000	0.000000	0.458280	0.400193	0.427041	0.332107
5.000000	0.069522	0.069522	-0.601616	0.415659	0.179723	0.414833	0.160902
10.000000	0.113828	0.113828	-0.703251	0.431900	0.115279	0.443269	0.103263
15.000000	0.129100	0.129100	-0.065191	0.457531	0.374649	0.392589	0.301540
20.000000	0.161269	0.161269	0.218413	0.460203	0.393459	0.390173	0.296436
25.000000	0.225689	0.225689	-0.348884	0.501469	0.468316	0.413364	0.386484
30.000000	0.279153	0.279153	-0.590260	0.508319	0.486177	0.399843	0.384912
35.000000	0.318179	0.318179	-0.481686	0.507310	0.481905	0.391910	0.374764
40.000000	0.359180	0.359180	-0.156294	0.475845	0.408621	0.371683	0.314402
45.000000	0.411294	0.411294	-0.444816	0.507168	0.482372	0.386560	0.366792
50.000000	0.452081	0.452081	-0.074689	0.491812	0.447103	0.362863	0.327032
55.000000	0.497648	0.497648	-0.098484	0.502963	0.470244	0.371136	0.345529
60.000000	0.525467	0.525467	0.106622	0.487603	0.435129	0.368303	0.329229
65.000000	0.575762	0.575762	-0.234458	0.491599	0.455783	0.359246	0.326214
70.000000	0.618517	0.618517	-0.293154	0.482901	0.430552	0.363989	0.317032
75.000000	0.655814	0.655814	-0.041603	0.480876	0.430869	0.367822	0.324269
80.000000	0.700081	0.700081	0.009817	0.495301	0.461682	0.362143	0.337175
85.000000	0.724714	0.724714	0.159185	0.446626	0.317073	0.397764	0.294051
90.000000	0.765912	0.765912	0.076495	0.494542	0.458966	0.368434	0.343469
95.000000	0.806717	0.806717	-0.371505	0.449859	0.350643	0.379905	0.280555
100.000000	0.797993	0.797993	0.385343	0.463267	0.375256	0.395533	0.332772
105.000000	0.831711	0.831711	0.374222	0.478879	0.406083	0.391984	0.344647
110.000000	0.876873	0.876873	0.151247	0.504472	0.475273	0.379115	0.360235
115.000000	0.903722	0.903722	0.061956	0.500429	0.471783	0.375778	0.351984
120.000000	0.911356	0.911356	0.254282	0.501147	0.467066	0.388807	0.366193
125.000000	0.930071	0.930071	0.196528	0.499073	0.469972	0.383745	0.358877
130.000000	0.940136	0.940136	0.256008	0.485761	0.442956	0.383258	0.346233
135.000000	0.932525	0.932525	0.631031	0.482275	0.428230	0.360417	0.314577
140.000000	0.980295	0.980295	0.401232	0.433643	0.180684	0.387522	0.177717
145.000000	0.990190	0.990190	0.431998	0.494789	0.453175	0.377280	0.343821
150.000000	1.008354	1.008354	0.352693	0.487184	0.438869	0.380159	0.335421
155.000000	1.021637	1.021637	0.382472	0.456819	0.351560	0.378634	0.289365
160.000000	1.006093	1.006093	0.683856	0.466405	0.385017	0.356514	0.282139
165.000000	1.012034	1.012034	0.816816	0.441039	0.326953	0.355008	0.245453
170.000000	1.025105	1.025105	1.247505	0.481723	0.406624	0.366672	0.284085
175.000000	1.032051	1.032051	1.112941	0.415460	0.199277	0.387022	0.178027
180.000000	1.022374	1.022374	0.988367	0.507229	0.487632	0.380623	0.345964
185.000000	1.031158	1.031158	0.838122	0.504231	0.475106	0.384209	0.349050
190.000000	1.042073	1.042073	0.822803	0.501146	0.469603	0.381801	0.345318
195.000000	1.051909	1.051909	0.984762	0.506562	0.485939	0.385627	0.349677
200.000000	1.056798	1.056798	0.989600	0.492230	0.453917	0.366611	0.313107
205.000000	1.068409	1.068409	0.841530	0.502693	0.471862	0.387994	0.349615
210.000000	1.072271	1.072271	0.990421	0.490268	0.450744	0.368390	0.312906
215.000000	1.089521	1.089521	0.828008	0.490857	0.443459	0.370122	0.320235
220.000000	1.097038	1.097038	1.058083	0.493812	0.461395	0.372445	0.319606
225.000000	1.105885	1.105885	1.057544	0.441057	0.338570	0.366229	0.240938
230.000000	1.108196	1.108196	1.023232	0.476653	0.423067	0.361409	0.291494
235.000000	1.112796	1.112796	1.210079	0.475313	0.399637	0.374574	0.284755
240.000000	1.122411	1.122411	1.475322	0.509332	0.483775	0.376520	0.338952
245.000000	1.139667	1.139667	0.500676	0.503336	0.471315	0.402037	0.367340
250.000000	1.117404	1.117404	0.973228	0.505070	0.479882	0.394166	0.356614
255.000000	1.117881	1.117881	0.891115	0.502732	0.472721	0.395069	0.355290
