0.000000	0.000000	0.000000	0.000000	0.426466	0.439596	0.326767	0.351241
5.000000	0.033250	0.190210	0.033250	0.422494	0.389618	0.347192	0.338002
10.000000	0.013930	0.201305	0.013930	0.423000	0.377041	0.340010	0.329752
15.000000	0.015515	0.143181	-0.015515	0.418731	0.382144	0.330485	0.334377
20.000000	0.062877	-0.110602	-0.062877	0.424928	0.439926	0.314144	0.356610
25.000000	0.068058	0.200437	-0.068058	0.422119	0.358423	0.330599	0.333811
30.000000	0.105665	-0.116813	-0.105665	0.420119	0.419852	0.313574	0.355849
35.000000	0.116537	-0.026637	-0.116537	0.422934	0.405392	0.316224	0.358353
40.000000	0.147607	0.103776	-0.147607	0.422872	0.337252	0.328099	0.338328
45.000000	0.173204	-0.334961	-0.173204	0.423926	0.410714	0.336098	0.334082
50.000000	0.230178	0.190225	-0.230178	0.444851	0.195979	0.356213	0.241468
55.000000	0.195411	-0.192439	-0.195411	0.424152	0.363788	0.335239	0.327322
60.000000	0.262532	0.344997	-0.262532	0.424310	0.261568	0.354245	0.296074
65.000000	0.308598	0.383982	-0.308598	0.446552	0.176678	0.380544	0.225588
70.000000	0.215026	-0.279839	-0.215026	0.420474	0.450799	0.321858	0.381640
75.000000	0.218938	-0.269425	-0.218938	0.424324	0.451333	0.321112	0.378994
80.000000	0.223003	-0.285886	-0.223003	0.424382	0.456210	0.324122	0.381196
85.000000	0.223493	-0.283980	-0.223493	0.422607	0.451932	0.323351	0.372606
90.000000	0.229777	-0.393431	-0.229777	0.421290	0.472928	0.341596	0.379817
95.000000	0.217980	-0.074456	-0.217980	0.415571	0.386722	0.321293	0.355431
100.000000	0.213995	-0.120338	-0.213995	0.416272	0.402060	0.323110	0.359883
105.000000	0.230067	0.068783	-0.230067	0.412827	0.344616	0.330670	0.342761
110.000000	0.220967	0.001655	-0.220967	0.417254	0.368641	0.328157	0.346343
115.000000	0.212743	-0.123791	-0.212743	0.417167	0.405719	0.330755	0.358829
120.000000	0.211789	-0.137143	-0.211789	0.416204	0.408779	0.334889	0.361095
125.000000	0.212218	-0.085547	-0.212218	0.416077	0.394433	0.339162	0.360124
130.000000	0.211689	-0.058938	-0.211689	0.412694	0.381467	0.344866	0.361330
135.000000	0.210368	-0.258363	-0.210368	0.417749	0.421874	0.341830	0.335474
140.000000	0.210071	-0.247533	-0.210071	0.419069	0.437085	0.349502	0.363513
145.000000	0.208351	-0.056918	-0.208351	0.414906	0.378870	0.355187	0.358724
150.000000	0.198259	-0.210520	-0.198259	0.415799	0.431916	0.361649	0.376176
155.000000	0.200605	-0.235665	-0.200605	0.417993	0.436942	0.365220	0.378587
160.000000	0.205171	-0.083226	-0.205171	0.418566	0.369111	0.352543	0.325215
165.000000	0.194137	-0.164315	-0.194137	0.419991	0.393683	0.353870	0.330533
170.000000	0.194176	-0.264540	-0.194176	0.419411	0.424683	0.358694	0.337038
175.000000	0.200298	-0.039652	-0.200298	0.413633	0.359258	0.361572	0.330788
180.000000	0.193652	-0.304103	-0.193652	0.419525	0.461011	0.387716	0.402242
185.000000	0.188866	-0.239733	-0.188866	0.417327	0.444793	0.389901	0.402642
190.000000	0.195291	-0.291879	-0.195291	0.418672	0.455986	0.390366	0.399151
195.000000	0.195962	-0.241032	-0.195962	0.418297	0.441308	0.389344	0.393547
200.000000	0.188220	-0.140102	-0.188220	0.415039	0.413233	0.394227	0.397930
205.000000	0.185404	-0.036849	-0.185404	0.417227	0.388480	0.400765	0.394858
210.000000	0.190197	0.068930	-0.190197	0.420186	0.363724	0.406355	0.383945
215.000000	0.179572	-0.019575	-0.179572	0.418359	0.382162	0.399843	0.387818
220.000000	0.174991	-0.228655	-0.174991	0.420756	0.448033	0.398433	0.404368
225.000000	0.172667	-0.283067	-0.172667	0.420816	0.461886	0.399002	0.405702
230.000000	0.172836	-0.270541	-0.172836	0.417036	0.446768	0.391871	0.383450
235.000000	0.177359	-0.377086	-0.177359	0.409299	0.460560	0.404195	0.402187
240.000000	0.162276	-0.176900	-0.162276	0.411991	0.429059	0.403200	0.404799
245.000000	0.149787	-0.186811	-0.149787	0.419969	0.434107	0.394164	0.381564
250.000000	0.152887	0.027892	-0.152887	0.412934	0.371777	0.406462	0.372984
255.000000	0.146770	-0.160946	-0.146770	0.416041	0.360370	0.364078	0.289598
