0.000000	0.000000	0.000000	0.000000	0.549598	0.468994	0.544276	0.454830
5.000000	0.035346	-0.326355	0.035346	0.563454	0.468256	0.544900	0.464537
10.000000	0.001759	0.405373	0.001759	0.555463	0.505338	0.595659	0.438733
15.000000	0.027143	0.527880	0.027143	0.561606	0.515583	0.616874	0.439703
20.000000	0.042223	0.224519	0.042223	0.548455	0.481941	0.594033	0.435199
25.000000	0.116702	-0.066579	0.116702	0.555023	0.469418	0.583210	0.441777
30.000000	0.167025	0.143667	0.167025	0.551895	0.469965	0.604717	0.428642
35.000000	0.215936	-0.209547	0.215936	0.567609	0.487458	0.583680	0.450066
40.000000	0.218700	-0.146159	0.218700	0.563048	0.486285	0.584311	0.449960
45.000000	0.226129	0.085342	0.226129	0.553611	0.476508	0.600731	0.436372
50.000000	0.263325	-0.134145	0.263325	0.566420	0.478138	0.584534	0.434447
55.000000	0.302994	-0.080950	0.302994	0.565559	0.477603	0.587413	0.431394
60.000000	0.277939	0.295740	0.277939	0.555755	0.438384	0.608482	0.403803
65.000000	0.309422	0.160198	0.309422	0.554588	0.477465	0.597322	0.442455
70.000000	0.334275	-0.021917	0.334275	0.563482	0.486064	0.577053	0.444762
75.000000	0.353452	0.218179	0.353452	0.553710	0.475120	0.594076	0.445180
80.000000	0.382794	0.088627	0.382794	0.560135	0.477951	0.576697	0.440204
85.000000	0.343950	0.592245	0.343950	0.551146	0.478130	0.615595	0.454726
90.000000	0.390074	-0.123610	0.390074	0.533620	0.282005	0.490609	0.224366
95.000000	0.391518	0.211607	0.391518	0.557581	0.446537	0.554322	0.416121
100.000000	0.368236	0.180294	0.368236	0.555013	0.476551	0.555340	0.450114
105.000000	0.333534	0.450824	0.333534	0.548704	0.480023	0.573298	0.464163
110.000000	0.337856	0.366264	0.337856	0.548534	0.471159	0.554891	0.448999
115.000000	0.392936	0.048760	0.392936	0.565061	0.458105	0.513627	0.409142
120.000000	0.397746	0.459320	0.397746	0.551029	0.471358	0.556038	0.455296
125.000000	0.428904	0.206772	0.428904	0.558116	0.479763	0.535409	0.450351
130.000000	0.434979	0.212152	0.434979	0.556913	0.477415	0.526816	0.445034
135.000000	0.443269	0.115338	0.443269	0.561449	0.481632	0.511935	0.438017
140.000000	0.465307	0.017676	0.465307	0.569837	0.471028	0.486378	0.403540
145.000000	0.451827	0.279036	0.451827	0.555093	0.414309	0.468278	0.354190
150.000000	0.471462	0.170513	0.471462	0.560731	0.478335	0.504973	0.435267
155.000000	0.476904	0.168171	0.476904	0.561453	0.482925	0.505934	0.441600
160.000000	0.458862	0.154707	0.458862	0.560591	0.481898	0.496258	0.436491
165.000000	0.454234	0.364640	0.454234	0.552978	0.475600	0.513570	0.446867
170.000000	0.480923	0.205965	0.480923	0.560086	0.456193	0.470685	0.394716
175.000000	0.499044	0.095996	0.499044	0.566412	0.483199	0.478910	0.421912
180.000000	0.498945	0.135461	0.498945	0.565339	0.448147	0.450021	0.365156
185.000000	0.477352	0.300754	0.477352	0.536443	0.321329	0.412167	0.254268
190.000000	0.472297	0.321694	0.472297	0.506254	0.189545	0.432365	0.186664
195.000000	0.496389	0.185197	0.496389	0.560457	0.481219	0.482799	0.426725
200.000000	0.505460	0.057849	0.505460	0.568456	0.491287	0.469132	0.423236
205.000000	0.513868	0.042152	0.513868	0.569818	0.486932	0.459425	0.410609
210.000000	0.506762	0.159898	0.506762	0.562569	0.463481	0.452424	0.388210
215.000000	0.496880	-0.098492	0.496880	0.578645	0.481198	0.430070	0.375103
220.000000	0.453057	0.108239	0.453057	0.563232	0.439048	0.422784	0.349771
225.000000	0.394333	0.802355	0.394333	0.547507	0.402498	0.445304	0.316566
230.000000	0.355480	0.723599	0.355480	0.553915	0.501464	0.512534	0.453547
235.000000	0.374167	0.871818	0.374167	0.560192	0.508046	0.512595	0.442391
240.000000	0.361783	1.075253	0.361783	0.581289	0.537229	0.536215	0.457291
245.000000	0.431489	0.393950	0.431489	0.552289	0.453511	0.454847	0.392375
250.000000	0.400517	0.825605	0.400517	0.556020	0.491642	0.497075	0.423097
255.000000	0.479617	0.565347	0.479617	0.542166	0.353024	0.423089	0.285357
