0.000000	0.999732
5.000000	1.000000
10.000000	0.999110
15.000000	0.998875
20.000000	0.997624
25.000000	0.996273
30.000000	0.994774
35.000000	0.993348
40.000000	0.992760
45.000000	0.991001
50.000000	0.988971
55.000000	0.987203
60.000000	0.984797
65.000000	0.981943
70.000000	0.978413
75.000000	0.975608
80.000000	0.972485
85.000000	0.968807
90.000000	0.964205
95.000000	0.960685
100.000000	0.954171
105.000000	0.948175
110.000000	0.942104
115.000000	0.933670
120.000000	0.924711
125.000000	0.915224
130.000000	0.903378
135.000000	0.889476
140.000000	0.875791
145.000000	0.858489
150.000000	0.839900
155.000000	0.822223
160.000000	0.798464
165.000000	0.773574
170.000000	0.745817
175.000000	0.716228
180.000000	0.681278
185.000000	0.648040
190.000000	0.609642
195.000000	0.570597
200.000000	0.525976
205.000000	0.482402
210.000000	0.434893
215.000000	0.392606
220.000000	0.344712
225.000000	0.301974
230.000000	0.260027
235.000000	0.219582
240.000000	0.183033
245.000000	0.150060
250.000000	0.122132
255.000000	0.099107
