0.000000	0.000000	0.000000	0.000000	0.491407	0.464986	0.440097	0.417575
5.000000	0.038481	0.038481	0.528125	0.484003	0.513747	0.438909	0.418602
10.000000	0.084330	0.084330	0.609492	0.483725	0.515838	0.448836	0.424418
15.000000	0.132801	0.132801	0.901617	0.482287	0.512020	0.463267	0.425695
20.000000	0.166265	0.166265	0.915350	0.482812	0.513837	0.476717	0.431999
25.000000	0.195324	0.195324	0.833432	0.481319	0.513105	0.485877	0.435363
30.000000	0.197291	0.197291	0.552062	0.483872	0.499416	0.493401	0.442729
35.000000	0.213248	0.213248	0.419869	0.484813	0.485003	0.503169	0.447264
40.000000	0.247245	0.247245	0.196550	0.490373	0.457520	0.510290	0.450287
45.000000	0.266296	0.266296	0.303659	0.443592	0.388992	0.488857	0.381634
50.000000	0.291926	0.291926	0.351348	0.476896	0.452554	0.516441	0.434913
55.000000	0.313326	0.313326	0.415896	0.454321	0.413780	0.506004	0.399286
60.000000	0.373518	0.373518	-0.260154	0.486726	0.426020	0.522149	0.426028
65.000000	0.351584	0.351584	0.734180	0.397638	0.246142	0.448573	0.239346
70.000000	0.360357	0.360357	0.477793	0.443644	0.389894	0.505341	0.379863
75.000000	0.437999	0.437999	-0.010113	0.381758	0.145218	0.431464	0.149907
80.000000	0.436506	0.436506	-0.082658	0.457244	0.370862	0.500712	0.377811
85.000000	0.419422	0.419422	0.270279	0.453723	0.376330	0.506354	0.382286
90.000000	0.433118	0.433118	0.246795	0.480945	0.422098	0.519166	0.425001
95.000000	0.449514	0.449514	0.263459	0.435925	0.341822	0.489835	0.352548
100.000000	0.462615	0.462615	0.375194	0.480440	0.431126	0.516105	0.425592
105.000000	0.488317	0.488317	0.198773	0.459123	0.371654	0.493685	0.374863
110.000000	0.504036	0.504036	0.125117	0.479026	0.406888	0.502807	0.411588
115.000000	0.502338	0.502338	0.206983	0.435395	0.330376	0.471030	0.336287
120.000000	0.507613	0.507613	0.181168	0.474775	0.401442	0.493240	0.401705
125.000000	0.488127	0.488127	0.685078	0.465148	0.443433	0.499574	0.410789
130.000000	0.504414	0.504414	0.357643	0.498822	0.456043	0.508677	0.449516
135.000000	0.511583	0.511583	0.309723	0.497745	0.451272	0.503066	0.446771
140.000000	0.513879	0.513879	0.442311	0.465125	0.417688	0.484849	0.403270
145.000000	0.550999	0.550999	0.126239	0.400607	0.258006	0.425810	0.258138
150.000000	0.560026	0.560026	0.075476	0.414028	0.286404	0.425514	0.280663
155.000000	0.561387	0.561387	0.308897	0.373251	0.161952	0.434145	0.161556
160.000000	0.555388	0.555388	0.288923	0.422871	0.313973	0.435886	0.307151
165.000000	0.539369	0.539369	0.724442	0.445718	0.401624	0.462445	0.364438
170.000000	0.570904	0.570904	0.217803	0.503451	0.449777	0.487599	0.441603
175.000000	0.580702	0.580702	0.174130	0.503200	0.448109	0.483862	0.438996
180.000000	0.580172	0.580172	0.275968	0.500150	0.447613	0.483632	0.436425
185.000000	0.592405	0.592405	0.170006	0.507075	0.451758	0.482725	0.441179
190.000000	0.591604	0.591604	0.185684	0.504271	0.448831	0.480151	0.437151
195.000000	0.583420	0.583420	0.287051	0.501826	0.450677	0.481329	0.438390
200.000000	0.568829	0.568829	0.813729	0.484944	0.489053	0.491225	0.434814
205.000000	0.576552	0.576552	0.933039	0.482117	0.495406	0.491198	0.431224
210.000000	0.575316	0.575316	0.794444	0.484046	0.483586	0.487038	0.430920
215.000000	0.573484	0.573484	0.754715	0.485063	0.480377	0.484216	0.431382
220.000000	0.571961	0.571961	0.629988	0.487685	0.466938	0.480193	0.426927
225.000000	0.579117	0.579117	0.601554	0.484756	0.457583	0.473688	0.421005
230.000000	0.576797	0.576797	0.716136	0.476951	0.459180	0.471281	0.411534
235.000000	0.580748	0.580748	0.625636	0.485999	0.460523	0.474875	0.420405
240.000000	0.583170	0.583170	0.670150	0.473541	0.446262	0.464012	0.403774
245.000000	0.586433	0.586433	0.728057	0.483371	0.469972	0.476587	0.421080
250.000000	0.590974	0.590974	0.911514	0.458840	0.442131	0.459893	0.379518
255.000000	0.592008	0.592008	0.583449	0.368799	0.194175	0.410281	0.199593
