0.000000	0.998650
5.000000	0.998531
10.000000	0.999590
15.000000	1.000000
20.000000	0.999521
25.000000	0.999716
30.000000	0.999283
35.000000	0.999095
40.000000	0.999067
45.000000	0.999644
50.000000	0.999599
55.000000	0.998946
60.000000	0.998429
65.000000	0.997497
70.000000	0.997409
75.000000	0.996552
80.000000	0.996291
85.000000	0.994388
90.000000	0.993224
95.000000	0.992945
100.000000	0.990810
105.000000	0.990050
110.000000	0.986620
115.000000	0.984811
120.000000	0.980208
125.000000	0.976953
130.000000	0.972171
135.000000	0.969610
140.000000	0.962428
145.000000	0.954948
150.000000	0.947596
155.000000	0.935461
160.000000	0.921036
165.000000	0.909211
170.000000	0.892996
175.000000	0.875162
180.000000	0.849714
185.000000	0.821813
190.000000	0.797735
195.000000	0.766555
200.000000	0.729338
205.000000	0.689530
210.000000	0.642090
215.000000	0.601414
220.000000	0.552309
225.000000	0.504290
230.000000	0.452655
235.000000	0.400897
240.000000	0.348904
245.000000	0.299629
250.000000	0.253240
255.000000	0.214672
