0.000000	0.166147
5.000000	0.168091
10.000000	0.170112
15.000000	0.172178
20.000000	0.174765
25.000000	0.177418
30.000000	0.179841
35.000000	0.183255
40.000000	0.186746
45.000000	0.190504
50.000000	0.194163
55.000000	0.198878
60.000000	0.203556
65.000000	0.208858
70.000000	0.214586
75.000000	0.220998
80.000000	0.227525
85.000000	0.235710
90.000000	0.243663
95.000000	0.251871
100.000000	0.262287
105.000000	0.272360
110.000000	0.283685
115.000000	0.296327
120.000000	0.309915
125.000000	0.325147
130.000000	0.341691
135.000000	0.359278
140.000000	0.378106
145.000000	0.400022
150.000000	0.422906
155.000000	0.446599
160.000000	0.472134
165.000000	0.501041
170.000000	0.532544
175.000000	0.562370
180.000000	0.595293
185.000000	0.628791
190.000000	0.665884
195.000000	0.700502
200.000000	0.735700
205.000000	0.772409
210.000000	0.811268
215.000000	0.840659
220.000000	0.871649
225.000000	0.903683
230.000000	0.929130
235.000000	0.947919
240.000000	0.966832
245.000000	0.984619
250.000000	0.992624
255.000000	1.000000
