0.000000	0.053971
5.000000	0.054189
10.000000	0.054423
15.000000	0.054829
20.000000	0.054662
25.000000	0.055685
30.000000	0.056274
35.000000	0.057053
40.000000	0.057752
45.000000	0.058621
50.000000	0.059491
55.000000	0.060657
60.000000	0.062014
65.000000	0.063700
70.000000	0.065638
75.000000	0.067919
80.000000	0.069616
85.000000	0.072609
90.000000	0.075848
95.000000	0.079004
100.000000	0.083757
105.000000	0.088998
110.000000	0.094699
115.000000	0.101069
120.000000	0.108538
125.000000	0.117958
130.000000	0.128264
135.000000	0.139144
140.000000	0.152773
145.000000	0.169036
150.000000	0.185608
155.000000	0.204430
160.000000	0.225876
165.000000	0.252072
170.000000	0.280402
175.000000	0.309211
180.000000	0.344417
185.000000	0.380871
190.000000	0.418682
195.000000	0.461571
200.000000	0.510646
205.000000	0.556355
210.000000	0.607413
215.000000	0.656618
220.000000	0.709669
225.000000	0.761752
230.000000	0.810032
235.000000	0.855519
240.000000	0.899948
245.000000	0.942303
250.000000	0.973924
255.000000	1.000000
