0.000000	0.000000	0.000000	0.000000	0.434169	0.200385	0.434803	0.203242
5.000000	0.027194	0.027194	-0.206504	0.430980	0.239416	0.419521	0.231723
10.000000	0.056916	0.056916	-0.153105	0.435685	0.229723	0.421933	0.220074
15.000000	0.082473	0.082473	-0.083243	0.433777	0.227023	0.420134	0.219335
20.000000	0.088698	0.088698	0.081532	0.436280	0.219167	0.429531	0.214546
25.000000	0.096477	0.096477	0.276054	0.410979	0.234775	0.413849	0.234596
30.000000	0.094072	0.094072	0.412336	0.417773	0.188308	0.408722	0.180728
35.000000	0.116205	0.116205	0.365557	0.426327	0.165680	0.408403	0.159619
40.000000	0.142941	0.142941	0.375115	0.429774	0.170812	0.410769	0.162853
45.000000	0.167571	0.167571	0.633996	0.395680	0.221782	0.403364	0.189465
50.000000	0.186469	0.186469	0.583555	0.397819	0.231820	0.399939	0.205314
55.000000	0.238757	0.238757	0.137841	0.411951	0.237172	0.406057	0.240160
60.000000	0.242215	0.242215	0.456236	0.412912	0.229040	0.400038	0.207407
65.000000	0.280711	0.280711	0.302959	0.405287	0.228025	0.394425	0.221362
70.000000	0.320546	0.320546	0.189287	0.405691	0.228724	0.398995	0.232379
75.000000	0.350063	0.350063	0.164986	0.408073	0.211756	0.403172	0.216316
80.000000	0.342346	0.342346	0.465137	0.413053	0.181558	0.409547	0.167180
85.000000	0.373132	0.373132	0.581953	0.410159	0.212911	0.413603	0.190447
90.000000	0.414500	0.414500	0.694922	0.404934	0.223857	0.420815	0.198396
95.000000	0.428207	0.428207	0.615793	0.405817	0.207608	0.417982	0.187882
100.000000	0.446798	0.446798	0.529682	0.401565	0.184462	0.419672	0.172999
105.000000	0.464334	0.464334	0.734370	0.407381	0.215533	0.427756	0.194993
110.000000	0.485114	0.485114	0.445908	0.403967	0.177768	0.419322	0.166583
115.000000	0.499893	0.499893	0.537038	0.394697	0.214426	0.419348	0.203900
120.000000	0.522543	0.522543	0.456775	0.394841	0.208876	0.419224	0.203039
125.000000	0.538145	0.538145	0.347217	0.395217	0.225481	0.408259	0.221865
130.000000	0.563224	0.563224	0.174486	0.397152	0.226597	0.402360	0.228759
135.000000	0.573272	0.573272	0.229222	0.395140	0.225009	0.403872	0.225954
140.000000	0.587007	0.587007	0.281161	0.389934	0.220378	0.408824	0.220464
145.000000	0.591926	0.591926	0.494586	0.390965	0.224234	0.414899	0.214978
150.000000	0.606098	0.606098	0.360031	0.388228	0.222018	0.411014	0.218650
155.000000	0.623066	0.623066	0.398864	0.394056	0.221122	0.415830	0.214858
160.000000	0.641233	0.641233	0.242669	0.389761	0.206670	0.412434	0.207031
165.000000	0.645296	0.645296	0.220451	0.392443	0.208917	0.414746	0.208203
170.000000	0.657990	0.657990	0.026912	0.397177	0.230870	0.400632	0.231614
175.000000	0.669326	0.669326	0.008613	0.397445	0.230650	0.401110	0.229642
180.000000	0.679834	0.679834	0.006020	0.395914	0.225027	0.401204	0.223371
185.000000	0.680462	0.680462	0.387825	0.386103	0.194409	0.414432	0.189978
190.000000	0.689767	0.689767	0.300072	0.389456	0.188609	0.419068	0.183542
195.000000	0.680918	0.680918	0.355960	0.388248	0.200610	0.415223	0.195620
200.000000	0.684577	0.684577	0.277749	0.391900	0.168297	0.416023	0.162436
205.000000	0.688920	0.688920	0.053423	0.394882	0.210199	0.404578	0.204269
210.000000	0.718358	0.718358	0.255014	0.401839	0.083465	0.416349	0.085795
215.000000	0.709168	0.709168	0.710610	0.389851	0.182600	0.391931	0.166694
220.000000	0.714743	0.714743	0.399676	0.381667	0.218683	0.399846	0.207228
225.000000	0.711404	0.711404	0.286271	0.383729	0.219163	0.410964	0.215987
230.000000	0.715263	0.715263	0.231610	0.389273	0.225421	0.406527	0.217444
235.000000	0.719892	0.719892	0.586476	0.377905	0.213072	0.386202	0.197344
240.000000	0.724558	0.724558	0.748048	0.385978	0.215527	0.377284	0.194006
245.000000	0.729335	0.729335	0.709165	0.383072	0.210882	0.376808	0.190191
250.000000	0.743482	0.743482	0.647996	0.382447	0.213739	0.379032	0.193049
255.000000	0.745360	0.745360	0.755680	0.384572	0.214748	0.374526	0.193205
