0.000000	0.044463
5.000000	0.045135
10.000000	0.045061
15.000000	0.045453
20.000000	0.045750
25.000000	0.046443
30.000000	0.046736
35.000000	0.047260
40.000000	0.047869
45.000000	0.048550
50.000000	0.049282
55.000000	0.050034
60.000000	0.050929
65.000000	0.052174
70.000000	0.053466
75.000000	0.054846
80.000000	0.056572
85.000000	0.058582
90.000000	0.060895
95.000000	0.063230
100.000000	0.066414
105.000000	0.069927
110.000000	0.073687
115.000000	0.078033
120.000000	0.083089
125.000000	0.088831
130.000000	0.095537
135.000000	0.103822
140.000000	0.112798
145.000000	0.123219
150.000000	0.135756
155.000000	0.149381
160.000000	0.164781
165.000000	0.184163
170.000000	0.205320
175.000000	0.228203
180.000000	0.256659
185.000000	0.286703
190.000000	0.320244
195.000000	0.359080
200.000000	0.402812
205.000000	0.446580
210.000000	0.499621
215.000000	0.550106
220.000000	0.610240
225.000000	0.666686
230.000000	0.723686
235.000000	0.784072
240.000000	0.843769
245.000000	0.900582
250.000000	0.951900
255.000000	1.000000
