0.000000	1.000000
5.000000	0.997520
10.000000	0.995476
15.000000	0.993034
20.000000	0.989330
25.000000	0.985359
30.000000	0.981242
35.000000	0.977113
40.000000	0.972138
45.000000	0.965918
50.000000	0.960867
55.000000	0.954753
60.000000	0.948204
65.000000	0.940670
70.000000	0.934195
75.000000	0.925750
80.000000	0.917058
85.000000	0.908018
90.000000	0.898476
95.000000	0.889529
100.000000	0.877146
105.000000	0.863188
110.000000	0.849562
115.000000	0.835315
120.000000	0.817510
125.000000	0.799865
130.000000	0.781656
135.000000	0.761279
140.000000	0.738257
145.000000	0.713384
150.000000	0.690006
155.000000	0.663864
160.000000	0.633809
165.000000	0.602999
170.000000	0.572071
175.000000	0.539109
180.000000	0.502125
185.000000	0.467568
190.000000	0.434635
195.000000	0.400025
200.000000	0.362169
205.000000	0.329217
210.000000	0.296151
215.000000	0.267128
220.000000	0.239163
225.000000	0.215113
230.000000	0.195103
235.000000	0.178721
240.000000	0.165662
245.000000	0.156782
250.000000	0.151541
255.000000	0.148775
