0.000000	0.000000	0.000000	0.000000	0.464493	0.390212	0.413354	0.317452
5.000000	0.010387	0.220292	0.010387	0.512878	0.481593	0.451593	0.411145
10.000000	0.024244	0.135569	0.024244	0.523145	0.504790	0.441326	0.418004
15.000000	0.031412	0.075930	0.031412	0.522162	0.504406	0.417978	0.400980
20.000000	0.038782	0.113808	0.038782	0.526570	0.511432	0.408647	0.401278
25.000000	0.043771	0.037129	0.043771	0.521684	0.503551	0.384276	0.375161
30.000000	0.051879	0.002931	0.051879	0.532115	0.522237	0.381885	0.384250
35.000000	0.055735	-0.017687	0.055735	0.532509	0.523220	0.373843	0.379646
40.000000	0.061934	0.043583	0.061934	0.512167	0.483548	0.378588	0.366428
45.000000	0.058870	0.187834	0.058870	0.515552	0.487024	0.377239	0.369960
50.000000	0.056005	0.414143	0.056005	0.507406	0.464406	0.384787	0.370578
55.000000	0.062452	0.339922	0.062452	0.468706	0.389682	0.393485	0.337182
60.000000	0.072889	0.370933	0.072889	0.504207	0.461286	0.380711	0.366646
65.000000	0.075442	-0.024914	0.075442	0.500092	0.457471	0.380630	0.359958
70.000000	0.079194	0.062498	0.079194	0.515998	0.492302	0.379996	0.382195
75.000000	0.093409	0.369829	0.093409	0.499224	0.451736	0.386298	0.365205
80.000000	0.102473	0.485837	0.102473	0.511758	0.471900	0.381244	0.369373
85.000000	0.109250	0.238458	0.109250	0.493096	0.436228	0.387706	0.357073
90.000000	0.109713	0.186159	0.109713	0.504101	0.464346	0.380619	0.365738
95.000000	0.109439	0.247611	0.109439	0.478994	0.405221	0.390907	0.343020
100.000000	0.077965	1.125851	0.077965	0.508538	0.449935	0.370559	0.331441
105.000000	0.096444	0.774562	0.096444	0.510282	0.456699	0.381445	0.355325
110.000000	0.094811	0.942737	0.094811	0.490087	0.419995	0.372363	0.326810
115.000000	0.105331	0.826476	0.105331	0.515978	0.463782	0.375217	0.350782
120.000000	0.136641	0.543108	0.136641	0.521373	0.486282	0.379084	0.366428
125.000000	0.128679	0.742517	0.128679	0.517673	0.471081	0.379586	0.358091
130.000000	0.129085	0.576732	0.129085	0.520581	0.482187	0.378208	0.364858
135.000000	0.130173	0.705403	0.130173	0.517160	0.472152	0.381978	0.360399
140.000000	0.140128	0.730011	0.140128	0.512815	0.467260	0.380443	0.354895
145.000000	0.153708	0.631683	0.153708	0.518257	0.477462	0.381775	0.361755
150.000000	0.151261	0.778034	0.151261	0.514224	0.466905	0.377663	0.351127
155.000000	0.145385	0.826101	0.145385	0.517274	0.467800	0.376580	0.348866
160.000000	0.135626	0.942236	0.135626	0.511606	0.458929	0.371081	0.337320
165.000000	0.152775	0.790657	0.152775	0.514967	0.466733	0.377156	0.348518
170.000000	0.158105	0.799996	0.158105	0.515079	0.467104	0.375063	0.346401
175.000000	0.163233	0.806515	0.163233	0.511573	0.463452	0.373094	0.341434
180.000000	0.171553	0.665483	0.171553	0.516797	0.473223	0.380839	0.354848
185.000000	0.185606	0.458410	0.185606	0.511737	0.478510	0.377327	0.354574
190.000000	0.184322	0.843743	0.184322	0.506249	0.452296	0.371083	0.333326
195.000000	0.182915	0.770351	0.182915	0.501032	0.448820	0.372261	0.335196
200.000000	0.190229	0.453936	0.190229	0.477318	0.399915	0.383080	0.323603
205.000000	0.206680	0.452824	0.206680	0.469569	0.383719	0.384159	0.313767
210.000000	0.204603	0.449645	0.204603	0.494189	0.439444	0.379433	0.337350
215.000000	0.200491	0.679328	0.200491	0.468987	0.392666	0.378076	0.314977
220.000000	0.198174	0.788825	0.198174	0.494640	0.438904	0.371748	0.326876
225.000000	0.207487	0.502276	0.207487	0.486957	0.424518	0.383043	0.329501
230.000000	0.206155	0.894339	0.206155	0.443882	0.349324	0.371319	0.288532
235.000000	0.196596	1.008937	0.196596	0.510646	0.456345	0.370793	0.333445
240.000000	0.210288	0.437888	0.210288	0.524967	0.503556	0.378674	0.361611
245.000000	0.208031	0.829092	0.208031	0.519040	0.472403	0.372499	0.340382
250.000000	0.217649	0.601446	0.217649	0.523276	0.489104	0.383661	0.360394
255.000000	0.215280	0.763483	0.215280	0.519558	0.476032	0.373825	0.343579
