0.000000	1.000000
5.000000	0.995996
10.000000	0.992301
15.000000	0.987051
20.000000	0.980895
25.000000	0.974949
30.000000	0.969468
35.000000	0.962854
40.000000	0.955591
45.000000	0.947597
50.000000	0.939617
55.000000	0.931193
60.000000	0.923969
65.000000	0.913945
70.000000	0.903450
75.000000	0.892740
80.000000	0.881429
85.000000	0.867514
90.000000	0.855057
95.000000	0.841690
100.000000	0.823999
105.000000	0.808093
110.000000	0.791702
115.000000	0.775654
120.000000	0.758084
125.000000	0.736971
130.000000	0.717789
135.000000	0.697277
140.000000	0.674104
145.000000	0.651077
150.000000	0.628029
155.000000	0.608573
160.000000	0.584824
165.000000	0.562231
170.000000	0.540549
175.000000	0.519865
180.000000	0.498067
185.000000	0.483568
190.000000	0.470056
195.000000	0.456514
200.000000	0.448329
205.000000	0.446960
210.000000	0.446855
215.000000	0.450069
220.000000	0.461007
225.000000	0.474058
230.000000	0.493041
235.000000	0.514389
240.000000	0.536668
245.000000	0.562786
250.000000	0.588721
255.000000	0.614042
