0.000000	0.000000	0.000000	0.000000	0.497954	0.451835	0.480626	0.359740
5.000000	0.021048	0.021048	-0.138331	0.511284	0.490132	0.498128	0.375500
10.000000	0.058216	0.058216	-0.072488	0.510453	0.487252	0.500852	0.377034
15.000000	0.098460	0.098460	0.092348	0.504353	0.466997	0.494677	0.381293
20.000000	0.142691	0.142691	0.225792	0.501395	0.451653	0.494733	0.384456
25.000000	0.170516	0.170516	0.174345	0.493320	0.439649	0.483443	0.357487
30.000000	0.202842	0.202842	0.154994	0.508282	0.477383	0.493589	0.384834
35.000000	0.243044	0.243044	0.444447	0.492866	0.403980	0.479343	0.358735
40.000000	0.277835	0.277835	0.400933	0.488379	0.413623	0.470932	0.350255
45.000000	0.311800	0.311800	0.411207	0.494753	0.427541	0.471845	0.354197
50.000000	0.343880	0.343880	0.523914	0.504607	0.436348	0.484422	0.372056
55.000000	0.378662	0.378662	0.692559	0.503154	0.403230	0.484155	0.352821
60.000000	0.407993	0.407993	0.671188	0.503545	0.419033	0.478824	0.355380
65.000000	0.444827	0.444827	0.640354	0.503128	0.432701	0.471059	0.354213
70.000000	0.470436	0.470436	0.763636	0.508409	0.425168	0.478470	0.357006
75.000000	0.495928	0.495928	0.587902	0.504964	0.451278	0.459461	0.346850
80.000000	0.527606	0.527606	0.693323	0.505497	0.442003	0.461614	0.344070
85.000000	0.551313	0.551313	0.616790	0.503035	0.447659	0.447623	0.331908
90.000000	0.573896	0.573896	0.716366	0.502607	0.434707	0.449756	0.326778
95.000000	0.599932	0.599932	0.685189	0.506391	0.455195	0.448599	0.335008
100.000000	0.627360	0.627360	0.862189	0.507290	0.432543	0.453516	0.334402
105.000000	0.643411	0.643411	0.857103	0.498321	0.418103	0.438158	0.314997
110.000000	0.656695	0.656695	0.985480	0.504097	0.411709	0.447372	0.323567
115.000000	0.675102	0.675102	0.883080	0.507884	0.439367	0.446667	0.333730
120.000000	0.692042	0.692042	0.881825	0.507137	0.441408	0.445199	0.330642
125.000000	0.724711	0.724711	0.959010	0.508050	0.436457	0.450653	0.331407
130.000000	0.738604	0.738604	0.823521	0.509606	0.461892	0.444724	0.329996
135.000000	0.760168	0.760168	0.991487	0.507028	0.433728	0.447586	0.325695
140.000000	0.784470	0.784470	1.004915	0.506247	0.437435	0.448478	0.326904
145.000000	0.784305	0.784305	1.230471	0.490115	0.358579	0.427516	0.282526
150.000000	0.803318	0.803318	0.915244	0.506145	0.451713	0.441640	0.321320
155.000000	0.818162	0.818162	0.878685	0.509834	0.466283	0.443235	0.327320
160.000000	0.834458	0.834458	0.945574	0.504787	0.450526	0.442460	0.317995
165.000000	0.846993	0.846993	0.984697	0.503594	0.439376	0.440020	0.313280
170.000000	0.860457	0.860457	1.023247	0.506460	0.444051	0.445257	0.322855
175.000000	0.870260	0.870260	1.038891	0.507967	0.445398	0.447288	0.326496
180.000000	0.862477	0.862477	0.800444	0.510195	0.484756	0.439366	0.325785
185.000000	0.878350	0.878350	0.851065	0.509746	0.478779	0.442293	0.324150
190.000000	0.894013	0.894013	0.970755	0.508579	0.461926	0.446366	0.325386
195.000000	0.907079	0.907079	1.006324	0.502314	0.445357	0.438332	0.312324
200.000000	0.901930	0.901930	0.995777	0.504514	0.450290	0.441240	0.315927
205.000000	0.907995	0.907995	1.040388	0.507591	0.451376	0.446274	0.325171
210.000000	0.905425	0.905425	1.040642	0.506475	0.447603	0.444508	0.322605
215.000000	0.903356	0.903356	0.923781	0.508961	0.471026	0.445374	0.324380
220.000000	0.921445	0.921445	1.198010	0.506525	0.424539	0.449146	0.327056
225.000000	0.931775	0.931775	1.322519	0.503480	0.398314	0.439482	0.319461
230.000000	0.936155	0.936155	1.375986	0.510305	0.403504	0.449869	0.333038
235.000000	0.945835	0.945835	1.280007	0.507513	0.414254	0.447633	0.328581
240.000000	0.936327	0.936327	1.409110	0.509504	0.399310	0.448191	0.331694
245.000000	0.953773	0.953773	1.259556	0.506686	0.416446	0.444940	0.324787
250.000000	0.935787	0.935787	1.533003	0.497571	0.366931	0.428196	0.305649
255.000000	0.925248	0.925248	1.634175	0.493342	0.348159	0.414645	0.290237
