0.000000	0.583063
5.000000	0.584058
10.000000	0.585549
15.000000	0.587064
20.000000	0.588926
25.000000	0.591016
30.000000	0.593110
35.000000	0.595677
40.000000	0.598273
45.000000	0.601602
50.000000	0.605169
55.000000	0.608695
60.000000	0.612712
65.000000	0.616469
70.000000	0.621718
75.000000	0.627096
80.000000	0.632173
85.000000	0.638873
90.000000	0.645381
95.000000	0.652565
100.000000	0.661361
105.000000	0.670342
110.000000	0.679737
115.000000	0.689817
120.000000	0.700879
125.000000	0.713502
130.000000	0.726613
135.000000	0.740635
140.000000	0.756611
145.000000	0.773799
150.000000	0.790201
155.000000	0.808339
160.000000	0.825535
165.000000	0.845013
170.000000	0.865353
175.000000	0.884654
180.000000	0.907846
185.000000	0.925183
190.000000	0.941228
195.000000	0.957906
200.000000	0.973387
205.000000	0.983707
210.000000	0.995469
215.000000	1.000000
220.000000	0.999208
225.000000	0.995820
230.000000	0.989694
235.000000	0.976955
240.000000	0.958705
245.000000	0.939296
250.000000	0.913480
255.000000	0.885757
