0.000000	0.000000	0.000000	0.000000	0.414787	0.301425	0.362072	0.203199
5.000000	0.008748	-0.008748	-0.097856	0.419135	0.319668	0.371718	0.223213
10.000000	0.010842	0.010842	-0.075317	0.424411	0.323587	0.366606	0.237651
15.000000	0.035400	0.035400	-0.051820	0.419608	0.320402	0.361568	0.249226
20.000000	0.058817	0.058817	-0.065969	0.419307	0.329583	0.360973	0.256030
25.000000	0.081418	0.081418	-0.027741	0.416742	0.322308	0.354789	0.262472
30.000000	0.102044	0.102044	0.049781	0.410463	0.303701	0.340072	0.267854
35.000000	0.117935	0.117935	-0.000430	0.416263	0.321194	0.347828	0.269305
40.000000	0.131600	0.131600	-0.009360	0.416288	0.324206	0.348798	0.270062
45.000000	0.146466	0.146466	0.031658	0.412066	0.314329	0.340960	0.273782
50.000000	0.164471	0.164471	0.059133	0.412714	0.311954	0.337415	0.278923
55.000000	0.187409	0.187409	0.072223	0.408393	0.308477	0.336734	0.286929
60.000000	0.199389	0.199389	0.036816	0.409091	0.317327	0.347704	0.288087
65.000000	0.212596	0.212596	-0.013049	0.412364	0.334162	0.364314	0.291113
70.000000	0.224822	0.224822	-0.007545	0.410107	0.333424	0.377456	0.304879
75.000000	0.230841	0.230841	-0.025946	0.414139	0.342260	0.396788	0.314798
80.000000	0.241332	0.241332	-0.047214	0.417823	0.349790	0.415878	0.324199
85.000000	0.256553	0.256553	0.002556	0.411920	0.337382	0.417564	0.342667
90.000000	0.266476	0.266476	0.059439	0.405452	0.319962	0.415641	0.361434
95.000000	0.269728	0.269728	0.134356	0.411627	0.307023	0.411649	0.381662
100.000000	0.271842	0.271842	0.150912	0.406092	0.297465	0.417606	0.390258
105.000000	0.287352	0.287352	0.110705	0.408060	0.311132	0.430921	0.389987
110.000000	0.294803	0.294803	0.089577	0.403435	0.313641	0.441661	0.390725
115.000000	0.299481	0.299481	0.115024	0.408068	0.312084	0.442806	0.398505
120.000000	0.304184	0.304184	0.142828	0.404800	0.304341	0.443851	0.404932
125.000000	0.306977	0.306977	0.184352	0.407260	0.296978	0.443203	0.411862
130.000000	0.309054	0.309054	0.197277	0.406451	0.292760	0.444711	0.415266
135.000000	0.319259	0.319259	0.184290	0.404674	0.295141	0.449786	0.413678
140.000000	0.321881	0.321881	0.244916	0.405323	0.284441	0.443927	0.424132
145.000000	0.310856	0.310856	0.307843	0.407925	0.272683	0.439093	0.433602
150.000000	0.303708	0.303708	0.332343	0.408029	0.267205	0.438812	0.438176
155.000000	0.315916	0.315916	0.295379	0.407948	0.275466	0.446029	0.433435
160.000000	0.330361	0.330361	0.261491	0.405528	0.280437	0.450906	0.430068
165.000000	0.336425	0.336425	0.244429	0.401959	0.281930	0.454991	0.426746
170.000000	0.346668	0.346668	0.218237	0.401019	0.287346	0.459055	0.423380
175.000000	0.347961	0.347961	0.214110	0.400065	0.287163	0.460833	0.423574
180.000000	0.349760	0.349760	0.220035	0.400621	0.285214	0.461395	0.424482
185.000000	0.347667	0.347667	0.276650	0.398065	0.272641	0.453373	0.435221
190.000000	0.340106	0.340106	0.327288	0.401538	0.266626	0.448007	0.443451
195.000000	0.339093	0.339093	0.331073	0.401033	0.265902	0.447783	0.444945
200.000000	0.348101	0.348101	0.306024	0.399074	0.269806	0.451926	0.441545
205.000000	0.358820	0.358820	0.288979	0.399987	0.274653	0.452311	0.441470
210.000000	0.365860	0.365860	0.268497	0.398364	0.277150	0.456489	0.437652
215.000000	0.369199	0.369199	0.260546	0.402272	0.280925	0.456836	0.438055
220.000000	0.378446	0.378446	0.234108	0.397462	0.283744	0.462083	0.432708
225.000000	0.383732	0.383732	0.237204	0.396759	0.284580	0.459932	0.435226
230.000000	0.386841	0.386841	0.234780	0.398964	0.285962	0.459475	0.435827
235.000000	0.388097	0.388097	0.232754	0.395256	0.284264	0.460807	0.434950
240.000000	0.390781	0.390781	0.212038	0.398446	0.292157	0.464007	0.431453
245.000000	0.402627	0.402627	0.161905	0.395351	0.302861	0.470562	0.423662
250.000000	0.403237	0.403237	0.136895	0.395541	0.307872	0.475404	0.419371
255.000000	0.408738	0.408738	0.136095	0.392964	0.308241	0.474893	0.420464
