0.000000	0.000000	0.000000	0.000000	0.377351	0.324246	0.421994	0.322735
5.000000	0.003190	0.157175	-0.003190	0.381356	0.331489	0.418991	0.315703
10.000000	0.007952	0.305393	0.007952	0.388281	0.340711	0.414162	0.306564
15.000000	0.024985	-0.223510	0.024985	0.381330	0.336605	0.415505	0.335097
20.000000	0.031067	0.275329	0.031067	0.383770	0.337042	0.416607	0.301946
25.000000	0.033314	0.056613	0.033314	0.375801	0.330191	0.413244	0.306503
30.000000	0.059813	-0.128633	0.059813	0.382511	0.335469	0.417657	0.312981
35.000000	0.053528	0.064373	0.053528	0.378248	0.329210	0.417452	0.296149
40.000000	0.085817	-0.328036	0.085817	0.387939	0.342954	0.413558	0.311413
45.000000	0.079532	-0.254698	0.079532	0.378314	0.330018	0.426919	0.301565
50.000000	0.080692	-0.211121	0.080692	0.370769	0.323348	0.433903	0.299510
55.000000	0.052805	0.077739	0.052805	0.375238	0.327863	0.432862	0.282184
60.000000	0.037353	-0.129531	0.037353	0.378028	0.332608	0.439280	0.290760
65.000000	0.059152	-0.073901	0.059152	0.371901	0.326777	0.439223	0.280896
70.000000	0.043602	-0.190289	0.043602	0.375672	0.329500	0.442646	0.282918
75.000000	0.044168	-0.116040	0.044168	0.377443	0.332648	0.445409	0.277336
80.000000	0.042124	-0.033867	0.042124	0.374218	0.326814	0.448555	0.268732
85.000000	0.037220	0.196482	0.037220	0.375975	0.329053	0.436745	0.246213
90.000000	0.053831	0.095186	0.053831	0.373959	0.325399	0.438786	0.248524
95.000000	0.040630	-0.008179	0.040630	0.375108	0.327127	0.445674	0.251759
100.000000	0.049383	-0.402150	0.049383	0.384298	0.339135	0.431448	0.258777
105.000000	0.028140	0.150313	0.028140	0.378453	0.321724	0.441198	0.229249
110.000000	0.001518	-0.124817	-0.001518	0.374565	0.327762	0.450607	0.255599
115.000000	0.001792	0.009609	-0.001792	0.376801	0.317026	0.455885	0.236070
120.000000	0.020741	-0.265402	0.020741	0.374824	0.323480	0.438812	0.241740
125.000000	0.029113	-0.423499	0.029113	0.381102	0.334621	0.436799	0.246323
130.000000	0.020435	-0.435597	0.020435	0.384391	0.342217	0.435144	0.252356
135.000000	0.014891	-0.683220	-0.014891	0.391535	0.352231	0.442223	0.255254
140.000000	0.048895	-0.465494	-0.048895	0.382929	0.340010	0.438737	0.251789
145.000000	0.027860	-0.403121	-0.027860	0.380254	0.336141	0.443287	0.252855
150.000000	0.073331	-0.624484	-0.073331	0.390425	0.348551	0.443579	0.254172
155.000000	0.126431	-0.462855	-0.126431	0.382377	0.337129	0.446241	0.253725
160.000000	0.044659	-1.060470	0.044659	0.374772	0.341023	0.444397	0.241392
165.000000	0.055433	-0.211734	-0.055433	0.375153	0.328366	0.451460	0.250336
170.000000	0.083608	-0.170708	-0.083608	0.376803	0.322761	0.453074	0.240881
175.000000	0.091610	-0.153578	-0.091610	0.368535	0.312188	0.456433	0.238189
180.000000	0.076082	-0.043109	-0.076082	0.367597	0.314099	0.467611	0.242490
185.000000	0.047485	-0.407757	-0.047485	0.386987	0.331320	0.454589	0.238335
190.000000	0.045997	-0.893526	-0.045997	0.384121	0.346107	0.463671	0.252660
195.000000	0.034885	-1.641175	-0.034885	0.390337	0.354591	0.472670	0.237714
200.000000	0.023328	-0.403962	0.023328	0.383542	0.337087	0.469780	0.254950
205.000000	0.049776	-0.258057	-0.049776	0.372119	0.322323	0.468336	0.251246
210.000000	0.028292	-0.692296	-0.028292	0.388845	0.347541	0.474372	0.261192
215.000000	0.055071	0.235113	-0.055071	0.368020	0.324045	0.485495	0.240158
220.000000	0.136649	-0.014651	-0.136649	0.371054	0.324120	0.483573	0.257534
225.000000	0.084269	-0.336353	-0.084269	0.378735	0.333900	0.480923	0.264551
230.000000	0.100581	-0.214285	-0.100581	0.364174	0.308725	0.474183	0.242290
235.000000	0.170882	-0.329608	-0.170882	0.371952	0.323390	0.480640	0.262194
240.000000	0.068836	-0.515369	-0.068836	0.392169	0.330242	0.475832	0.242698
245.000000	0.101751	-0.391912	-0.101751	0.374663	0.320171	0.480334	0.249314
250.000000	0.106598	0.193143	-0.106598	0.371181	0.324319	0.497185	0.244693
255.000000	0.110673	0.067647	-0.110673	0.370542	0.324243	0.491308	0.255390
