0.000000	0.000000	0.000000	0.000000	0.407645	0.267010	0.457370	0.269309
5.000000	0.037994	0.037994	-0.188259	0.418318	0.199738	0.447841	0.175677
10.000000	0.094309	0.094309	-0.290768	0.426557	0.210353	0.448535	0.168121
15.000000	0.139871	0.139871	-0.164247	0.421798	0.211395	0.466406	0.175716
20.000000	0.171762	0.171762	-0.095217	0.414681	0.198140	0.461170	0.171676
25.000000	0.198320	0.198320	0.155899	0.415858	0.171917	0.443689	0.153044
30.000000	0.177652	0.177652	0.772663	0.410518	0.239231	0.420969	0.197985
35.000000	0.232629	0.232629	0.635416	0.412482	0.220048	0.429192	0.187063
40.000000	0.247501	0.247501	1.042242	0.403639	0.242822	0.416922	0.188774
45.000000	0.282104	0.282104	0.752641	0.413496	0.125540	0.434168	0.106338
50.000000	0.409822	0.409822	-0.004683	0.428190	0.075315	0.430188	0.056356
55.000000	0.412455	0.412455	0.096833	0.419402	0.256616	0.448165	0.196515
60.000000	0.435348	0.435348	-0.042153	0.417071	0.240643	0.454136	0.179953
65.000000	0.452099	0.452099	-0.161800	0.411359	0.239743	0.463411	0.177592
70.000000	0.470871	0.470871	-0.320496	0.394229	0.224508	0.469236	0.171277
75.000000	0.536357	0.536357	0.154419	0.435167	0.086067	0.453650	0.062316
80.000000	0.521162	0.521162	-0.279117	0.409000	0.225285	0.472427	0.166398
85.000000	0.422540	0.422540	1.247127	0.394783	0.039486	0.435421	0.033123
90.000000	0.591658	0.591658	0.359037	0.417821	0.228829	0.471140	0.167458
95.000000	0.608593	0.608593	0.098073	0.403078	0.283549	0.501521	0.224823
100.000000	0.627380	0.627380	0.083718	0.391122	0.289981	0.506648	0.243635
105.000000	0.657430	0.657430	0.722673	0.385727	0.247402	0.488754	0.238784
110.000000	0.677774	0.677774	0.672699	0.391644	0.243523	0.485576	0.225734
115.000000	0.682551	0.682551	0.092563	0.400800	0.209309	0.477290	0.155670
120.000000	0.711147	0.711147	0.639920	0.387421	0.252121	0.490239	0.229497
125.000000	0.709779	0.709779	0.205705	0.395291	0.264621	0.502182	0.208199
130.000000	0.709656	0.709656	0.105680	0.390935	0.268714	0.506838	0.214392
135.000000	0.740372	0.740372	0.353435	0.403737	0.234669	0.486945	0.173448
140.000000	0.741018	0.741018	0.828085	0.386981	0.126166	0.462074	0.107620
145.000000	0.754390	0.754390	0.176495	0.387374	0.268258	0.507601	0.213139
150.000000	0.766622	0.766622	0.991806	0.388555	0.202078	0.479046	0.186745
155.000000	0.740708	0.740708	1.317148	0.356874	0.207705	0.494062	0.210709
160.000000	0.800216	0.800216	0.327695	0.391861	0.292600	0.514374	0.240861
165.000000	0.814998	0.814998	0.899141	0.380845	0.240778	0.498952	0.243624
170.000000	0.835779	0.835779	0.548135	0.407171	0.286292	0.494271	0.239754
175.000000	0.851600	0.851600	0.707118	0.392894	0.257597	0.494039	0.227299
180.000000	0.838804	0.838804	0.877429	0.386351	0.209178	0.484041	0.187760
185.000000	0.835071	0.835071	0.843866	0.395544	0.206798	0.480087	0.172213
190.000000	0.812265	0.812265	1.190735	0.370862	0.202003	0.488435	0.201729
195.000000	0.865305	0.865305	0.648916	0.395878	0.272840	0.493576	0.239092
200.000000	0.865640	0.865640	0.455843	0.400925	0.295268	0.502755	0.238413
205.000000	0.868133	0.868133	0.381911	0.387213	0.287495	0.508176	0.239624
210.000000	0.872415	0.872415	0.988491	0.388075	0.244942	0.495721	0.244951
215.000000	0.894102	0.894102	0.672763	0.410148	0.286512	0.497219	0.241816
220.000000	0.896683	0.896683	0.597755	0.394962	0.272368	0.491515	0.229493
225.000000	0.895054	0.895054	0.965394	0.396620	0.245637	0.496431	0.232174
230.000000	0.875755	0.875755	0.195541	0.384111	0.243538	0.499994	0.189427
235.000000	0.904875	0.904875	0.523387	0.398424	0.241141	0.479843	0.186075
240.000000	0.913368	0.913368	0.610819	0.395941	0.284545	0.496735	0.246228
245.000000	0.907400	0.907400	0.475163	0.397835	0.297924	0.502203	0.246069
250.000000	0.914040	0.914040	0.500009	0.392433	0.293094	0.499475	0.246319
255.000000	0.917850	0.917850	0.878992	0.396625	0.266638	0.500433	0.250202
