0.000000	0.000000	0.000000	0.000000	0.482047	0.439908	0.495893	0.467869
5.000000	0.005614	-0.085206	0.005614	0.462401	0.401391	0.474176	0.411598
10.000000	0.084425	0.216261	-0.084425	0.472718	0.387794	0.480284	0.415047
15.000000	0.070062	0.100508	-0.070062	0.490510	0.434962	0.512817	0.482919
20.000000	0.104430	0.152232	-0.104430	0.491598	0.433220	0.513014	0.481911
25.000000	0.053601	-0.102023	-0.053601	0.481023	0.443005	0.506578	0.458848
30.000000	0.103495	0.037890	-0.103495	0.483523	0.421108	0.502383	0.460281
35.000000	0.086503	-0.058012	-0.086503	0.487989	0.444882	0.514023	0.472429
40.000000	0.137600	0.082824	-0.137600	0.491634	0.433284	0.511662	0.477780
45.000000	0.073934	-0.308857	-0.073934	0.481776	0.475332	0.502870	0.433729
50.000000	0.083091	-0.464251	-0.083091	0.464957	0.453529	0.476184	0.368196
55.000000	0.116183	-0.095676	-0.116183	0.486753	0.444742	0.507023	0.462502
60.000000	0.090282	-0.380652	-0.090282	0.482804	0.487759	0.498329	0.422810
65.000000	0.105878	-0.267319	-0.105878	0.480483	0.456975	0.493384	0.428015
70.000000	0.112723	-0.190941	-0.112723	0.486538	0.457610	0.501580	0.451997
75.000000	0.135879	-0.121964	-0.135879	0.486655	0.444492	0.499894	0.454699
80.000000	0.121437	-0.326059	-0.121437	0.479498	0.462033	0.488193	0.413918
85.000000	0.164994	-0.093542	-0.164994	0.462945	0.374933	0.455305	0.376275
90.000000	0.128929	-0.351244	-0.128929	0.479422	0.470006	0.486388	0.413078
95.000000	0.135787	-0.338937	-0.135787	0.486103	0.477992	0.495779	0.428281
100.000000	0.130628	-0.382437	-0.130628	0.468819	0.444082	0.467785	0.380658
105.000000	0.191711	-0.833969	-0.191711	0.488256	0.534639	0.478227	0.370633
110.000000	0.132371	-0.281573	-0.132371	0.485926	0.468170	0.494064	0.434368
115.000000	0.131188	-0.305254	-0.131188	0.434687	0.332996	0.423735	0.299729
120.000000	0.188167	-0.001915	-0.188167	0.437815	0.306284	0.420186	0.314151
125.000000	0.132432	-0.311043	-0.132432	0.486474	0.473448	0.493815	0.430827
130.000000	0.159612	-0.141265	-0.159612	0.481878	0.433363	0.485570	0.434200
135.000000	0.163317	-0.584377	-0.163317	0.484490	0.510876	0.485464	0.388697
140.000000	0.209780	-0.102698	-0.209780	0.414495	0.233299	0.404613	0.255357
145.000000	0.255341	0.062513	-0.255341	0.423209	0.183792	0.416151	0.206547
150.000000	0.163645	-0.514356	-0.163645	0.487391	0.507739	0.495258	0.405282
155.000000	0.185184	-0.209183	-0.185184	0.482655	0.442702	0.489929	0.428666
160.000000	0.177160	-0.565888	-0.177160	0.485314	0.508049	0.490682	0.393397
165.000000	0.182803	-0.339391	-0.182803	0.440759	0.350108	0.434772	0.309223
170.000000	0.196487	-0.686211	-0.196487	0.449541	0.433075	0.442847	0.311000
175.000000	0.183118	-0.215018	-0.183118	0.485768	0.447221	0.494553	0.434243
180.000000	0.171808	-0.363079	-0.171808	0.485935	0.475079	0.496992	0.421427
185.000000	0.188678	-0.346515	-0.188678	0.477439	0.446544	0.482932	0.397231
190.000000	0.203950	-0.301426	-0.203950	0.469299	0.408090	0.467241	0.372767
195.000000	0.198460	-0.411174	-0.198460	0.487637	0.480836	0.500204	0.416526
200.000000	0.224103	-0.153205	-0.224103	0.488661	0.439496	0.498718	0.440972
205.000000	0.200093	-0.486181	-0.200093	0.484512	0.488882	0.496153	0.402101
210.000000	0.231482	-0.078394	-0.231482	0.488506	0.428310	0.495157	0.442195
215.000000	0.212980	-0.219772	-0.212980	0.462605	0.387870	0.463876	0.373722
220.000000	0.202496	-0.296567	-0.202496	0.487547	0.458258	0.500428	0.427771
225.000000	0.212759	-0.176212	-0.212759	0.488466	0.443603	0.501655	0.441551
230.000000	0.229854	-0.188092	-0.229854	0.484072	0.435008	0.496072	0.427252
235.000000	0.243322	-0.229739	-0.243322	0.463749	0.376383	0.460737	0.354477
240.000000	0.238740	-0.195516	-0.238740	0.488476	0.443282	0.502999	0.436812
245.000000	0.221537	-0.223669	-0.221537	0.486240	0.445751	0.501581	0.432378
250.000000	0.247905	-0.161257	-0.247905	0.477624	0.410844	0.485064	0.407251
255.000000	0.313135	0.111602	-0.313135	0.478306	0.391351	0.469679	0.404699
