0.000000	0.000000	0.000000	0.000000	0.404649	0.248032	0.384429	0.227030
5.000000	0.016317	0.016317	0.023558	0.407599	0.246789	0.378958	0.228320
10.000000	0.036829	0.036829	0.108560	0.415533	0.252979	0.374246	0.228272
15.000000	0.074660	0.074660	0.205342	0.418187	0.256490	0.375867	0.224799
20.000000	0.123009	0.123009	0.254515	0.419410	0.256133	0.377125	0.225369
25.000000	0.156735	0.156735	0.243500	0.415572	0.251510	0.375889	0.229838
30.000000	0.180474	0.180474	0.285935	0.419408	0.253279	0.377414	0.232149
35.000000	0.233423	0.233423	0.452546	0.416049	0.255854	0.390691	0.245157
40.000000	0.283033	0.283033	0.751910	0.404753	0.250977	0.401683	0.247621
45.000000	0.313688	0.313688	0.728082	0.407520	0.238298	0.400962	0.246593
50.000000	0.332429	0.332429	0.659328	0.418895	0.214665	0.405328	0.227220
55.000000	0.379391	0.379391	0.632198	0.424179	0.208886	0.406691	0.228854
60.000000	0.405395	0.405395	0.754742	0.413229	0.239895	0.390808	0.257802
65.000000	0.443897	0.443897	0.472918	0.413183	0.239181	0.398581	0.277187
70.000000	0.477415	0.477415	0.283674	0.393908	0.227256	0.375868	0.267642
75.000000	0.511986	0.511986	0.239415	0.392753	0.227436	0.373344	0.276318
80.000000	0.544403	0.544403	0.348379	0.398440	0.226430	0.380040	0.277055
85.000000	0.565705	0.565705	0.429420	0.398833	0.229537	0.384422	0.287141
90.000000	0.601490	0.601490	0.426732	0.398307	0.232850	0.376654	0.289266
95.000000	0.628534	0.628534	0.513388	0.402458	0.236452	0.367603	0.290971
100.000000	0.641160	0.641160	0.532634	0.404854	0.235850	0.370203	0.292506
105.000000	0.661396	0.661396	0.535363	0.402426	0.233348	0.363831	0.290420
110.000000	0.694005	0.694005	0.388205	0.394987	0.230295	0.367483	0.295028
115.000000	0.666621	0.666621	0.918957	0.421103	0.222293	0.370952	0.271701
120.000000	0.692551	0.692551	0.766382	0.427187	0.221179	0.363104	0.269012
125.000000	0.753367	0.753367	0.267968	0.396724	0.216643	0.368347	0.277259
130.000000	0.749690	0.749690	0.487981	0.403156	0.206489	0.357072	0.269087
135.000000	0.752709	0.752709	0.607131	0.406162	0.224721	0.356007	0.286603
140.000000	0.771354	0.771354	0.597869	0.411486	0.203174	0.358380	0.264794
145.000000	0.754195	0.754195	0.830057	0.422317	0.249971	0.357369	0.295884
150.000000	0.749064	0.749064	0.941494	0.414459	0.248314	0.367426	0.299833
155.000000	0.783125	0.783125	0.858608	0.417548	0.249138	0.363472	0.299700
160.000000	0.806410	0.806410	0.727300	0.410379	0.234558	0.356962	0.288506
165.000000	0.795592	0.795592	0.862851	0.430857	0.182538	0.369974	0.240590
170.000000	0.812048	0.812048	0.876848	0.418993	0.235716	0.364380	0.289819
175.000000	0.866002	0.866002	0.501586	0.390988	0.231284	0.345391	0.297371
180.000000	0.860656	0.860656	0.590801	0.398221	0.231824	0.349924	0.302301
185.000000	0.824102	0.824102	0.983967	0.421716	0.235299	0.373119	0.294046
190.000000	0.898789	0.898789	0.327508	0.395302	0.211341	0.351226	0.271883
195.000000	0.914500	0.914500	0.229561	0.410339	0.217805	0.357180	0.270955
200.000000	0.908085	0.908085	0.394887	0.401840	0.189954	0.354765	0.250300
205.000000	0.911021	0.911021	0.401885	0.400631	0.219979	0.350422	0.282574
210.000000	0.884323	0.884323	0.682274	0.411310	0.208991	0.355874	0.275955
215.000000	0.885871	0.885871	0.717608	0.407332	0.230672	0.353143	0.292975
220.000000	0.882990	0.882990	0.776311	0.408130	0.221921	0.362785	0.289889
225.000000	0.899633	0.899633	0.677940	0.406029	0.228439	0.356785	0.296366
230.000000	0.882385	0.882385	0.866822	0.426992	0.186114	0.377043	0.257361
235.000000	0.912883	0.912883	0.664803	0.405520	0.226872	0.354521	0.293675
240.000000	0.918827	0.918827	0.633397	0.402511	0.218205	0.352627	0.289990
245.000000	0.929761	0.929761	0.563130	0.398327	0.222547	0.350847	0.293741
250.000000	0.911333	0.911333	0.718169	0.402549	0.230010	0.353262	0.300695
255.000000	0.911549	0.911549	0.714557	0.403343	0.229015	0.355816	0.299405
