0.000000	0.036346
5.000000	0.036537
10.000000	0.036631
15.000000	0.036803
20.000000	0.037025
25.000000	0.037232
30.000000	0.037549
35.000000	0.037744
40.000000	0.038151
45.000000	0.038496
50.000000	0.038925
55.000000	0.040052
60.000000	0.040193
65.000000	0.040799
70.000000	0.041736
75.000000	0.042698
80.000000	0.043790
85.000000	0.045080
90.000000	0.046873
95.000000	0.048566
100.000000	0.050823
105.000000	0.053366
110.000000	0.056026
115.000000	0.059975
120.000000	0.063952
125.000000	0.068808
130.000000	0.074970
135.000000	0.081069
140.000000	0.089579
145.000000	0.099157
150.000000	0.110051
155.000000	0.122562
160.000000	0.137206
165.000000	0.154693
170.000000	0.175122
175.000000	0.196930
180.000000	0.224410
185.000000	0.253795
190.000000	0.286475
195.000000	0.324263
200.000000	0.368402
205.000000	0.412863
210.000000	0.466066
215.000000	0.517763
220.000000	0.577482
225.000000	0.636930
230.000000	0.698277
235.000000	0.760460
240.000000	0.825112
245.000000	0.885117
250.000000	0.943592
255.000000	1.000000
