0.000000	0.000000	0.000000	0.000000	0.398240	0.427866	0.389885	0.375967
5.000000	0.011105	0.011105	0.008465	0.397703	0.426467	0.387746	0.372423
10.000000	0.013446	-0.013446	-0.058129	0.398625	0.423906	0.392032	0.384875
15.000000	0.011672	0.011672	-0.035989	0.398636	0.424846	0.385690	0.373885
20.000000	0.001759	0.001759	-0.105431	0.394172	0.411210	0.393821	0.386905
25.000000	0.005462	-0.005462	-0.140809	0.393314	0.406455	0.394092	0.387449
30.000000	0.009839	-0.009839	-0.163059	0.394943	0.405422	0.400256	0.392674
35.000000	0.001831	0.001831	-0.114991	0.395025	0.411811	0.394502	0.380450
40.000000	0.010015	-0.010015	-0.246035	0.396865	0.387049	0.398230	0.386416
45.000000	0.002134	0.002134	-0.561481	0.409747	0.278180	0.388539	0.316886
50.000000	0.018938	-0.018938	-0.376991	0.391363	0.313926	0.385462	0.324367
55.000000	0.004718	-0.004718	-0.036165	0.392338	0.391798	0.409830	0.332716
60.000000	0.034834	-0.034834	-0.237243	0.386852	0.350243	0.402366	0.335392
65.000000	0.047660	-0.047660	-0.302198	0.379154	0.244660	0.408805	0.248546
70.000000	0.060216	-0.060216	-0.282445	0.380852	0.233537	0.405644	0.230449
75.000000	0.056611	-0.056611	-0.367571	0.397689	0.361695	0.389749	0.348345
80.000000	0.079884	-0.079884	-0.428885	0.397879	0.346211	0.381862	0.331108
85.000000	0.095458	-0.095458	-0.462200	0.377497	0.166198	0.405903	0.192901
90.000000	0.084737	-0.084737	-0.515328	0.401662	0.316296	0.390087	0.315099
95.000000	0.108270	-0.108270	-0.511237	0.403910	0.348201	0.385968	0.336304
100.000000	0.097976	-0.097976	-0.730195	0.398624	0.255863	0.384919	0.264713
105.000000	0.110625	-0.110625	-0.585423	0.406005	0.304889	0.380850	0.293065
110.000000	0.135011	-0.135011	-0.561783	0.407444	0.326114	0.387200	0.307039
115.000000	0.105216	-0.105216	-0.791414	0.406151	0.190338	0.379152	0.199255
120.000000	0.130392	-0.130392	-0.617624	0.384804	0.172783	0.395271	0.184405
125.000000	0.151968	-0.151968	-0.311405	0.380749	0.285252	0.409966	0.240787
130.000000	0.158906	-0.158906	-0.505077	0.399557	0.334760	0.387687	0.308756
135.000000	0.172295	-0.172295	-0.446917	0.395328	0.346166	0.389449	0.312441
140.000000	0.180188	-0.180188	-0.633658	0.407403	0.337306	0.394088	0.314290
145.000000	0.166911	-0.166911	-0.525299	0.402684	0.361573	0.403739	0.343515
150.000000	0.163941	-0.163941	-0.248304	0.395254	0.416272	0.410964	0.371987
155.000000	0.184149	-0.184149	-0.436670	0.392943	0.364138	0.391841	0.325826
160.000000	0.181707	-0.181707	-0.315936	0.388194	0.383331	0.393688	0.330399
165.000000	0.192399	-0.192399	-0.408283	0.391347	0.374630	0.395262	0.336261
170.000000	0.183263	-0.183263	-0.262950	0.394927	0.411200	0.401631	0.355881
175.000000	0.198268	-0.198268	-0.336540	0.392258	0.402741	0.404862	0.361929
180.000000	0.196177	-0.196177	-0.246551	0.397866	0.422324	0.406139	0.367731
185.000000	0.208163	-0.208163	-0.343323	0.392267	0.404368	0.405439	0.364132
190.000000	0.210796	-0.210796	-0.359978	0.393049	0.402489	0.403995	0.361229
195.000000	0.213197	-0.213197	-0.370404	0.392399	0.400210	0.403531	0.360039
200.000000	0.237242	-0.237242	-0.501178	0.394056	0.376599	0.399182	0.335014
205.000000	0.243775	-0.243775	-0.468154	0.392579	0.385233	0.402899	0.342043
210.000000	0.260549	-0.260549	-0.581088	0.398732	0.366247	0.400602	0.323980
215.000000	0.261690	-0.261690	-0.706124	0.408902	0.346640	0.402070	0.313259
220.000000	0.253242	-0.253242	-0.741873	0.410163	0.339703	0.404905	0.312086
225.000000	0.269669	-0.269669	-0.878839	0.399607	0.308231	0.399545	0.296097
230.000000	0.245965	-0.245965	-0.464681	0.392930	0.382040	0.395684	0.334346
235.000000	0.218284	-0.218284	-0.146485	0.402992	0.422980	0.402188	0.351150
240.000000	0.228080	-0.228080	-0.197757	0.399448	0.424581	0.401278	0.355584
245.000000	0.238013	-0.238013	-0.227657	0.400164	0.401938	0.394137	0.325825
250.000000	0.254005	-0.254005	-0.377337	0.393705	0.401638	0.391870	0.338772
255.000000	0.261977	-0.261977	-0.518848	0.392009	0.372302	0.391577	0.319999
