0.000000	0.000000	0.000000	0.000000	0.457499	0.426382	0.413328	0.356873
5.000000	0.016563	0.016563	0.065687	0.466593	0.445812	0.418453	0.374533
10.000000	0.012662	0.012662	0.064796	0.466782	0.447667	0.415723	0.374636
15.000000	0.002691	-0.002691	0.018626	0.465436	0.443028	0.411816	0.366204
20.000000	0.000380	0.000380	0.090831	0.470732	0.453396	0.415228	0.376710
25.000000	0.057280	0.057280	0.049032	0.471940	0.452382	0.413473	0.378463
30.000000	0.005429	-0.005429	0.365452	0.478088	0.467858	0.412322	0.392435
35.000000	0.038969	0.038969	0.377959	0.458675	0.436172	0.397582	0.367211
40.000000	0.044716	0.044716	0.369261	0.442298	0.404844	0.393383	0.344798
45.000000	0.048098	0.048098	0.456944	0.421659	0.358201	0.399367	0.317753
50.000000	0.035375	0.035375	0.310158	0.437974	0.397851	0.389636	0.330795
55.000000	0.026134	0.026134	0.307937	0.450473	0.418730	0.392434	0.344398
60.000000	0.045003	0.045003	0.587894	0.459965	0.433998	0.393533	0.362025
65.000000	0.041525	0.041525	0.678790	0.456110	0.425244	0.391814	0.353755
70.000000	0.031361	0.031361	0.564134	0.430129	0.377965	0.385784	0.325927
75.000000	0.066115	0.066115	0.562559	0.449429	0.411059	0.386423	0.347121
80.000000	0.053086	0.053086	0.647401	0.471775	0.456064	0.402024	0.386317
85.000000	0.097076	0.097076	0.440156	0.443782	0.406815	0.384947	0.345462
90.000000	0.109330	0.109330	0.058706	0.439829	0.385365	0.391896	0.328321
95.000000	0.086962	0.086962	0.034794	0.450470	0.405220	0.391555	0.337078
100.000000	0.037967	0.037967	-0.371290	0.456317	0.428337	0.397502	0.342772
105.000000	0.102665	0.102665	-0.099648	0.460795	0.432235	0.396319	0.349479
110.000000	0.081771	0.081771	0.147426	0.426234	0.356092	0.390154	0.315304
115.000000	0.063918	0.063918	-0.018659	0.452934	0.410888	0.388511	0.336651
120.000000	0.054367	0.054367	0.306706	0.436088	0.394723	0.386678	0.332018
125.000000	0.072900	0.072900	0.318297	0.447268	0.408925	0.385941	0.343689
130.000000	0.104812	0.104812	0.068590	0.463120	0.436649	0.395386	0.360837
135.000000	0.125371	0.125371	0.093579	0.462968	0.436523	0.393836	0.363288
140.000000	0.102076	0.102076	0.341757	0.453614	0.427004	0.386258	0.358319
145.000000	0.089864	0.089864	0.228405	0.469259	0.449512	0.397015	0.376636
150.000000	0.100148	0.100148	0.273272	0.464995	0.444221	0.393428	0.373134
155.000000	0.079725	0.079725	0.320864	0.472458	0.457614	0.397291	0.383401
160.000000	0.078654	0.078654	0.187633	0.468942	0.450757	0.395260	0.374311
165.000000	0.078331	0.078331	-0.021914	0.472654	0.452303	0.400130	0.369280
170.000000	0.068556	0.068556	-0.179153	0.467454	0.444252	0.395035	0.355936
175.000000	0.056302	0.056302	-0.111528	0.452808	0.418288	0.382207	0.336259
180.000000	0.053164	0.053164	-0.301121	0.448218	0.410141	0.385338	0.329174
185.000000	0.046575	0.046575	-0.135363	0.438469	0.386826	0.377261	0.319717
190.000000	0.049154	0.049154	0.130157	0.407456	0.323388	0.393586	0.304505
195.000000	0.052031	0.052031	-0.053592	0.435165	0.377086	0.379488	0.319152
200.000000	0.043251	0.043251	-0.144484	0.463125	0.436321	0.388429	0.347843
205.000000	0.035302	0.035302	-0.200800	0.467339	0.443576	0.391848	0.353236
210.000000	0.041951	0.041951	0.033750	0.462399	0.436106	0.386586	0.352305
215.000000	0.045513	0.045513	0.034203	0.463725	0.436684	0.386505	0.354195
220.000000	0.036082	0.036082	-0.096736	0.471333	0.450571	0.392678	0.359791
225.000000	0.035507	0.035507	-0.144934	0.471010	0.449238	0.392829	0.357866
230.000000	0.035586	0.035586	-0.089758	0.471119	0.449132	0.392000	0.358063
235.000000	0.042424	0.042424	-0.035293	0.471622	0.450775	0.392462	0.362131
240.000000	0.028572	0.028572	-0.061588	0.474218	0.453608	0.393505	0.363223
245.000000	0.019835	0.019835	-0.409402	0.438008	0.391871	0.381756	0.321014
250.000000	0.015701	0.015701	0.277901	0.430613	0.383455	0.384659	0.330438
255.000000	0.017922	0.017922	0.074648	0.424770	0.364793	0.380926	0.318380
