0.000000	0.536471
5.000000	0.539062
10.000000	0.542251
15.000000	0.545942
20.000000	0.549400
25.000000	0.553240
30.000000	0.557498
35.000000	0.561706
40.000000	0.566257
45.000000	0.572066
50.000000	0.577562
55.000000	0.583672
60.000000	0.589582
65.000000	0.597053
70.000000	0.604572
75.000000	0.612935
80.000000	0.621332
85.000000	0.630672
90.000000	0.640200
95.000000	0.649752
100.000000	0.661451
105.000000	0.674465
110.000000	0.685751
115.000000	0.699062
120.000000	0.713637
125.000000	0.728372
130.000000	0.744280
135.000000	0.761974
140.000000	0.778227
145.000000	0.798954
150.000000	0.817728
155.000000	0.834367
160.000000	0.852040
165.000000	0.875752
170.000000	0.893228
175.000000	0.908427
180.000000	0.929646
185.000000	0.944241
190.000000	0.963740
195.000000	0.975042
200.000000	0.986230
205.000000	0.990565
210.000000	0.993848
215.000000	1.000000
220.000000	0.996454
225.000000	0.987298
230.000000	0.981341
235.000000	0.972774
240.000000	0.956561
245.000000	0.939304
250.000000	0.926770
255.000000	0.909939
