0.000000	0.999222
5.000000	0.999738
10.000000	1.000000
15.000000	0.999911
20.000000	0.999415
25.000000	0.999076
30.000000	0.999583
35.000000	0.999000
40.000000	0.998665
45.000000	0.998818
50.000000	0.998697
55.000000	0.997862
60.000000	0.997602
65.000000	0.998544
70.000000	0.997643
75.000000	0.996762
80.000000	0.996685
85.000000	0.997178
90.000000	0.995824
95.000000	0.995657
100.000000	0.994040
105.000000	0.993755
110.000000	0.992135
115.000000	0.993265
120.000000	0.991077
125.000000	0.987811
130.000000	0.986766
135.000000	0.983397
140.000000	0.980356
145.000000	0.978981
150.000000	0.976666
155.000000	0.969128
160.000000	0.962125
165.000000	0.954710
170.000000	0.947928
175.000000	0.938691
180.000000	0.932136
185.000000	0.917441
190.000000	0.905146
195.000000	0.883920
200.000000	0.863217
205.000000	0.847499
210.000000	0.818840
215.000000	0.788081
220.000000	0.758719
225.000000	0.727890
230.000000	0.688736
235.000000	0.650135
240.000000	0.606527
245.000000	0.565098
250.000000	0.522725
255.000000	0.483146
