0.000000	0.000000	0.000000	0.000000	0.589313	0.399148	0.655268	0.388699
5.000000	0.019908	0.019908	0.032577	0.587678	0.395679	0.662560	0.376479
10.000000	0.027819	0.027819	0.091434	0.583326	0.378892	0.663432	0.342733
15.000000	0.053612	0.053612	0.099750	0.583010	0.370949	0.648455	0.321153
20.000000	0.016552	-0.016552	-0.060501	0.552336	0.267480	0.494203	0.225611
25.000000	0.126747	0.126747	0.143273	0.590121	0.396115	0.654595	0.326545
30.000000	0.164066	0.164066	0.131277	0.592546	0.402885	0.635667	0.324167
35.000000	0.178358	0.178358	0.123911	0.589543	0.388195	0.585885	0.286962
40.000000	0.168341	0.168341	0.392175	0.576468	0.345034	0.537483	0.176489
45.000000	0.153036	0.153036	0.096725	0.566951	0.299922	0.463514	0.182054
50.000000	0.260628	0.260628	0.532513	0.575859	0.349066	0.514573	0.158639
55.000000	0.289752	0.289752	0.298398	0.590684	0.397961	0.532169	0.232193
60.000000	0.316849	0.316849	0.153338	0.598874	0.416515	0.528561	0.274602
65.000000	0.361341	0.361341	0.548394	0.583250	0.373340	0.519938	0.187359
70.000000	0.359943	0.359943	0.366450	0.590737	0.386475	0.535826	0.221136
75.000000	0.357189	0.357189	0.234686	0.583887	0.351540	0.517657	0.224385
80.000000	0.284762	0.284762	0.120067	0.539563	0.197000	0.458225	0.129492
85.000000	0.451576	0.451576	0.564072	0.587412	0.385568	0.520224	0.212314
90.000000	0.432116	0.432116	0.318072	0.597501	0.411606	0.546026	0.263376
95.000000	0.455790	0.455790	0.452396	0.591996	0.392313	0.540543	0.243023
100.000000	0.431600	0.431600	0.154195	0.595001	0.401473	0.537616	0.297738
105.000000	0.422109	0.422109	0.349294	0.540988	0.225854	0.490061	0.174073
110.000000	0.456721	0.456721	0.358978	0.570152	0.302149	0.527536	0.231108
115.000000	0.476351	0.476351	0.321306	0.598686	0.413970	0.557894	0.288885
120.000000	0.495102	0.495102	0.471894	0.592191	0.397755	0.549353	0.265905
125.000000	0.472889	0.472889	0.272940	0.595152	0.397731	0.547374	0.291909
130.000000	0.471384	0.471384	0.212365	0.598221	0.407360	0.556014	0.314948
135.000000	0.479988	0.479988	0.256555	0.595228	0.393795	0.560368	0.303989
140.000000	0.495003	0.495003	0.431846	0.589589	0.380695	0.559889	0.273095
145.000000	0.521208	0.521208	0.696736	0.576885	0.346308	0.527266	0.248328
150.000000	0.490701	0.490701	0.295336	0.600187	0.421681	0.579288	0.311762
155.000000	0.500269	0.500269	0.510304	0.590961	0.394532	0.575921	0.281190
160.000000	0.499287	0.499287	0.579416	0.587364	0.383934	0.565294	0.270622
165.000000	0.473857	0.473857	0.333837	0.596630	0.408576	0.585368	0.307655
170.000000	0.467660	0.467660	0.425773	0.579345	0.342972	0.589821	0.278574
175.000000	0.471314	0.471314	0.284488	0.585378	0.355050	0.596559	0.303579
180.000000	0.470060	0.470060	0.398861	0.594947	0.406101	0.590886	0.300803
185.000000	0.468014	0.468014	0.203968	0.602929	0.429006	0.593713	0.340616
190.000000	0.455797	0.455797	0.303354	0.597732	0.414204	0.604561	0.321939
195.000000	0.453267	0.453267	0.314148	0.596226	0.412848	0.599879	0.317254
200.000000	0.453537	0.453537	0.240923	0.597588	0.412527	0.604292	0.332886
205.000000	0.447138	0.447138	0.382500	0.590244	0.385294	0.610572	0.305235
210.000000	0.444767	0.444767	0.465119	0.572999	0.323690	0.610447	0.277035
215.000000	0.430535	0.430535	0.465603	0.590195	0.391825	0.607930	0.297578
220.000000	0.434687	0.434687	0.282926	0.597211	0.412619	0.604632	0.327184
225.000000	0.431688	0.431688	0.291617	0.594503	0.397853	0.609685	0.323121
230.000000	0.438830	0.438830	0.233272	0.583321	0.360663	0.618297	0.324731
235.000000	0.383545	0.383545	0.890405	0.565812	0.312535	0.555688	0.248323
240.000000	0.439534	0.439534	0.140560	0.603215	0.431768	0.616203	0.369084
245.000000	0.421437	0.421437	0.269629	0.596891	0.412489	0.609753	0.335122
250.000000	0.426196	0.426196	0.216161	0.598866	0.418671	0.603373	0.343339
255.000000	0.412265	0.412265	0.330537	0.592200	0.389159	0.611347	0.318797
