0.000000	0.940989
5.000000	0.936887
10.000000	0.933725
15.000000	0.929595
20.000000	0.924415
25.000000	0.919165
30.000000	0.914650
35.000000	0.907903
40.000000	0.901773
45.000000	0.893321
50.000000	0.885234
55.000000	0.878020
60.000000	0.868632
65.000000	0.857113
70.000000	0.846441
75.000000	0.835015
80.000000	0.821543
85.000000	0.806672
90.000000	0.792674
95.000000	0.776606
100.000000	0.757811
105.000000	0.736282
110.000000	0.719260
115.000000	0.694118
120.000000	0.668477
125.000000	0.645685
130.000000	0.617771
135.000000	0.586395
140.000000	0.556776
145.000000	0.521030
150.000000	0.491779
155.000000	0.459611
160.000000	0.423267
165.000000	0.387905
170.000000	0.358051
175.000000	0.327000
180.000000	0.295286
185.000000	0.273288
190.000000	0.256794
195.000000	0.242872
200.000000	0.237942
205.000000	0.247250
210.000000	0.265698
215.000000	0.292933
220.000000	0.340469
225.000000	0.399412
230.000000	0.469541
235.000000	0.553721
240.000000	0.655347
245.000000	0.762751
250.000000	0.881699
255.000000	1.000000
