0.000000	0.000000	0.000000	0.000000	0.564774	0.386098	0.570582	0.393761
5.000000	0.024750	0.024750	-0.012111	0.560453	0.364029	0.538492	0.361651
10.000000	0.043578	0.043578	0.053276	0.562785	0.443248	0.561413	0.467227
15.000000	0.055348	0.055348	0.106443	0.562946	0.363450	0.504860	0.358998
20.000000	0.102125	0.102125	0.021330	0.566387	0.410721	0.486091	0.388833
25.000000	0.098338	0.098338	0.134039	0.563139	0.420560	0.487404	0.421906
30.000000	0.137727	0.137727	0.059908	0.563714	0.462386	0.478276	0.450304
35.000000	0.132756	0.132756	0.164424	0.563497	0.389820	0.414015	0.340770
40.000000	0.131570	0.131570	0.263944	0.558276	0.441925	0.448873	0.431683
45.000000	0.171645	0.171645	0.216083	0.558519	0.451842	0.422574	0.413575
50.000000	0.190946	0.190946	0.232552	0.556816	0.460320	0.413519	0.411414
55.000000	0.161214	0.161214	0.411595	0.556015	0.443338	0.419574	0.399185
60.000000	0.227809	0.227809	0.239719	0.557296	0.461005	0.391940	0.385713
65.000000	0.243772	0.243772	0.234494	0.564902	0.431874	0.404791	0.363986
70.000000	0.157967	0.157967	0.612125	0.557600	0.440801	0.433929	0.370780
75.000000	0.205840	0.205840	0.511900	0.557857	0.433170	0.426997	0.372879
80.000000	0.178671	0.178671	0.648776	0.556971	0.443181	0.427424	0.353517
85.000000	0.302305	0.302305	0.186456	0.562154	0.483040	0.397933	0.374661
90.000000	0.254231	0.254231	0.462398	0.555361	0.444986	0.433352	0.370016
95.000000	0.358990	0.358990	-0.090225	0.591224	0.488091	0.385216	0.293218
100.000000	0.344427	0.344427	0.217150	0.561922	0.314450	0.441852	0.232847
105.000000	0.341533	0.341533	0.278750	0.565622	0.437722	0.437593	0.325117
110.000000	0.261580	0.261580	0.646805	0.559144	0.412217	0.446292	0.291341
115.000000	0.297864	0.297864	0.493738	0.556209	0.439746	0.441824	0.319437
120.000000	0.308403	0.308403	0.521520	0.559131	0.434219	0.448490	0.308412
125.000000	0.359206	0.359206	0.365249	0.563136	0.440350	0.455279	0.303872
130.000000	0.349306	0.349306	0.458560	0.559362	0.442208	0.447640	0.296754
135.000000	0.311171	0.311171	0.623379	0.555056	0.447754	0.444438	0.287968
140.000000	0.319034	0.319034	0.716014	0.557930	0.429682	0.446572	0.256168
145.000000	0.398340	0.398340	0.347771	0.568220	0.437910	0.460480	0.261718
150.000000	0.335991	0.335991	0.735299	0.560412	0.400966	0.435966	0.210525
155.000000	0.386128	0.386128	0.484280	0.560162	0.438779	0.453298	0.258069
160.000000	0.361298	0.361298	0.640443	0.557294	0.429904	0.446357	0.239422
165.000000	0.389731	0.389731	0.556084	0.555470	0.447304	0.445947	0.249700
170.000000	0.401592	0.401592	0.582222	0.555100	0.445841	0.452338	0.245180
175.000000	0.374738	0.374738	0.744162	0.555888	0.446464	0.438654	0.219621
180.000000	0.377201	0.377201	0.716124	0.554091	0.446786	0.451517	0.221050
185.000000	0.373741	0.373741	0.753602	0.554226	0.445243	0.443079	0.207174
190.000000	0.388243	0.388243	0.755453	0.556188	0.441114	0.443585	0.197853
195.000000	0.432302	0.432302	0.594364	0.555535	0.445561	0.459159	0.213447
200.000000	0.405592	0.405592	0.734918	0.556378	0.434781	0.445401	0.189596
205.000000	0.416150	0.416150	0.693492	0.553817	0.442648	0.447554	0.194323
210.000000	0.410256	0.410256	0.736964	0.553900	0.446602	0.447263	0.191750
215.000000	0.405590	0.405590	0.743685	0.552924	0.448938	0.446348	0.189062
220.000000	0.416560	0.416560	0.778144	0.553319	0.450579	0.449365	0.186278
225.000000	0.423349	0.423349	0.863501	0.555016	0.455200	0.449484	0.178504
230.000000	0.409234	0.409234	1.383822	0.589842	0.545399	0.403259	0.163586
235.000000	0.422155	0.422155	1.341407	0.598739	0.360835	0.431411	0.107478
240.000000	0.421956	0.421956	0.991611	0.557345	0.444697	0.435287	0.145607
245.000000	0.428231	0.428231	0.949953	0.556462	0.455790	0.439797	0.158167
250.000000	0.502775	0.502775	0.590941	0.565305	0.409681	0.462701	0.149087
255.000000	0.472430	0.472430	0.722164	0.558903	0.420854	0.448793	0.151513
