0.000000	0.000000	0.000000	0.000000	0.351143	0.369289	0.390947	0.346448
5.000000	0.032672	0.118460	-0.032672	0.354134	0.360635	0.385328	0.343370
10.000000	0.067685	0.084970	-0.067685	0.355640	0.362515	0.381270	0.348485
15.000000	0.099471	-0.023985	-0.099471	0.353114	0.360654	0.380838	0.342388
20.000000	0.136363	-0.106461	-0.136363	0.351766	0.358302	0.377643	0.339075
25.000000	0.167104	0.011055	-0.167104	0.362335	0.351340	0.373675	0.333587
30.000000	0.231188	0.186156	-0.231188	0.370734	0.344349	0.365953	0.335080
35.000000	0.278949	0.238249	-0.278949	0.365461	0.330273	0.367184	0.331890
40.000000	0.288382	-0.207832	-0.288382	0.357128	0.367004	0.369882	0.346972
45.000000	0.331063	-0.329367	-0.331063	0.355229	0.368462	0.367178	0.337318
50.000000	0.379120	-0.281857	-0.379120	0.358882	0.368485	0.367326	0.345916
55.000000	0.422838	-0.205620	-0.422838	0.364570	0.349325	0.361402	0.323891
60.000000	0.465665	-0.236997	-0.465665	0.369561	0.339299	0.369614	0.316939
65.000000	0.507856	-0.512548	-0.507856	0.360855	0.362759	0.377107	0.329917
70.000000	0.524368	-0.485301	-0.524368	0.368347	0.342831	0.376027	0.312841
75.000000	0.564213	-0.596298	-0.564213	0.359945	0.363481	0.369230	0.320631
80.000000	0.614832	-0.820033	-0.614832	0.354469	0.380408	0.358095	0.314230
85.000000	0.631567	-0.803379	-0.631567	0.359049	0.381874	0.360328	0.313631
90.000000	0.663217	-0.801943	-0.663217	0.357335	0.378142	0.361372	0.312927
95.000000	0.682305	-0.728510	-0.682305	0.354056	0.366985	0.360185	0.305061
100.000000	0.706421	-0.712094	-0.706421	0.353422	0.365444	0.360737	0.305621
105.000000	0.730128	-0.813455	-0.730128	0.363866	0.339509	0.363181	0.283221
110.000000	0.743865	-0.789803	-0.743865	0.352096	0.367992	0.358945	0.301214
115.000000	0.764561	-0.835102	-0.764561	0.353993	0.371747	0.363468	0.305371
120.000000	0.779653	-0.980416	-0.779653	0.374329	0.298347	0.373604	0.242604
125.000000	0.782266	-0.718765	-0.782266	0.354083	0.363286	0.362508	0.300490
130.000000	0.792379	-0.695421	-0.792379	0.403998	0.218084	0.364665	0.185187
135.000000	0.809327	-0.726594	-0.809327	0.395668	0.280652	0.368507	0.228268
140.000000	0.825633	-0.860287	-0.825633	0.356794	0.365404	0.368341	0.299504
145.000000	0.829352	-0.726498	-0.829352	0.356454	0.360623	0.361274	0.292509
150.000000	0.849075	-0.948540	-0.849075	0.364273	0.342468	0.377324	0.285000
155.000000	0.859609	-0.861681	-0.859609	0.355850	0.357727	0.373839	0.298169
160.000000	0.862946	-0.691899	-0.862946	0.367121	0.330384	0.365968	0.273684
165.000000	0.868786	-0.752302	-0.868786	0.360577	0.342442	0.367434	0.281110
170.000000	0.881625	-0.761872	-0.881625	0.363645	0.344064	0.373044	0.284722
175.000000	0.886976	-0.689884	-0.886976	0.368060	0.331539	0.368513	0.274106
180.000000	0.892399	-0.712309	-0.892399	0.371689	0.301827	0.367786	0.255212
185.000000	0.899311	-0.697193	-0.899311	0.373209	0.290279	0.369294	0.248287
190.000000	0.912099	-0.548226	-0.912099	0.351713	0.307106	0.364106	0.269085
195.000000	0.926035	-0.377234	-0.926035	0.349111	0.322270	0.377817	0.298444
200.000000	0.923562	-0.491292	-0.923562	0.349268	0.302801	0.367904	0.269397
205.000000	0.941745	-0.355234	-0.941745	0.353616	0.306317	0.372417	0.278347
210.000000	0.956506	-0.239625	-0.956506	0.355517	0.293254	0.374125	0.269595
215.000000	0.942349	-0.416283	-0.942349	0.350481	0.311139	0.376845	0.285970
220.000000	0.948916	-0.500601	-0.948916	0.347556	0.325009	0.389675	0.304232
225.000000	0.951842	-0.429197	-0.951842	0.361611	0.247837	0.367184	0.231683
230.000000	0.955686	-0.388953	-0.955686	0.361419	0.258824	0.368999	0.239102
235.000000	0.960312	-0.419462	-0.960312	0.353606	0.306894	0.380044	0.282909
240.000000	0.970179	-0.305482	-0.970179	0.375776	0.203526	0.372747	0.183822
245.000000	0.975314	-0.333727	-0.975314	0.354846	0.299641	0.379655	0.280710
250.000000	0.986110	-0.321619	-0.986110	0.347702	0.308757	0.389807	0.297248
255.000000	0.995267	-0.287562	-0.995267	0.356080	0.293461	0.379118	0.273316
