0.000000	0.000000	0.000000	0.000000	0.374546	0.363543	0.367238	0.323032
5.000000	0.018560	0.038353	-0.018560	0.376983	0.346043	0.368964	0.302929
10.000000	0.020597	-0.040206	0.020597	0.378068	0.351459	0.363932	0.306583
15.000000	0.076573	0.150534	0.076573	0.375421	0.353240	0.368564	0.313776
20.000000	0.119529	0.172098	0.119529	0.373806	0.360263	0.372882	0.326141
25.000000	0.175232	0.202500	0.175232	0.377050	0.358497	0.373704	0.323554
30.000000	0.226057	0.164892	0.226057	0.377147	0.358884	0.376949	0.327384
35.000000	0.259412	0.121896	0.259412	0.384019	0.363041	0.374770	0.327761
40.000000	0.306637	0.074633	0.306637	0.377047	0.353612	0.374931	0.327747
45.000000	0.332457	0.357520	0.332457	0.379541	0.352788	0.366747	0.307664
50.000000	0.359946	0.371158	0.359946	0.383104	0.359509	0.364327	0.307597
55.000000	0.376827	0.380812	0.376827	0.385937	0.344445	0.365819	0.288081
60.000000	0.407352	0.511308	0.407352	0.384458	0.345755	0.358027	0.282588
65.000000	0.440549	0.581207	0.440549	0.385815	0.356617	0.369252	0.293068
70.000000	0.455243	0.169943	0.455243	0.378854	0.344428	0.369674	0.308691
75.000000	0.483166	0.436090	0.483166	0.387072	0.350853	0.369814	0.290647
80.000000	0.486435	0.389592	0.486435	0.386226	0.345962	0.363702	0.284244
85.000000	0.516753	0.531435	0.516753	0.378950	0.358472	0.372433	0.304630
90.000000	0.574563	0.324587	0.574563	0.379543	0.354357	0.367489	0.307923
95.000000	0.524400	0.442095	0.524400	0.383960	0.367900	0.370190	0.310655
100.000000	0.564201	0.365401	0.564201	0.385107	0.362786	0.368626	0.308605
105.000000	0.574254	0.481053	0.574254	0.381774	0.365011	0.374919	0.312717
110.000000	0.582951	0.627793	0.582951	0.378908	0.368325	0.365876	0.306065
115.000000	0.585146	0.646084	0.585146	0.377428	0.366785	0.366217	0.305249
120.000000	0.613763	0.644524	0.613763	0.380052	0.369126	0.367783	0.306434
125.000000	0.639391	0.402966	0.639391	0.382590	0.358171	0.378331	0.314771
130.000000	0.648405	0.625943	0.648405	0.381247	0.365657	0.369441	0.305907
135.000000	0.648347	0.644194	0.648347	0.382035	0.368830	0.369970	0.308086
140.000000	0.662044	0.673626	0.662044	0.379180	0.367518	0.368946	0.306146
145.000000	0.678597	0.661695	0.678597	0.380926	0.368217	0.369071	0.306557
150.000000	0.667332	0.698183	0.667332	0.381025	0.368968	0.367974	0.305021
155.000000	0.688353	0.921123	0.688353	0.388801	0.370887	0.367460	0.285951
160.000000	0.679731	0.752048	0.679731	0.381358	0.372077	0.370649	0.307525
165.000000	0.694106	0.993991	0.694106	0.386553	0.382665	0.372130	0.305445
170.000000	0.704977	0.919323	0.704977	0.384179	0.379409	0.370402	0.304596
175.000000	0.722450	1.105655	0.722450	0.387213	0.383921	0.370643	0.304195
180.000000	0.745311	1.288511	0.745311	0.383016	0.378194	0.371024	0.305856
185.000000	0.734149	1.185209	0.734149	0.385899	0.381367	0.372716	0.305121
190.000000	0.739515	1.290175	0.739515	0.383938	0.375829	0.370467	0.302291
195.000000	0.715200	1.136820	0.715200	0.386339	0.380218	0.370730	0.301634
200.000000	0.733364	1.070114	0.733364	0.387693	0.380425	0.369886	0.299491
205.000000	0.751850	1.216647	0.751850	0.385081	0.378467	0.372438	0.304588
210.000000	0.746125	1.047395	0.746125	0.387094	0.382375	0.368662	0.300747
215.000000	0.740612	0.998148	0.740612	0.385615	0.379599	0.367062	0.298380
220.000000	0.753583	1.039746	0.753583	0.387299	0.376670	0.367916	0.295955
225.000000	0.746540	0.739317	0.746540	0.384196	0.355149	0.360180	0.281913
230.000000	0.750130	0.773453	0.750130	0.384015	0.358132	0.360855	0.285251
235.000000	0.756367	0.887193	0.756367	0.386605	0.355150	0.362038	0.275548
240.000000	0.751268	0.856221	0.751268	0.386172	0.361081	0.363728	0.283467
245.000000	0.766803	0.887326	0.766803	0.389792	0.339332	0.361670	0.256271
250.000000	0.779297	1.041753	0.779297	0.386724	0.382398	0.369649	0.304351
255.000000	0.789237	1.083912	0.789237	0.387447	0.383836	0.368899	0.303978
