0.000000	1.000000
5.000000	0.996984
10.000000	0.993015
15.000000	0.988655
20.000000	0.984204
25.000000	0.979918
30.000000	0.974371
35.000000	0.969144
40.000000	0.962754
45.000000	0.956546
50.000000	0.949360
55.000000	0.940964
60.000000	0.934815
65.000000	0.924646
70.000000	0.912326
75.000000	0.901585
80.000000	0.892113
85.000000	0.877004
90.000000	0.864695
95.000000	0.849292
100.000000	0.831581
105.000000	0.816727
110.000000	0.796269
115.000000	0.773858
120.000000	0.754113
125.000000	0.730891
130.000000	0.702556
135.000000	0.675147
140.000000	0.648982
145.000000	0.614627
150.000000	0.579166
155.000000	0.548717
160.000000	0.511661
165.000000	0.475300
170.000000	0.436605
175.000000	0.397153
180.000000	0.358861
185.000000	0.324500
190.000000	0.288828
195.000000	0.255011
200.000000	0.228347
205.000000	0.206723
210.000000	0.187918
215.000000	0.181173
220.000000	0.184030
225.000000	0.193587
230.000000	0.215278
235.000000	0.246166
240.000000	0.289875
245.000000	0.345136
250.000000	0.406795
255.000000	0.474752
