0.000000	0.696799
5.000000	0.696042
10.000000	0.694467
15.000000	0.692543
20.000000	0.690696
25.000000	0.688776
30.000000	0.686499
35.000000	0.683929
40.000000	0.682475
45.000000	0.679247
50.000000	0.676879
55.000000	0.673379
60.000000	0.670486
65.000000	0.666603
70.000000	0.664056
75.000000	0.659516
80.000000	0.654365
85.000000	0.649796
90.000000	0.645452
95.000000	0.639467
100.000000	0.632733
105.000000	0.628487
110.000000	0.622193
115.000000	0.616713
120.000000	0.608408
125.000000	0.600646
130.000000	0.596270
135.000000	0.589417
140.000000	0.580940
145.000000	0.575178
150.000000	0.572849
155.000000	0.566040
160.000000	0.560231
165.000000	0.560777
170.000000	0.560940
175.000000	0.559425
180.000000	0.562841
185.000000	0.574384
190.000000	0.583155
195.000000	0.593329
200.000000	0.614916
205.000000	0.639977
210.000000	0.664304
215.000000	0.690704
220.000000	0.732722
225.000000	0.768604
230.000000	0.804065
235.000000	0.848115
240.000000	0.886607
245.000000	0.932290
250.000000	0.969547
255.000000	1.000000
