0.000000	0.064602
5.000000	0.064923
10.000000	0.065057
15.000000	0.065323
20.000000	0.065661
25.000000	0.065911
30.000000	0.066136
35.000000	0.066620
40.000000	0.066991
45.000000	0.067400
50.000000	0.068088
55.000000	0.068772
60.000000	0.069450
65.000000	0.070509
70.000000	0.071565
75.000000	0.072982
80.000000	0.074556
85.000000	0.076591
90.000000	0.078569
95.000000	0.080749
100.000000	0.083653
105.000000	0.087439
110.000000	0.091766
115.000000	0.096517
120.000000	0.102858
125.000000	0.109577
130.000000	0.117681
135.000000	0.127197
140.000000	0.138222
145.000000	0.151238
150.000000	0.165456
155.000000	0.182212
160.000000	0.201482
165.000000	0.224178
170.000000	0.250142
175.000000	0.277220
180.000000	0.309816
185.000000	0.344343
190.000000	0.380616
195.000000	0.422198
200.000000	0.469141
205.000000	0.513997
210.000000	0.566930
215.000000	0.616134
220.000000	0.671000
225.000000	0.721976
230.000000	0.773487
235.000000	0.824782
240.000000	0.874805
245.000000	0.922348
250.000000	0.966066
255.000000	1.000000
