0.000000	0.738240
5.000000	0.738531
10.000000	0.738672
15.000000	0.737985
20.000000	0.738495
25.000000	0.738966
30.000000	0.739143
35.000000	0.738855
40.000000	0.738566
45.000000	0.738522
50.000000	0.738820
55.000000	0.740491
60.000000	0.741213
65.000000	0.740634
70.000000	0.740978
75.000000	0.741901
80.000000	0.740648
85.000000	0.741628
90.000000	0.742805
95.000000	0.744809
100.000000	0.745483
105.000000	0.745683
110.000000	0.748583
115.000000	0.751730
120.000000	0.752165
125.000000	0.753975
130.000000	0.759895
135.000000	0.763434
140.000000	0.765910
145.000000	0.771565
150.000000	0.777664
155.000000	0.787532
160.000000	0.795893
165.000000	0.802673
170.000000	0.815743
175.000000	0.825461
180.000000	0.843927
185.000000	0.857234
190.000000	0.869991
195.000000	0.886476
200.000000	0.908336
205.000000	0.924422
210.000000	0.942476
215.000000	0.951860
220.000000	0.971949
225.000000	0.988890
230.000000	0.993717
235.000000	0.994917
240.000000	1.000000
245.000000	0.996534
250.000000	0.984041
255.000000	0.971972
