0.000000	0.000000	0.000000	0.000000	0.387145	0.387791	0.391138	0.271413
5.000000	0.038918	0.209586	0.038918	0.417803	0.511536	0.421922	0.367306
10.000000	0.008641	0.044842	0.008641	0.421070	0.503523	0.451710	0.360588
15.000000	0.024285	0.116610	0.024285	0.424370	0.522786	0.472331	0.392209
20.000000	0.038855	0.201830	0.038855	0.432524	0.556290	0.500556	0.435685
25.000000	0.035592	0.157307	0.035592	0.431488	0.547921	0.517626	0.431177
30.000000	0.039360	0.152575	0.039360	0.433525	0.553032	0.534106	0.439554
35.000000	0.061653	0.339149	0.061653	0.410414	0.491150	0.522048	0.430658
40.000000	0.040890	0.130402	0.040890	0.402258	0.444052	0.524522	0.365156
45.000000	0.020831	-0.033601	0.020831	0.398180	0.413235	0.538583	0.339850
50.000000	0.027799	0.006854	0.027799	0.422474	0.491139	0.564505	0.397549
55.000000	0.009056	-0.227579	0.009056	0.429782	0.440962	0.576741	0.371234
60.000000	0.010340	-0.195113	0.010340	0.428031	0.446640	0.580958	0.372676
65.000000	0.036780	0.016419	0.036780	0.428023	0.509304	0.583128	0.412746
70.000000	0.055450	0.037780	0.055450	0.430192	0.515068	0.588286	0.422344
75.000000	0.056253	0.058530	0.056253	0.425945	0.509394	0.588307	0.421637
80.000000	0.030615	-0.193189	0.030615	0.427467	0.438304	0.595692	0.373028
85.000000	0.035316	-0.252274	0.035316	0.409987	0.374452	0.588489	0.338936
90.000000	0.034009	-0.318287	0.034009	0.398062	0.308181	0.578995	0.283764
95.000000	0.045810	-0.248147	0.045810	0.418898	0.399471	0.597828	0.354644
100.000000	0.064815	-0.142032	0.064815	0.418998	0.423863	0.599467	0.369704
105.000000	0.076067	-0.093832	0.076067	0.413645	0.422606	0.596827	0.374597
110.000000	0.076477	-0.084699	0.076477	0.431032	0.471882	0.605735	0.400391
115.000000	0.088057	0.021345	0.088057	0.428022	0.495030	0.603265	0.421652
120.000000	0.096955	0.117758	0.096955	0.430243	0.525226	0.605413	0.444481
125.000000	0.099432	0.064339	0.099432	0.427765	0.504016	0.603933	0.433128
130.000000	0.119680	0.323613	0.119680	0.416057	0.503650	0.598432	0.462689
135.000000	0.099929	0.048874	0.099929	0.378301	0.336382	0.578517	0.330049
140.000000	0.112178	0.190003	0.112178	0.400668	0.446749	0.596369	0.413319
145.000000	0.119187	0.251471	0.119187	0.425149	0.528251	0.606597	0.464236
150.000000	0.103017	0.092004	0.103017	0.417475	0.482376	0.603721	0.423660
155.000000	0.099752	0.154197	0.099752	0.425867	0.520312	0.607989	0.445068
160.000000	0.104154	0.132375	0.104154	0.428114	0.522529	0.609598	0.446055
165.000000	0.100942	0.128096	0.100942	0.429861	0.525364	0.609519	0.446787
170.000000	0.110827	0.067861	0.110827	0.422583	0.488469	0.605922	0.429232
175.000000	0.109159	0.062739	0.109159	0.401350	0.423929	0.599204	0.394316
180.000000	0.114122	0.144105	0.114122	0.393848	0.418523	0.593420	0.398031
185.000000	0.088426	-0.169945	0.088426	0.385436	0.297593	0.590904	0.290382
190.000000	0.118998	0.166442	0.118998	0.422553	0.505769	0.608507	0.445040
195.000000	0.118734	0.241364	0.118734	0.410947	0.485537	0.602851	0.443309
200.000000	0.118223	0.160732	0.118223	0.419443	0.498273	0.607288	0.441389
205.000000	0.116668	0.064329	0.116668	0.426896	0.495178	0.609543	0.433791
210.000000	0.127288	-0.012955	0.127288	0.429210	0.472005	0.610963	0.420094
215.000000	0.138795	0.080275	0.138795	0.426364	0.495060	0.611112	0.440745
220.000000	0.135649	0.201317	0.135649	0.431763	0.536187	0.613147	0.469360
225.000000	0.132467	0.040879	0.132467	0.430801	0.491036	0.612736	0.433991
230.000000	0.139432	0.405202	0.139432	0.419764	0.511647	0.604984	0.480003
235.000000	0.133845	0.214988	0.133845	0.414936	0.487635	0.606334	0.446732
240.000000	0.104759	-0.687235	0.104759	0.374836	0.212637	0.564588	0.220367
245.000000	0.108295	-0.269302	0.108295	0.423897	0.384789	0.613548	0.357712
250.000000	0.112906	-0.313812	0.112906	0.428959	0.392062	0.614897	0.362647
255.000000	0.115351	-0.221282	0.115351	0.415551	0.374403	0.608927	0.354570
