0.000000	1.000000
5.000000	0.997982
10.000000	0.994881
15.000000	0.994221
20.000000	0.989848
25.000000	0.985741
30.000000	0.984908
35.000000	0.980282
40.000000	0.975695
45.000000	0.972644
50.000000	0.968180
55.000000	0.962460
60.000000	0.957388
65.000000	0.952483
70.000000	0.947033
75.000000	0.939413
80.000000	0.932062
85.000000	0.922917
90.000000	0.915889
95.000000	0.909361
100.000000	0.899304
105.000000	0.889187
110.000000	0.878820
115.000000	0.864797
120.000000	0.847639
125.000000	0.833668
130.000000	0.818412
135.000000	0.800052
140.000000	0.780404
145.000000	0.760019
150.000000	0.737774
155.000000	0.714708
160.000000	0.687919
165.000000	0.659383
170.000000	0.628374
175.000000	0.598841
180.000000	0.567320
185.000000	0.534711
190.000000	0.502250
195.000000	0.467187
200.000000	0.431108
205.000000	0.399675
210.000000	0.366267
215.000000	0.337705
220.000000	0.308838
225.000000	0.286320
230.000000	0.265718
235.000000	0.249102
240.000000	0.237052
245.000000	0.228576
250.000000	0.223643
255.000000	0.222792
