0.000000	0.311447
5.000000	0.312053
10.000000	0.312413
15.000000	0.313155
20.000000	0.313809
25.000000	0.314562
30.000000	0.315666
35.000000	0.316488
40.000000	0.317336
45.000000	0.318592
50.000000	0.319532
55.000000	0.321089
60.000000	0.322352
65.000000	0.323924
70.000000	0.325460
75.000000	0.327577
80.000000	0.329584
85.000000	0.331944
90.000000	0.334257
95.000000	0.336848
100.000000	0.340097
105.000000	0.343279
110.000000	0.346392
115.000000	0.350252
120.000000	0.354265
125.000000	0.359180
130.000000	0.364615
135.000000	0.369569
140.000000	0.375710
145.000000	0.383156
150.000000	0.390850
155.000000	0.398741
160.000000	0.408285
165.000000	0.419517
170.000000	0.431064
175.000000	0.443159
180.000000	0.457750
185.000000	0.473834
190.000000	0.492051
195.000000	0.512369
200.000000	0.536035
205.000000	0.561523
210.000000	0.593090
215.000000	0.624043
220.000000	0.662840
225.000000	0.701321
230.000000	0.744948
235.000000	0.792471
240.000000	0.842626
245.000000	0.894569
250.000000	0.947152
255.000000	1.000000
