0.000000	0.823162
5.000000	0.824722
10.000000	0.825588
15.000000	0.827652
20.000000	0.829774
25.000000	0.831575
30.000000	0.833486
35.000000	0.835748
40.000000	0.837838
45.000000	0.840931
50.000000	0.843517
55.000000	0.845519
60.000000	0.849198
65.000000	0.852945
70.000000	0.857441
75.000000	0.861603
80.000000	0.866119
85.000000	0.872380
90.000000	0.878758
95.000000	0.883351
100.000000	0.889321
105.000000	0.895603
110.000000	0.902139
115.000000	0.909298
120.000000	0.916878
125.000000	0.924712
130.000000	0.933109
135.000000	0.941665
140.000000	0.948660
145.000000	0.956351
150.000000	0.965049
155.000000	0.972237
160.000000	0.979760
165.000000	0.987299
170.000000	0.992892
175.000000	0.994584
180.000000	0.997718
185.000000	1.000000
190.000000	0.995937
195.000000	0.989723
200.000000	0.984907
205.000000	0.974561
210.000000	0.954691
215.000000	0.938246
220.000000	0.917732
225.000000	0.894425
230.000000	0.867678
235.000000	0.836837
240.000000	0.808982
245.000000	0.780536
250.000000	0.752058
255.000000	0.723969
