0.000000	0.000000	0.000000	0.000000	0.400206	0.286758	0.401943	0.342137
5.000000	0.015164	0.015164	0.005277	0.394340	0.307091	0.392954	0.368320
10.000000	0.029171	0.029171	0.006872	0.392474	0.307247	0.395229	0.373303
15.000000	0.050464	0.050464	-0.027884	0.391306	0.306543	0.406023	0.377738
20.000000	0.074274	0.074274	-0.033355	0.391414	0.313208	0.407157	0.380289
25.000000	0.027036	0.027036	0.591856	0.410019	0.264737	0.402889	0.263439
30.000000	0.108112	0.108112	0.062052	0.408942	0.222132	0.422962	0.276234
35.000000	0.086364	0.086364	0.306090	0.401210	0.339243	0.400079	0.368775
40.000000	0.109878	0.109878	0.390464	0.400237	0.342663	0.390077	0.351867
45.000000	0.144353	0.144353	0.300100	0.400525	0.336696	0.390834	0.358238
50.000000	0.147739	0.147739	0.513414	0.397533	0.352662	0.382211	0.342735
55.000000	0.193699	0.193699	0.268429	0.399434	0.331713	0.385397	0.357880
60.000000	0.205557	0.205557	0.446390	0.402290	0.343011	0.384432	0.349957
65.000000	0.201789	0.201789	0.578170	0.396327	0.352592	0.378426	0.341721
70.000000	0.216350	0.216350	0.617653	0.395382	0.353455	0.384872	0.347322
75.000000	0.242768	0.242768	0.522984	0.400485	0.344487	0.383114	0.350764
80.000000	0.249048	0.249048	0.461922	0.399498	0.336196	0.383429	0.352636
85.000000	0.254815	0.254815	0.429214	0.399486	0.334840	0.383834	0.355724
90.000000	0.260165	0.260165	0.552259	0.397637	0.339117	0.386078	0.350755
95.000000	0.261967	0.261967	0.662083	0.392238	0.341848	0.386697	0.343170
100.000000	0.273613	0.273613	0.500897	0.395935	0.331963	0.388260	0.354600
105.000000	0.272382	0.272382	0.768950	0.394476	0.361856	0.381968	0.344386
110.000000	0.265632	0.265632	0.694367	0.392093	0.349459	0.388817	0.347023
115.000000	0.270550	0.270550	0.682663	0.393782	0.349304	0.387752	0.345657
120.000000	0.264914	0.264914	0.607831	0.393283	0.340998	0.392065	0.349824
125.000000	0.275780	0.275780	0.508685	0.397012	0.333923	0.400254	0.357253
130.000000	0.275112	0.275112	0.498686	0.395493	0.327006	0.402756	0.354105
135.000000	0.274800	0.274800	0.461850	0.394970	0.326784	0.403380	0.358908
140.000000	0.281019	0.281019	0.397503	0.391453	0.318778	0.403144	0.357253
145.000000	0.274115	0.274115	0.456677	0.393295	0.324301	0.407159	0.357392
150.000000	0.249397	0.249397	0.452391	0.394088	0.328883	0.409617	0.362447
155.000000	0.266561	0.266561	0.496168	0.393702	0.329020	0.411176	0.360038
160.000000	0.251078	0.251078	0.585125	0.392965	0.340222	0.415256	0.364052
165.000000	0.263354	0.263354	0.393258	0.386942	0.307154	0.410603	0.346846
170.000000	0.258153	0.258153	0.577272	0.391433	0.322274	0.409207	0.338483
175.000000	0.248862	0.248862	0.520132	0.391667	0.318769	0.415253	0.345703
180.000000	0.278142	0.278142	0.942414	0.401741	0.315389	0.403716	0.279263
185.000000	0.266644	0.266644	0.896207	0.395981	0.349491	0.399506	0.318134
190.000000	0.272754	0.272754	1.093989	0.400455	0.372100	0.390259	0.318328
195.000000	0.253316	0.253316	0.873098	0.392298	0.355821	0.406636	0.334598
200.000000	0.253287	0.253287	0.760839	0.409423	0.275094	0.421013	0.250731
205.000000	0.278447	0.278447	1.069055	0.398342	0.349199	0.387838	0.295190
210.000000	0.247428	0.247428	0.515917	0.400063	0.261756	0.426783	0.275836
215.000000	0.212787	0.212787	0.487865	0.394744	0.296907	0.416399	0.319170
220.000000	0.229260	0.229260	0.588454	0.389955	0.336887	0.439622	0.372199
225.000000	0.227354	0.227354	0.892196	0.394696	0.384727	0.446855	0.388758
230.000000	0.222848	0.222848	0.550086	0.393586	0.342602	0.453841	0.395060
235.000000	0.227839	0.227839	0.696238	0.395286	0.358736	0.449318	0.387226
240.000000	0.249762	0.249762	0.965012	0.392512	0.379486	0.434917	0.372228
245.000000	0.221245	0.221245	0.818835	0.395044	0.372094	0.446692	0.382901
250.000000	0.228662	0.228662	0.853895	0.394957	0.379614	0.451895	0.389526
255.000000	0.230105	0.230105	0.910711	0.396309	0.387051	0.451167	0.391074
