0.000000	0.000000	0.000000	0.000000	0.418509	0.090159	0.412893	0.115614
5.000000	0.011433	0.011433	0.000259	0.420110	0.089542	0.421119	0.116567
10.000000	0.026534	0.026534	-0.003477	0.424583	0.088289	0.417267	0.118894
15.000000	0.040354	0.040354	-0.009714	0.422873	0.085087	0.414192	0.120180
20.000000	0.074870	0.074870	-0.010896	0.426398	0.088734	0.412649	0.122340
25.000000	0.091019	0.091019	0.006524	0.421805	0.089234	0.415915	0.125666
30.000000	0.112155	0.112155	-0.004826	0.426274	0.087868	0.416408	0.128041
35.000000	0.131082	0.131082	-0.015146	0.431960	0.086370	0.417784	0.129887
40.000000	0.151519	0.151519	-0.018016	0.433652	0.082920	0.417129	0.134007
45.000000	0.152677	0.152677	-0.016745	0.424500	0.077979	0.415047	0.133179
50.000000	0.184668	0.184668	-0.051415	0.429382	0.074794	0.411820	0.134722
55.000000	0.186325	0.186325	-0.027422	0.430416	0.071840	0.416487	0.140195
60.000000	0.211109	0.211109	-0.028274	0.430997	0.070268	0.412299	0.139893
65.000000	0.224828	0.224828	-0.020605	0.431957	0.067530	0.415805	0.145334
70.000000	0.237039	0.237039	-0.036757	0.433963	0.063035	0.411894	0.142102
75.000000	0.249674	0.249674	-0.016626	0.429119	0.062358	0.415191	0.149293
80.000000	0.265907	0.265907	-0.038430	0.427006	0.058515	0.412077	0.146203
85.000000	0.277991	0.277991	-0.032968	0.432203	0.055078	0.419262	0.151876
90.000000	0.297796	0.297796	-0.051701	0.425594	0.052072	0.412755	0.148657
95.000000	0.310357	0.310357	-0.046717	0.428787	0.048440	0.420304	0.155020
100.000000	0.321240	0.321240	-0.041731	0.419173	0.046271	0.414266	0.152089
105.000000	0.325808	0.325808	-0.033891	0.429081	0.044380	0.423892	0.157529
110.000000	0.346024	0.346024	-0.052000	0.420617	0.041744	0.421443	0.153958
115.000000	0.356264	0.356264	-0.047880	0.423464	0.039608	0.418822	0.157644
120.000000	0.367825	0.367825	-0.050351	0.417831	0.038140	0.418705	0.156054
125.000000	0.363641	0.363641	-0.025595	0.428813	0.037798	0.421173	0.161009
130.000000	0.382259	0.382259	-0.042544	0.419508	0.035312	0.418598	0.158149
135.000000	0.377958	0.377958	-0.021965	0.428443	0.036293	0.421705	0.161443
140.000000	0.397303	0.397303	-0.034281	0.423564	0.032232	0.413510	0.159107
145.000000	0.386707	0.386707	-0.008872	0.427873	0.032859	0.414022	0.161844
150.000000	0.391363	0.391363	-0.004030	0.427378	0.031046	0.417762	0.162953
155.000000	0.415744	0.415744	-0.034770	0.424850	0.028053	0.416358	0.159567
160.000000	0.407801	0.407801	-0.012493	0.436016	0.027128	0.420332	0.162295
165.000000	0.431149	0.431149	-0.034320	0.418615	0.026020	0.414420	0.159814
170.000000	0.434597	0.434597	-0.033098	0.424834	0.025359	0.415717	0.159573
175.000000	0.452701	0.452701	-0.049003	0.419561	0.022980	0.419213	0.159771
180.000000	0.425450	0.425450	-0.006425	0.433817	0.023554	0.412655	0.163414
185.000000	0.430400	0.430400	-0.004853	0.419332	0.021595	0.412519	0.161765
190.000000	0.398831	0.398831	0.041123	0.432263	0.023768	0.410412	0.163949
195.000000	0.434594	0.434594	-0.001003	0.424523	0.022451	0.411320	0.162171
200.000000	0.450751	0.450751	-0.019441	0.430066	0.019585	0.409968	0.159308
205.000000	0.484681	0.484681	-0.055449	0.423470	0.017912	0.415015	0.158703
210.000000	0.454651	0.454651	-0.014692	0.424977	0.018437	0.406746	0.158560
215.000000	0.431189	0.431189	0.020813	0.428101	0.019441	0.408021	0.160723
220.000000	0.436046	0.436046	0.017840	0.431181	0.019305	0.408733	0.160028
225.000000	0.446081	0.446081	0.008284	0.421776	0.018081	0.408256	0.160178
230.000000	0.443094	0.443094	0.012257	0.435154	0.017275	0.408167	0.160874
235.000000	0.443686	0.443686	0.018232	0.432077	0.017659	0.405543	0.160302
240.000000	0.456644	0.456644	0.003420	0.434637	0.017059	0.404015	0.158078
245.000000	0.467100	0.467100	-0.007009	0.426783	0.015151	0.402596	0.159485
250.000000	0.474109	0.474109	-0.013664	0.435738	0.015995	0.405698	0.157350
255.000000	0.475366	0.475366	-0.012577	0.429055	0.014720	0.403168	0.157644
