0.000000	0.000000	0.000000	0.000000	0.513800	0.278673	0.542024	0.209761
5.000000	0.002853	0.002853	-0.379803	0.515508	0.288087	0.552393	0.230743
10.000000	0.005324	0.005324	-0.372220	0.513430	0.278396	0.547509	0.220248
15.000000	0.010074	0.010074	-0.604346	0.511061	0.287079	0.544651	0.233523
20.000000	0.173538	0.173538	0.005628	0.476511	0.063826	0.471390	0.033319
25.000000	0.034306	0.034306	-0.548625	0.510002	0.284867	0.532159	0.225914
30.000000	0.029003	0.029003	-0.754126	0.491493	0.209775	0.504819	0.154253
35.000000	0.042190	0.042190	-0.640030	0.506943	0.267270	0.507968	0.206479
40.000000	0.044790	0.044790	-0.900287	0.510838	0.272531	0.505957	0.205893
45.000000	0.051837	0.051837	-0.630136	0.502489	0.252183	0.474745	0.186145
50.000000	0.069440	0.069440	-0.758134	0.492709	0.215444	0.456120	0.150456
55.000000	0.052623	0.052623	-0.654312	0.477871	0.152248	0.448806	0.104639
60.000000	0.237000	0.237000	0.508627	0.478091	0.056460	0.432099	0.047179
65.000000	0.227884	0.227884	-0.355729	0.467939	0.040960	0.450667	0.015931
70.000000	0.107995	0.107995	-0.252712	0.488043	0.170752	0.430052	0.117176
75.000000	0.077889	0.077889	-0.647117	0.497312	0.227251	0.437517	0.165379
80.000000	0.109110	0.109110	1.307388	0.471369	0.039400	0.465705	0.057697
85.000000	0.243082	0.243082	0.212639	0.474146	0.037424	0.429295	0.029995
90.000000	1.727625	1.727625	-0.180722	0.456587	0.011259	0.449363	0.019651
95.000000	0.272899	0.272899	0.117798	0.479619	0.047462	0.419272	0.041571
100.000000	0.137688	0.137688	-0.570527	0.471227	0.127273	0.425992	0.102068
105.000000	0.131560	0.131560	-0.837308	0.506316	0.251684	0.417293	0.201516
110.000000	0.152498	0.152498	-0.952853	0.508562	0.255315	0.415794	0.204666
115.000000	0.144620	0.144620	-0.915308	0.509875	0.258592	0.411222	0.211104
120.000000	0.130156	0.130156	-0.761285	0.511107	0.269016	0.409067	0.224428
125.000000	0.147180	0.147180	-1.337588	0.506498	0.228291	0.383858	0.175656
130.000000	0.136544	0.136544	-1.038894	0.484413	0.173294	0.412163	0.153549
135.000000	0.142381	0.142381	-1.289317	0.514659	0.247570	0.382485	0.193030
140.000000	0.143493	0.143493	-0.804856	0.509715	0.268229	0.399519	0.233955
145.000000	0.142383	0.142383	-0.675716	0.506289	0.259472	0.404473	0.232737
150.000000	0.154982	0.154982	-0.990308	0.488595	0.196645	0.400285	0.183318
155.000000	0.135562	0.135562	-0.518268	0.504550	0.267181	0.397523	0.233584
160.000000	0.157876	0.157876	-0.931399	0.494246	0.206986	0.402095	0.201428
165.000000	0.155574	0.155574	-0.733819	0.507988	0.259516	0.398953	0.241265
170.000000	0.160156	0.160156	-0.720788	0.504555	0.252444	0.399768	0.237970
175.000000	0.174461	0.174461	-1.050967	0.511351	0.257861	0.396289	0.236358
180.000000	0.153720	0.153720	-0.707547	0.509407	0.263691	0.397817	0.251068
185.000000	0.166314	0.166314	-0.869949	0.498953	0.226722	0.393770	0.224688
190.000000	0.163885	0.163885	-0.743813	0.509250	0.265303	0.395884	0.254499
195.000000	0.183610	0.183610	-0.952501	0.508056	0.247547	0.388558	0.238813
200.000000	0.166213	0.166213	-0.534360	0.499793	0.238622	0.384324	0.231083
205.000000	0.191529	0.191529	-0.841827	0.468535	0.121293	0.395607	0.144846
210.000000	0.205867	0.205867	-0.902988	0.451761	0.058458	0.405872	0.076828
215.000000	0.160428	0.160428	-0.558755	0.471931	0.120324	0.377537	0.141418
220.000000	0.158473	0.158473	-0.510664	0.511680	0.284663	0.385998	0.263336
225.000000	0.163730	0.163730	-0.515833	0.511299	0.282999	0.381659	0.260313
230.000000	0.183806	0.183806	-0.531489	0.462979	0.072256	0.373778	0.095829
235.000000	0.174719	0.174719	-0.352238	0.514436	0.285401	0.366615	0.248612
240.000000	0.187773	0.187773	-0.221405	0.518476	0.287209	0.358531	0.240021
245.000000	0.198176	0.198176	0.036189	0.500824	0.226447	0.362049	0.206326
250.000000	0.178289	0.178289	-0.423992	0.492726	0.208967	0.371746	0.209254
255.000000	0.180287	0.180287	-0.456206	0.505517	0.264380	0.369018	0.246144
