0.000000	0.000000	0.000000	0.000000	0.396374	0.301680	0.430804	0.327557
5.000000	0.046926	0.316999	0.046926	0.400359	0.277035	0.453411	0.339592
10.000000	0.115182	0.262698	0.115182	0.395439	0.280020	0.450966	0.338013
15.000000	0.178163	0.107775	0.178163	0.392060	0.301944	0.452366	0.345975
20.000000	0.232931	0.321280	0.232931	0.393523	0.284260	0.440929	0.342571
25.000000	0.277421	0.428677	0.277421	0.395032	0.282450	0.420610	0.343018
30.000000	0.326669	0.511640	0.326669	0.395865	0.274980	0.420631	0.347098
35.000000	0.357009	0.667044	0.357009	0.402845	0.275658	0.404621	0.352649
40.000000	0.398911	0.656210	0.398911	0.397635	0.277501	0.401514	0.357089
45.000000	0.445562	0.576709	0.445562	0.395593	0.283702	0.407171	0.361668
50.000000	0.482767	0.532716	0.482767	0.389203	0.286064	0.407532	0.360248
55.000000	0.492330	0.797141	0.492330	0.403075	0.278400	0.374688	0.350374
60.000000	0.531966	0.636349	0.531966	0.393185	0.282998	0.394810	0.357871
65.000000	0.557749	0.600916	0.557749	0.394405	0.288171	0.396475	0.355207
70.000000	0.569889	0.673531	0.569889	0.396225	0.285473	0.385332	0.350111
75.000000	0.591641	0.528765	0.591641	0.388065	0.298764	0.410849	0.359915
80.000000	0.613781	0.611849	0.613781	0.392181	0.291333	0.403681	0.356580
85.000000	0.616125	0.812848	0.616125	0.396751	0.276753	0.395891	0.362571
90.000000	0.626678	0.783236	0.626678	0.399943	0.281911	0.414627	0.376960
95.000000	0.654704	0.593449	0.654704	0.388886	0.293301	0.443403	0.380568
100.000000	0.668132	0.642351	0.668132	0.392010	0.294155	0.456235	0.398727
105.000000	0.689431	0.637861	0.689431	0.390823	0.294583	0.466080	0.401661
110.000000	0.699050	0.705876	0.699050	0.391790	0.283345	0.455673	0.388334
115.000000	0.704423	0.494127	0.704423	0.389727	0.304736	0.494526	0.402010
120.000000	0.717718	0.639637	0.717718	0.391945	0.297592	0.497833	0.423658
125.000000	0.727214	0.621640	0.727214	0.391549	0.299539	0.507480	0.425970
130.000000	0.738626	0.670657	0.738626	0.392826	0.296102	0.505930	0.426309
135.000000	0.747561	0.674781	0.747561	0.393094	0.295862	0.514652	0.433476
140.000000	0.762759	0.751896	0.762759	0.393648	0.277363	0.489617	0.398702
145.000000	0.761562	0.893446	0.761562	0.399350	0.282236	0.498786	0.434262
150.000000	0.780915	0.750572	0.780915	0.394846	0.286078	0.507679	0.418733
155.000000	0.783517	0.749730	0.783517	0.393178	0.285689	0.512728	0.420162
160.000000	0.792550	0.770127	0.792550	0.393615	0.292791	0.524514	0.441588
165.000000	0.796586	0.872309	0.796586	0.393352	0.280868	0.513205	0.432844
170.000000	0.802175	0.878123	0.802175	0.393775	0.280161	0.515312	0.435945
175.000000	0.809775	0.910395	0.809775	0.399388	0.264133	0.501173	0.402552
180.000000	0.807371	1.097200	0.807371	0.397645	0.259956	0.491146	0.425285
185.000000	0.822397	1.002659	0.822397	0.400219	0.254218	0.494706	0.398217
190.000000	0.819426	1.117005	0.819426	0.393517	0.251003	0.489797	0.410810
195.000000	0.812654	1.279988	0.812654	0.395246	0.238529	0.473011	0.395910
200.000000	0.842578	0.943826	0.842578	0.400312	0.254274	0.502385	0.392922
205.000000	0.823032	1.183562	0.823032	0.394138	0.247783	0.491185	0.416136
210.000000	0.831461	1.175745	0.831461	0.388661	0.263523	0.502699	0.451028
215.000000	0.852267	0.988900	0.852267	0.398674	0.274628	0.516202	0.434939
220.000000	0.853455	0.849679	0.853455	0.393204	0.290011	0.539992	0.447440
225.000000	0.850823	0.877969	0.850823	0.398082	0.286662	0.534319	0.440304
230.000000	0.862816	0.917913	0.862816	0.393737	0.284955	0.533643	0.447761
235.000000	0.866101	0.932757	0.866101	0.398309	0.285464	0.532281	0.447125
240.000000	0.863848	0.915476	0.863848	0.397482	0.282488	0.533069	0.443081
245.000000	0.854000	0.581032	0.854000	0.398393	0.301669	0.565796	0.421112
250.000000	0.858140	0.911375	0.858140	0.398004	0.282507	0.534395	0.439683
255.000000	0.853081	0.512355	0.853081	0.403344	0.312112	0.575665	0.416216
