0.000000	0.158592
5.000000	0.157985
10.000000	0.157497
15.000000	0.157050
20.000000	0.155009
25.000000	0.155370
30.000000	0.154993
35.000000	0.153801
40.000000	0.152877
45.000000	0.152204
50.000000	0.150821
55.000000	0.150509
60.000000	0.148534
65.000000	0.147370
70.000000	0.146804
75.000000	0.145406
80.000000	0.143316
85.000000	0.141785
90.000000	0.141676
95.000000	0.139575
100.000000	0.137023
105.000000	0.136593
110.000000	0.135611
115.000000	0.133197
120.000000	0.131233
125.000000	0.132389
130.000000	0.130620
135.000000	0.130792
140.000000	0.129550
145.000000	0.129494
150.000000	0.133442
155.000000	0.135230
160.000000	0.137929
165.000000	0.144442
170.000000	0.151425
175.000000	0.164618
180.000000	0.178288
185.000000	0.194879
190.000000	0.213433
195.000000	0.237792
200.000000	0.274347
205.000000	0.301679
210.000000	0.350497
215.000000	0.401857
220.000000	0.462692
225.000000	0.518841
230.000000	0.591596
235.000000	0.662188
240.000000	0.745171
245.000000	0.824787
250.000000	0.919004
255.000000	1.000000
