0.000000	0.419260
5.000000	0.420103
10.000000	0.420915
15.000000	0.421977
20.000000	0.422994
25.000000	0.424205
30.000000	0.424852
35.000000	0.426344
40.000000	0.427312
45.000000	0.429082
50.000000	0.430851
55.000000	0.431852
60.000000	0.433983
65.000000	0.436211
70.000000	0.438176
75.000000	0.439924
80.000000	0.442561
85.000000	0.445571
90.000000	0.447334
95.000000	0.450920
100.000000	0.453720
105.000000	0.457154
110.000000	0.461203
115.000000	0.465069
120.000000	0.469577
125.000000	0.474411
130.000000	0.477933
135.000000	0.484103
140.000000	0.489849
145.000000	0.494702
150.000000	0.501549
155.000000	0.509357
160.000000	0.517878
165.000000	0.524109
170.000000	0.534797
175.000000	0.546078
180.000000	0.557125
185.000000	0.571854
190.000000	0.582498
195.000000	0.600688
200.000000	0.622020
205.000000	0.641390
210.000000	0.665190
215.000000	0.691696
220.000000	0.723158
225.000000	0.756173
230.000000	0.791903
235.000000	0.830084
240.000000	0.870550
245.000000	0.912508
250.000000	0.955368
255.000000	1.000000
