0.000000	0.523128
5.000000	0.524859
10.000000	0.526583
15.000000	0.528801
20.000000	0.530502
25.000000	0.532704
30.000000	0.535511
35.000000	0.538525
40.000000	0.540996
45.000000	0.544796
50.000000	0.548120
55.000000	0.551963
60.000000	0.556138
65.000000	0.560921
70.000000	0.566308
75.000000	0.571158
80.000000	0.576709
85.000000	0.584706
90.000000	0.591777
95.000000	0.598582
100.000000	0.607805
105.000000	0.616808
110.000000	0.626940
115.000000	0.637844
120.000000	0.648939
125.000000	0.664231
130.000000	0.676512
135.000000	0.691078
140.000000	0.707174
145.000000	0.727863
150.000000	0.745339
155.000000	0.762936
160.000000	0.780023
165.000000	0.803436
170.000000	0.822493
175.000000	0.848925
180.000000	0.870184
185.000000	0.886831
190.000000	0.906028
195.000000	0.924398
200.000000	0.952128
205.000000	0.967875
210.000000	0.975055
215.000000	0.983104
220.000000	1.000000
225.000000	0.998896
230.000000	0.990535
235.000000	0.987809
240.000000	0.978332
245.000000	0.957689
250.000000	0.934243
255.000000	0.915629
