0.000000	0.987993
5.000000	0.988485
10.000000	0.988006
15.000000	0.986015
20.000000	0.986078
25.000000	0.983966
30.000000	0.982783
35.000000	0.981620
40.000000	0.980854
45.000000	0.981486
50.000000	0.978488
55.000000	0.977565
60.000000	0.977116
65.000000	0.974148
70.000000	0.974668
75.000000	0.969641
80.000000	0.966610
85.000000	0.970041
90.000000	0.964516
95.000000	0.964197
100.000000	0.957280
105.000000	0.955794
110.000000	0.949801
115.000000	0.951219
120.000000	0.950994
125.000000	0.950726
130.000000	0.940313
135.000000	0.931788
140.000000	0.936448
145.000000	0.935782
150.000000	0.923856
155.000000	0.915037
160.000000	0.931887
165.000000	0.922212
170.000000	0.910645
175.000000	0.914015
180.000000	0.927959
185.000000	0.917133
190.000000	0.924540
195.000000	0.915011
200.000000	0.926622
205.000000	0.946999
210.000000	0.941718
215.000000	0.934648
220.000000	0.967981
225.000000	0.965711
230.000000	0.961562
235.000000	0.993683
240.000000	0.996547
245.000000	0.991097
250.000000	1.000000
255.000000	0.994893
