0.000000	0.805679
5.000000	0.804825
10.000000	0.804511
15.000000	0.805008
20.000000	0.804060
25.000000	0.803674
30.000000	0.804787
35.000000	0.803936
40.000000	0.803612
45.000000	0.803605
50.000000	0.804122
55.000000	0.805755
60.000000	0.805237
65.000000	0.807598
70.000000	0.807377
75.000000	0.809129
80.000000	0.810270
85.000000	0.812624
90.000000	0.816936
95.000000	0.818153
100.000000	0.820880
105.000000	0.828171
110.000000	0.831502
115.000000	0.834611
120.000000	0.839671
125.000000	0.845704
130.000000	0.858140
135.000000	0.862767
140.000000	0.875108
145.000000	0.881005
150.000000	0.888240
155.000000	0.906406
160.000000	0.916135
165.000000	0.923205
170.000000	0.934187
175.000000	0.955506
180.000000	0.961803
185.000000	0.966391
190.000000	0.977860
195.000000	0.983849
200.000000	0.986457
205.000000	1.000000
210.000000	0.992109
215.000000	0.992024
220.000000	0.975833
225.000000	0.955189
230.000000	0.942572
235.000000	0.917453
240.000000	0.885672
245.000000	0.854542
250.000000	0.817923
255.000000	0.784129
