0.000000	0.897959
5.000000	0.898677
10.000000	0.899806
15.000000	0.901099
20.000000	0.902068
25.000000	0.903821
30.000000	0.905259
35.000000	0.907566
40.000000	0.908812
45.000000	0.910932
50.000000	0.913220
55.000000	0.915599
60.000000	0.917959
65.000000	0.920727
70.000000	0.924810
75.000000	0.927578
80.000000	0.930407
85.000000	0.934631
90.000000	0.938088
95.000000	0.944349
100.000000	0.948060
105.000000	0.951258
110.000000	0.955846
115.000000	0.963442
120.000000	0.965898
125.000000	0.969530
130.000000	0.978134
135.000000	0.982291
140.000000	0.983972
145.000000	0.986462
150.000000	0.989886
155.000000	0.998157
160.000000	0.999950
165.000000	0.996534
170.000000	0.993452
175.000000	1.000000
180.000000	0.991963
185.000000	0.980336
190.000000	0.975137
195.000000	0.966532
200.000000	0.946541
205.000000	0.924329
210.000000	0.908430
215.000000	0.884650
220.000000	0.854421
225.000000	0.826266
230.000000	0.793397
235.000000	0.759546
240.000000	0.726815
245.000000	0.693680
250.000000	0.662943
255.000000	0.634927
