0.000000	0.198002
5.000000	0.198021
10.000000	0.198917
15.000000	0.199498
20.000000	0.200272
25.000000	0.199846
30.000000	0.202265
35.000000	0.203532
40.000000	0.203970
45.000000	0.205539
50.000000	0.207059
55.000000	0.208362
60.000000	0.209644
65.000000	0.211749
70.000000	0.214046
75.000000	0.215997
80.000000	0.218008
85.000000	0.220846
90.000000	0.223974
95.000000	0.226104
100.000000	0.229627
105.000000	0.233113
110.000000	0.237117
115.000000	0.241784
120.000000	0.245880
125.000000	0.251000
130.000000	0.256781
135.000000	0.264683
140.000000	0.271077
145.000000	0.279027
150.000000	0.289621
155.000000	0.299705
160.000000	0.310133
165.000000	0.325093
170.000000	0.338404
175.000000	0.357927
180.000000	0.378440
185.000000	0.396922
190.000000	0.418625
195.000000	0.452999
200.000000	0.482273
205.000000	0.510928
210.000000	0.551630
215.000000	0.596973
220.000000	0.638392
225.000000	0.677676
230.000000	0.737465
235.000000	0.790231
240.000000	0.836595
245.000000	0.894873
250.000000	0.940271
255.000000	1.000000
