0.000000	0.281702
5.000000	0.282275
10.000000	0.283839
15.000000	0.285104
20.000000	0.285737
25.000000	0.287464
30.000000	0.288386
35.000000	0.290306
40.000000	0.291740
45.000000	0.292852
50.000000	0.295054
55.000000	0.297549
60.000000	0.299350
65.000000	0.301708
70.000000	0.304676
75.000000	0.307650
80.000000	0.310896
85.000000	0.313960
90.000000	0.317825
95.000000	0.322540
100.000000	0.327954
105.000000	0.331441
110.000000	0.337770
115.000000	0.344224
120.000000	0.351875
125.000000	0.360666
130.000000	0.366839
135.000000	0.377513
140.000000	0.390290
145.000000	0.401614
150.000000	0.414895
155.000000	0.431776
160.000000	0.449496
165.000000	0.466817
170.000000	0.487714
175.000000	0.508711
180.000000	0.535257
185.000000	0.562064
190.000000	0.588744
195.000000	0.620889
200.000000	0.653828
205.000000	0.686316
210.000000	0.723071
215.000000	0.757416
220.000000	0.794507
225.000000	0.831006
230.000000	0.865208
235.000000	0.897715
240.000000	0.927985
245.000000	0.957869
250.000000	0.981191
255.000000	1.000000
