0.000000	1.000000
5.000000	0.996741
10.000000	0.993664
15.000000	0.991924
20.000000	0.987347
25.000000	0.983025
30.000000	0.979527
35.000000	0.974613
40.000000	0.968432
45.000000	0.962165
50.000000	0.958969
55.000000	0.950784
60.000000	0.942962
65.000000	0.935322
70.000000	0.929351
75.000000	0.917766
80.000000	0.906050
85.000000	0.894779
90.000000	0.882018
95.000000	0.867886
100.000000	0.856721
105.000000	0.837849
110.000000	0.819015
115.000000	0.799734
120.000000	0.782473
125.000000	0.756111
130.000000	0.736459
135.000000	0.707628
140.000000	0.678779
145.000000	0.652214
150.000000	0.620983
155.000000	0.586947
160.000000	0.549718
165.000000	0.518603
170.000000	0.480394
175.000000	0.441831
180.000000	0.405503
185.000000	0.369348
190.000000	0.332903
195.000000	0.298955
200.000000	0.265015
205.000000	0.237385
210.000000	0.211304
215.000000	0.193866
220.000000	0.181813
225.000000	0.172835
230.000000	0.174210
235.000000	0.184146
240.000000	0.199011
245.000000	0.221441
250.000000	0.251313
255.000000	0.284711
