0.000000	0.035682
5.000000	0.036037
10.000000	0.036474
15.000000	0.036816
20.000000	0.037032
25.000000	0.037756
30.000000	0.038330
35.000000	0.038836
40.000000	0.039631
45.000000	0.040453
50.000000	0.041274
55.000000	0.042536
60.000000	0.043642
65.000000	0.044812
70.000000	0.046172
75.000000	0.048352
80.000000	0.050655
85.000000	0.052937
90.000000	0.055279
95.000000	0.058152
100.000000	0.062359
105.000000	0.067300
110.000000	0.070047
115.000000	0.076882
120.000000	0.084803
125.000000	0.091733
130.000000	0.100025
135.000000	0.111772
140.000000	0.124071
145.000000	0.135914
150.000000	0.151631
155.000000	0.169354
160.000000	0.189646
165.000000	0.210577
170.000000	0.236422
175.000000	0.265431
180.000000	0.295239
185.000000	0.328763
190.000000	0.366675
195.000000	0.406938
200.000000	0.452534
205.000000	0.497550
210.000000	0.548504
215.000000	0.598969
220.000000	0.652841
225.000000	0.708379
230.000000	0.760943
235.000000	0.812037
240.000000	0.865392
245.000000	0.912319
250.000000	0.960464
255.000000	1.000000
