0.000000	1.000000
5.000000	0.999004
10.000000	0.998771
15.000000	0.999401
20.000000	0.997754
25.000000	0.997166
30.000000	0.998218
35.000000	0.996946
40.000000	0.997513
45.000000	0.994997
50.000000	0.994087
55.000000	0.996194
60.000000	0.994230
65.000000	0.992131
70.000000	0.990818
75.000000	0.989902
80.000000	0.993723
85.000000	0.988077
90.000000	0.991038
95.000000	0.985814
100.000000	0.982505
105.000000	0.988711
110.000000	0.983785
115.000000	0.977839
120.000000	0.977543
125.000000	0.972258
130.000000	0.982184
135.000000	0.975493
140.000000	0.975423
145.000000	0.972899
150.000000	0.961844
155.000000	0.953033
160.000000	0.969247
165.000000	0.956831
170.000000	0.957183
175.000000	0.940665
180.000000	0.926501
185.000000	0.944949
190.000000	0.928923
195.000000	0.907750
200.000000	0.908252
205.000000	0.908017
210.000000	0.883107
215.000000	0.856232
220.000000	0.862964
225.000000	0.836537
230.000000	0.804732
235.000000	0.800509
240.000000	0.770954
245.000000	0.735117
250.000000	0.712077
255.000000	0.678044
