0.000000	0.731806
5.000000	0.729487
10.000000	0.728421
15.000000	0.725483
20.000000	0.724323
25.000000	0.721041
30.000000	0.715978
35.000000	0.711744
40.000000	0.711519
45.000000	0.706047
50.000000	0.700713
55.000000	0.692969
60.000000	0.687110
65.000000	0.686692
70.000000	0.676465
75.000000	0.667864
80.000000	0.663597
85.000000	0.657247
90.000000	0.645311
95.000000	0.634575
100.000000	0.634619
105.000000	0.620225
110.000000	0.605874
115.000000	0.597465
120.000000	0.582618
125.000000	0.584726
130.000000	0.569938
135.000000	0.558838
140.000000	0.541071
145.000000	0.524716
150.000000	0.516433
155.000000	0.519361
160.000000	0.511227
165.000000	0.496103
170.000000	0.485716
175.000000	0.504478
180.000000	0.497966
185.000000	0.493246
190.000000	0.511751
195.000000	0.533725
200.000000	0.537225
205.000000	0.577913
210.000000	0.598045
215.000000	0.619122
220.000000	0.677918
225.000000	0.722799
230.000000	0.756444
235.000000	0.796610
240.000000	0.868537
245.000000	0.912541
250.000000	0.947460
255.000000	1.000000
