0.000000	1.000000
5.000000	0.996633
10.000000	0.995158
15.000000	0.990737
20.000000	0.986907
25.000000	0.984039
30.000000	0.978511
35.000000	0.976387
40.000000	0.970719
45.000000	0.965402
50.000000	0.961792
55.000000	0.955217
60.000000	0.947713
65.000000	0.940121
70.000000	0.936918
75.000000	0.926280
80.000000	0.918436
85.000000	0.906131
90.000000	0.894127
95.000000	0.888795
100.000000	0.872993
105.000000	0.856849
110.000000	0.846695
115.000000	0.831785
120.000000	0.810632
125.000000	0.790265
130.000000	0.777747
135.000000	0.753136
140.000000	0.727047
145.000000	0.702752
150.000000	0.681996
155.000000	0.650112
160.000000	0.615229
165.000000	0.591524
170.000000	0.553373
175.000000	0.524503
180.000000	0.483899
185.000000	0.443069
190.000000	0.415410
195.000000	0.376702
200.000000	0.339424
205.000000	0.301077
210.000000	0.265630
215.000000	0.231063
220.000000	0.201918
225.000000	0.176528
230.000000	0.151395
235.000000	0.129845
240.000000	0.116968
245.000000	0.105074
250.000000	0.096340
255.000000	0.091534
