0.000000	0.570383
5.000000	0.564508
10.000000	0.561679
15.000000	0.552823
20.000000	0.545099
25.000000	0.537754
30.000000	0.533220
35.000000	0.522463
40.000000	0.512544
45.000000	0.507730
50.000000	0.497262
55.000000	0.485183
60.000000	0.474591
65.000000	0.469182
70.000000	0.454868
75.000000	0.442155
80.000000	0.433986
85.000000	0.419137
90.000000	0.412088
95.000000	0.401653
100.000000	0.387780
105.000000	0.373474
110.000000	0.363669
115.000000	0.351031
120.000000	0.345910
125.000000	0.336997
130.000000	0.335435
135.000000	0.324899
140.000000	0.326237
145.000000	0.327030
150.000000	0.337974
155.000000	0.342376
160.000000	0.351845
165.000000	0.373508
170.000000	0.396450
175.000000	0.417652
180.000000	0.446124
185.000000	0.491494
190.000000	0.527684
195.000000	0.566787
200.000000	0.619789
205.000000	0.664813
210.000000	0.733125
215.000000	0.781050
220.000000	0.824971
225.000000	0.874440
230.000000	0.921834
235.000000	0.950576
240.000000	0.968919
245.000000	0.994350
250.000000	1.000000
255.000000	0.993169
