0.000000	1.000000
5.000000	0.999272
10.000000	0.998846
15.000000	0.997822
20.000000	0.996966
25.000000	0.996037
30.000000	0.996067
35.000000	0.993992
40.000000	0.992151
45.000000	0.990615
50.000000	0.990369
55.000000	0.987419
60.000000	0.984770
65.000000	0.983988
70.000000	0.979487
75.000000	0.975917
80.000000	0.972471
85.000000	0.969938
90.000000	0.965942
95.000000	0.961606
100.000000	0.955411
105.000000	0.947887
110.000000	0.938305
115.000000	0.932859
120.000000	0.920990
125.000000	0.908131
130.000000	0.902546
135.000000	0.886636
140.000000	0.872697
145.000000	0.851771
150.000000	0.829063
155.000000	0.817082
160.000000	0.791290
165.000000	0.759714
170.000000	0.734280
175.000000	0.707798
180.000000	0.668798
185.000000	0.629688
190.000000	0.598226
195.000000	0.556362
200.000000	0.511270
205.000000	0.468470
210.000000	0.418027
215.000000	0.372650
220.000000	0.327842
225.000000	0.283846
230.000000	0.240679
235.000000	0.199858
240.000000	0.163110
245.000000	0.130488
250.000000	0.102551
255.000000	0.079604
