0.000000	0.203530
5.000000	0.201327
10.000000	0.200222
15.000000	0.198453
20.000000	0.196579
25.000000	0.196220
30.000000	0.194384
35.000000	0.192837
40.000000	0.188560
45.000000	0.191915
50.000000	0.190392
55.000000	0.189842
60.000000	0.189606
65.000000	0.190069
70.000000	0.191352
75.000000	0.192116
80.000000	0.194035
85.000000	0.198483
90.000000	0.201840
95.000000	0.206519
100.000000	0.213087
105.000000	0.221717
110.000000	0.232302
115.000000	0.242450
120.000000	0.256160
125.000000	0.272423
130.000000	0.292767
135.000000	0.313413
140.000000	0.337734
145.000000	0.372925
150.000000	0.403502
155.000000	0.436210
160.000000	0.478523
165.000000	0.530746
170.000000	0.574098
175.000000	0.619164
180.000000	0.675814
185.000000	0.733089
190.000000	0.776232
195.000000	0.819497
200.000000	0.885693
205.000000	0.923676
210.000000	0.963456
215.000000	0.978017
220.000000	0.981832
225.000000	1.000000
230.000000	0.987539
235.000000	0.952766
240.000000	0.911984
245.000000	0.869830
250.000000	0.809420
255.000000	0.745752
