0.000000	0.029847
5.000000	0.030151
10.000000	0.030811
15.000000	0.031348
20.000000	0.031678
25.000000	0.032362
30.000000	0.033143
35.000000	0.034001
40.000000	0.034397
45.000000	0.035555
50.000000	0.036702
55.000000	0.037740
60.000000	0.039158
65.000000	0.040480
70.000000	0.041624
75.000000	0.043985
80.000000	0.045547
85.000000	0.047583
90.000000	0.050152
95.000000	0.052909
100.000000	0.056482
105.000000	0.060589
110.000000	0.063596
115.000000	0.068494
120.000000	0.074580
125.000000	0.080787
130.000000	0.087342
135.000000	0.096329
140.000000	0.106029
145.000000	0.116973
150.000000	0.129385
155.000000	0.143134
160.000000	0.160590
165.000000	0.179087
170.000000	0.200928
175.000000	0.225831
180.000000	0.255244
185.000000	0.285667
190.000000	0.319851
195.000000	0.356883
200.000000	0.403137
205.000000	0.447334
210.000000	0.496188
215.000000	0.550625
220.000000	0.610800
225.000000	0.663396
230.000000	0.717750
235.000000	0.778669
240.000000	0.840524
245.000000	0.894503
250.000000	0.955607
255.000000	1.000000
