0.000000	1.000000
5.000000	0.995586
10.000000	0.984700
15.000000	0.978760
20.000000	0.968392
25.000000	0.957605
30.000000	0.949325
35.000000	0.937438
40.000000	0.916524
45.000000	0.908687
50.000000	0.901880
55.000000	0.886755
60.000000	0.871212
65.000000	0.860528
70.000000	0.843445
75.000000	0.826199
80.000000	0.808832
85.000000	0.789927
90.000000	0.777052
95.000000	0.758357
100.000000	0.738819
105.000000	0.716763
110.000000	0.695005
115.000000	0.677191
120.000000	0.659140
125.000000	0.639079
130.000000	0.614828
135.000000	0.593122
140.000000	0.574679
145.000000	0.551003
150.000000	0.526351
155.000000	0.507340
160.000000	0.481746
165.000000	0.455248
170.000000	0.425861
175.000000	0.399796
180.000000	0.370319
185.000000	0.339787
190.000000	0.316276
195.000000	0.277615
200.000000	0.240920
205.000000	0.212281
210.000000	0.178996
215.000000	0.150925
220.000000	0.123183
225.000000	0.105973
230.000000	0.097748
235.000000	0.104719
240.000000	0.129112
245.000000	0.173557
250.000000	0.236100
255.000000	0.307011
