0.000000	1.000000
5.000000	0.997744
10.000000	0.996710
15.000000	0.993724
20.000000	0.991178
25.000000	0.986091
30.000000	0.984460
35.000000	0.978966
40.000000	0.974548
45.000000	0.971506
50.000000	0.965607
55.000000	0.957379
60.000000	0.949317
65.000000	0.946507
70.000000	0.938244
75.000000	0.928991
80.000000	0.918181
85.000000	0.908089
90.000000	0.898069
95.000000	0.890154
100.000000	0.872486
105.000000	0.861752
110.000000	0.840370
115.000000	0.825939
120.000000	0.806997
125.000000	0.795328
130.000000	0.771793
135.000000	0.746845
140.000000	0.722873
145.000000	0.701925
150.000000	0.673194
155.000000	0.641495
160.000000	0.617435
165.000000	0.585065
170.000000	0.548136
175.000000	0.516912
180.000000	0.477198
185.000000	0.446346
190.000000	0.411634
195.000000	0.373960
200.000000	0.337225
205.000000	0.305005
210.000000	0.272274
215.000000	0.243806
220.000000	0.213756
225.000000	0.189781
230.000000	0.165830
235.000000	0.155611
240.000000	0.141642
245.000000	0.134105
250.000000	0.129665
255.000000	0.128925
