0.000000	1.000000
5.000000	0.999221
10.000000	0.998314
15.000000	0.997366
20.000000	0.992973
25.000000	0.991501
30.000000	0.991561
35.000000	0.987715
40.000000	0.985696
45.000000	0.983031
50.000000	0.979235
55.000000	0.972972
60.000000	0.969925
65.000000	0.963740
70.000000	0.963375
75.000000	0.956656
80.000000	0.948839
85.000000	0.942555
90.000000	0.932693
95.000000	0.928505
100.000000	0.920714
105.000000	0.908289
110.000000	0.895089
115.000000	0.881077
120.000000	0.876874
125.000000	0.858163
130.000000	0.838215
135.000000	0.830325
140.000000	0.809817
145.000000	0.791075
150.000000	0.761704
155.000000	0.731120
160.000000	0.717020
165.000000	0.686563
170.000000	0.648231
175.000000	0.615211
180.000000	0.594987
185.000000	0.556459
190.000000	0.516193
195.000000	0.491084
200.000000	0.442663
205.000000	0.426605
210.000000	0.392311
215.000000	0.386194
220.000000	0.369523
225.000000	0.358098
230.000000	0.365599
235.000000	0.369367
240.000000	0.405173
245.000000	0.431942
250.000000	0.486777
255.000000	0.539570
