0.000000	0.996128
5.000000	0.997253
10.000000	0.996374
15.000000	0.996556
20.000000	0.997162
25.000000	0.998506
30.000000	1.000000
35.000000	0.997867
40.000000	0.997628
45.000000	0.997355
50.000000	0.999871
55.000000	0.997100
60.000000	0.996233
65.000000	0.999766
70.000000	0.996470
75.000000	0.992350
80.000000	0.989635
85.000000	0.994178
90.000000	0.985791
95.000000	0.979798
100.000000	0.979857
105.000000	0.968730
110.000000	0.962142
115.000000	0.966902
120.000000	0.947879
125.000000	0.947950
130.000000	0.928435
135.000000	0.909341
140.000000	0.896729
145.000000	0.881756
150.000000	0.875824
155.000000	0.844900
160.000000	0.812322
165.000000	0.809914
170.000000	0.777621
175.000000	0.736231
180.000000	0.701552
185.000000	0.695574
190.000000	0.652369
195.000000	0.608333
200.000000	0.595658
205.000000	0.572218
210.000000	0.534058
215.000000	0.505016
220.000000	0.495345
225.000000	0.505788
230.000000	0.512297
235.000000	0.513986
240.000000	0.529408
245.000000	0.580483
250.000000	0.618964
255.000000	0.659696
