0.000000	1.000000
5.000000	0.999456
10.000000	0.999220
15.000000	0.997001
20.000000	0.995979
25.000000	0.995477
30.000000	0.995511
35.000000	0.994014
40.000000	0.992950
45.000000	0.992055
50.000000	0.992686
55.000000	0.990830
60.000000	0.989696
65.000000	0.990029
70.000000	0.988463
75.000000	0.986811
80.000000	0.983277
85.000000	0.984246
90.000000	0.980281
95.000000	0.975885
100.000000	0.975087
105.000000	0.968002
110.000000	0.968650
115.000000	0.961182
120.000000	0.955150
125.000000	0.946288
130.000000	0.938365
135.000000	0.935510
140.000000	0.920726
145.000000	0.910484
150.000000	0.893019
155.000000	0.877174
160.000000	0.868496
165.000000	0.843360
170.000000	0.816608
175.000000	0.799475
180.000000	0.773389
185.000000	0.739903
190.000000	0.703791
195.000000	0.680752
200.000000	0.639749
205.000000	0.596134
210.000000	0.555686
215.000000	0.511305
220.000000	0.472484
225.000000	0.427537
230.000000	0.380423
235.000000	0.337883
240.000000	0.295738
245.000000	0.255783
250.000000	0.219535
255.000000	0.186560
