0.000000	0.699255
5.000000	0.700260
10.000000	0.701055
15.000000	0.702500
20.000000	0.703560
25.000000	0.705338
30.000000	0.707087
35.000000	0.708709
40.000000	0.711044
45.000000	0.713493
50.000000	0.715978
55.000000	0.718992
60.000000	0.721194
65.000000	0.724940
70.000000	0.728523
75.000000	0.732943
80.000000	0.736859
85.000000	0.741826
90.000000	0.746987
95.000000	0.752878
100.000000	0.759995
105.000000	0.765755
110.000000	0.772143
115.000000	0.783128
120.000000	0.790665
125.000000	0.797864
130.000000	0.808720
135.000000	0.817618
140.000000	0.834336
145.000000	0.844875
150.000000	0.853650
155.000000	0.867764
160.000000	0.886425
165.000000	0.896176
170.000000	0.907312
175.000000	0.928608
180.000000	0.941775
185.000000	0.949350
190.000000	0.957867
195.000000	0.980705
200.000000	0.985342
205.000000	0.984521
210.000000	0.996239
215.000000	1.000000
220.000000	0.997260
225.000000	0.987206
230.000000	0.969558
235.000000	0.960025
240.000000	0.937438
245.000000	0.915946
250.000000	0.892471
255.000000	0.863203
