0.000000	0.812657
5.000000	0.814032
10.000000	0.811866
15.000000	0.811804
20.000000	0.809372
25.000000	0.808530
30.000000	0.810043
35.000000	0.806898
40.000000	0.804576
45.000000	0.802262
50.000000	0.803402
55.000000	0.800002
60.000000	0.797840
65.000000	0.801682
70.000000	0.798523
75.000000	0.795266
80.000000	0.793489
85.000000	0.798000
90.000000	0.792301
95.000000	0.788827
100.000000	0.787626
105.000000	0.786336
110.000000	0.793478
115.000000	0.787276
120.000000	0.788585
125.000000	0.783527
130.000000	0.783477
135.000000	0.782209
140.000000	0.798760
145.000000	0.795657
150.000000	0.791840
155.000000	0.798211
160.000000	0.817209
165.000000	0.826341
170.000000	0.815166
175.000000	0.841886
180.000000	0.850414
185.000000	0.849780
190.000000	0.857044
195.000000	0.897868
200.000000	0.904734
205.000000	0.904553
210.000000	0.938811
215.000000	0.962680
220.000000	0.965255
225.000000	0.963460
230.000000	0.997824
235.000000	1.000000
240.000000	0.988768
245.000000	0.989362
250.000000	0.991183
255.000000	0.971342
