0.000000	0.998788
5.000000	0.999080
10.000000	1.000000
15.000000	0.998306
20.000000	0.997265
25.000000	0.995635
30.000000	0.994567
35.000000	0.992794
40.000000	0.994683
45.000000	0.991144
50.000000	0.988623
55.000000	0.987063
60.000000	0.988389
65.000000	0.983605
70.000000	0.980183
75.000000	0.982771
80.000000	0.977617
85.000000	0.971974
90.000000	0.967712
95.000000	0.971737
100.000000	0.968909
105.000000	0.961725
110.000000	0.960427
115.000000	0.950168
120.000000	0.947230
125.000000	0.937027
130.000000	0.934598
135.000000	0.934665
140.000000	0.919623
145.000000	0.905687
150.000000	0.913853
155.000000	0.895943
160.000000	0.893608
165.000000	0.871820
170.000000	0.851040
175.000000	0.859427
180.000000	0.838617
185.000000	0.810616
190.000000	0.792499
195.000000	0.789940
200.000000	0.756571
205.000000	0.720862
210.000000	0.709756
215.000000	0.683651
220.000000	0.652475
225.000000	0.613093
230.000000	0.568332
235.000000	0.535299
240.000000	0.498472
245.000000	0.467251
250.000000	0.426520
255.000000	0.386355
