0.000000	0.979880
5.000000	0.980310
10.000000	0.981208
15.000000	0.981616
20.000000	0.981679
25.000000	0.983341
30.000000	0.983729
35.000000	0.984910
40.000000	0.985862
45.000000	0.987170
50.000000	0.988358
55.000000	0.988887
60.000000	0.988947
65.000000	0.988940
70.000000	0.990334
75.000000	0.992362
80.000000	0.993368
85.000000	0.994457
90.000000	0.995597
95.000000	0.996645
100.000000	0.996841
105.000000	0.997802
110.000000	0.998181
115.000000	0.998442
120.000000	0.998737
125.000000	1.000000
130.000000	0.998946
135.000000	0.998061
140.000000	0.997269
145.000000	0.997391
150.000000	0.995524
155.000000	0.993815
160.000000	0.993236
165.000000	0.990063
170.000000	0.985868
175.000000	0.980988
180.000000	0.977515
185.000000	0.969619
190.000000	0.959933
195.000000	0.950771
200.000000	0.940016
205.000000	0.926034
210.000000	0.909902
215.000000	0.895609
220.000000	0.876189
225.000000	0.856270
230.000000	0.836217
235.000000	0.813462
240.000000	0.790361
245.000000	0.767478
250.000000	0.745506
255.000000	0.724581
