0.000000	1.000000
5.000000	0.996979
10.000000	0.997212
15.000000	0.993862
20.000000	0.988242
25.000000	0.982714
30.000000	0.977771
35.000000	0.977432
40.000000	0.968693
45.000000	0.961933
50.000000	0.959173
55.000000	0.951794
60.000000	0.941336
65.000000	0.933524
70.000000	0.923001
75.000000	0.918580
80.000000	0.907075
85.000000	0.890798
90.000000	0.875527
95.000000	0.863412
100.000000	0.856850
105.000000	0.838788
110.000000	0.820443
115.000000	0.793216
120.000000	0.790276
125.000000	0.760803
130.000000	0.730582
135.000000	0.717260
140.000000	0.696307
145.000000	0.657434
150.000000	0.624734
155.000000	0.617142
160.000000	0.579535
165.000000	0.538826
170.000000	0.510536
175.000000	0.496472
180.000000	0.455881
185.000000	0.418704
190.000000	0.414407
195.000000	0.390355
200.000000	0.351660
205.000000	0.344534
210.000000	0.356158
215.000000	0.354180
220.000000	0.360878
225.000000	0.379175
230.000000	0.394430
235.000000	0.417398
240.000000	0.475019
245.000000	0.517012
250.000000	0.579486
255.000000	0.632070
