0.000000	0.818544
5.000000	0.820996
10.000000	0.822919
15.000000	0.824506
20.000000	0.827053
25.000000	0.828205
30.000000	0.831527
35.000000	0.834906
40.000000	0.837148
45.000000	0.840552
50.000000	0.844763
55.000000	0.849125
60.000000	0.853331
65.000000	0.857035
70.000000	0.862368
75.000000	0.866398
80.000000	0.871032
85.000000	0.875817
90.000000	0.882113
95.000000	0.888247
100.000000	0.896157
105.000000	0.903247
110.000000	0.910368
115.000000	0.917530
120.000000	0.924396
125.000000	0.934531
130.000000	0.942194
135.000000	0.949019
140.000000	0.957945
145.000000	0.963985
150.000000	0.975053
155.000000	0.980427
160.000000	0.983053
165.000000	0.986431
170.000000	1.000000
175.000000	0.998275
180.000000	0.994195
185.000000	0.997983
190.000000	0.996764
195.000000	0.982196
200.000000	0.963267
205.000000	0.964926
210.000000	0.942247
215.000000	0.912344
220.000000	0.887157
225.000000	0.869296
230.000000	0.831652
235.000000	0.790163
240.000000	0.767468
245.000000	0.734240
250.000000	0.696977
255.000000	0.670149
