0.000000	0.234785
5.000000	0.237570
10.000000	0.240022
15.000000	0.242015
20.000000	0.245751
25.000000	0.249203
30.000000	0.251288
35.000000	0.255953
40.000000	0.260710
45.000000	0.265195
50.000000	0.269990
55.000000	0.275053
60.000000	0.281685
65.000000	0.288374
70.000000	0.293190
75.000000	0.302117
80.000000	0.310440
85.000000	0.318970
90.000000	0.327562
95.000000	0.338104
100.000000	0.350968
105.000000	0.359738
110.000000	0.372846
115.000000	0.388553
120.000000	0.402338
125.000000	0.416942
130.000000	0.436035
135.000000	0.455001
140.000000	0.474926
145.000000	0.495971
150.000000	0.519898
155.000000	0.541536
160.000000	0.566376
165.000000	0.595579
170.000000	0.623781
175.000000	0.651685
180.000000	0.682653
185.000000	0.712835
190.000000	0.743276
195.000000	0.775172
200.000000	0.805633
205.000000	0.837489
210.000000	0.865760
215.000000	0.890001
220.000000	0.917045
225.000000	0.939787
230.000000	0.958434
235.000000	0.972058
240.000000	0.984613
245.000000	0.991876
250.000000	0.997084
255.000000	1.000000
