0.000000	1.000000
5.000000	0.999179
10.000000	0.998898
15.000000	0.998866
20.000000	0.998466
25.000000	0.998148
30.000000	0.998406
35.000000	0.998975
40.000000	0.998667
45.000000	0.999019
50.000000	0.998432
55.000000	0.997161
60.000000	0.995244
65.000000	0.993869
70.000000	0.993375
75.000000	0.993084
80.000000	0.992357
85.000000	0.991190
90.000000	0.989701
95.000000	0.987453
100.000000	0.983417
105.000000	0.979775
110.000000	0.977945
115.000000	0.973167
120.000000	0.966319
125.000000	0.962234
130.000000	0.954842
135.000000	0.951283
140.000000	0.941536
145.000000	0.930200
150.000000	0.921654
155.000000	0.912350
160.000000	0.898277
165.000000	0.878970
170.000000	0.865007
175.000000	0.844406
180.000000	0.823220
185.000000	0.799125
190.000000	0.770296
195.000000	0.739865
200.000000	0.702248
205.000000	0.663836
210.000000	0.621435
215.000000	0.584396
220.000000	0.538024
225.000000	0.489506
230.000000	0.439640
235.000000	0.391866
240.000000	0.341284
245.000000	0.291261
250.000000	0.245282
255.000000	0.202699
