0.000000	1.000000
5.000000	0.997152
10.000000	0.994514
15.000000	0.994059
20.000000	0.992707
25.000000	0.990191
30.000000	0.987215
35.000000	0.985079
40.000000	0.982220
45.000000	0.978793
50.000000	0.976162
55.000000	0.974126
60.000000	0.970904
65.000000	0.965473
70.000000	0.962432
75.000000	0.957378
80.000000	0.954657
85.000000	0.948893
90.000000	0.944099
95.000000	0.938413
100.000000	0.934761
105.000000	0.930445
110.000000	0.923828
115.000000	0.917831
120.000000	0.912923
125.000000	0.905503
130.000000	0.901324
135.000000	0.894011
140.000000	0.887125
145.000000	0.880540
150.000000	0.874528
155.000000	0.868414
160.000000	0.862342
165.000000	0.856333
170.000000	0.851094
175.000000	0.846312
180.000000	0.842500
185.000000	0.841830
190.000000	0.838468
195.000000	0.834265
200.000000	0.832662
205.000000	0.829960
210.000000	0.826388
215.000000	0.825699
220.000000	0.827185
225.000000	0.823049
230.000000	0.817177
235.000000	0.816269
240.000000	0.810303
245.000000	0.799511
250.000000	0.789795
255.000000	0.776635
