0.000000	0.961580
5.000000	0.961094
10.000000	0.962620
15.000000	0.963931
20.000000	0.964728
25.000000	0.965997
30.000000	0.968096
35.000000	0.970035
40.000000	0.970768
45.000000	0.972546
50.000000	0.974189
55.000000	0.976310
60.000000	0.979214
65.000000	0.981002
70.000000	0.983555
75.000000	0.985823
80.000000	0.988633
85.000000	0.989988
90.000000	0.991581
95.000000	0.993505
100.000000	0.994730
105.000000	0.995259
110.000000	0.998247
115.000000	0.999261
120.000000	0.997352
125.000000	0.995625
130.000000	1.000000
135.000000	0.996106
140.000000	0.990341
145.000000	0.988094
150.000000	0.985070
155.000000	0.972938
160.000000	0.971566
165.000000	0.955743
170.000000	0.952701
175.000000	0.939776
180.000000	0.917049
185.000000	0.910282
190.000000	0.891604
195.000000	0.863204
200.000000	0.845799
205.000000	0.823392
210.000000	0.798479
215.000000	0.779750
220.000000	0.778430
225.000000	0.752559
230.000000	0.754712
235.000000	0.743121
240.000000	0.749900
245.000000	0.765522
250.000000	0.777965
255.000000	0.792997
