0.000000	0.900812
5.000000	0.901579
10.000000	0.902385
15.000000	0.903170
20.000000	0.903711
25.000000	0.904898
30.000000	0.906221
35.000000	0.907631
40.000000	0.910259
45.000000	0.910306
50.000000	0.912554
55.000000	0.913932
60.000000	0.915883
65.000000	0.919944
70.000000	0.920981
75.000000	0.924707
80.000000	0.928290
85.000000	0.932409
90.000000	0.934310
95.000000	0.937149
100.000000	0.941403
105.000000	0.949383
110.000000	0.951669
115.000000	0.957857
120.000000	0.960725
125.000000	0.965512
130.000000	0.976796
135.000000	0.977878
140.000000	0.979915
145.000000	0.991063
150.000000	0.988106
155.000000	1.000000
160.000000	0.996010
165.000000	0.990556
170.000000	0.998033
175.000000	0.994367
180.000000	0.979977
185.000000	0.963952
190.000000	0.963291
195.000000	0.939871
200.000000	0.907476
205.000000	0.882267
210.000000	0.851571
215.000000	0.809462
220.000000	0.760334
225.000000	0.716994
230.000000	0.668050
235.000000	0.614537
240.000000	0.565080
245.000000	0.516981
250.000000	0.469646
255.000000	0.432700
