0.000000	0.181943
5.000000	0.183515
10.000000	0.185975
15.000000	0.189221
20.000000	0.192229
25.000000	0.194315
30.000000	0.198432
35.000000	0.202452
40.000000	0.206044
45.000000	0.210037
50.000000	0.214774
55.000000	0.220743
60.000000	0.225315
65.000000	0.232065
70.000000	0.238300
75.000000	0.246190
80.000000	0.252789
85.000000	0.261891
90.000000	0.269679
95.000000	0.279590
100.000000	0.291755
105.000000	0.302024
110.000000	0.315989
115.000000	0.327937
120.000000	0.343367
125.000000	0.361441
130.000000	0.377052
135.000000	0.398384
140.000000	0.416802
145.000000	0.438562
150.000000	0.462719
155.000000	0.491843
160.000000	0.515492
165.000000	0.543427
170.000000	0.579341
175.000000	0.609555
180.000000	0.637661
185.000000	0.665370
190.000000	0.713390
195.000000	0.743134
200.000000	0.769971
205.000000	0.810793
210.000000	0.860376
215.000000	0.878899
220.000000	0.894521
225.000000	0.938288
230.000000	0.950506
235.000000	0.977370
240.000000	0.981513
245.000000	0.994091
250.000000	0.991278
255.000000	1.000000
