0.000000	1.000000
5.000000	0.996023
10.000000	0.990072
15.000000	0.984572
20.000000	0.982270
25.000000	0.974305
30.000000	0.967016
35.000000	0.959845
40.000000	0.952503
45.000000	0.949103
50.000000	0.938187
55.000000	0.927573
60.000000	0.919386
65.000000	0.912128
70.000000	0.898233
75.000000	0.885276
80.000000	0.878675
85.000000	0.862540
90.000000	0.845667
95.000000	0.830380
100.000000	0.820916
105.000000	0.800257
110.000000	0.779712
115.000000	0.768759
120.000000	0.748681
125.000000	0.722824
130.000000	0.699766
135.000000	0.687272
140.000000	0.659816
145.000000	0.630975
150.000000	0.612605
155.000000	0.591968
160.000000	0.562163
165.000000	0.532399
170.000000	0.520791
175.000000	0.495984
180.000000	0.468114
185.000000	0.452589
190.000000	0.441542
195.000000	0.422571
200.000000	0.405744
205.000000	0.408886
210.000000	0.405131
215.000000	0.400607
220.000000	0.407038
225.000000	0.423502
230.000000	0.433208
235.000000	0.445981
240.000000	0.471384
245.000000	0.494495
250.000000	0.513780
255.000000	0.533331
