0.000000	0.991019
5.000000	0.989720
10.000000	0.994203
15.000000	0.992653
20.000000	0.993988
25.000000	0.993856
30.000000	0.994622
35.000000	0.994292
40.000000	0.996291
45.000000	0.996544
50.000000	0.994539
55.000000	0.994647
60.000000	1.000000
65.000000	0.995658
70.000000	0.993207
75.000000	0.999542
80.000000	0.997939
85.000000	0.993107
90.000000	0.989583
95.000000	0.999444
100.000000	0.990018
105.000000	0.991476
110.000000	0.993783
115.000000	0.983740
120.000000	0.974630
125.000000	0.982694
130.000000	0.977972
135.000000	0.965247
140.000000	0.955648
145.000000	0.971052
150.000000	0.951310
155.000000	0.934075
160.000000	0.928128
165.000000	0.913483
170.000000	0.905136
175.000000	0.919897
180.000000	0.908014
185.000000	0.880716
190.000000	0.862307
195.000000	0.888798
200.000000	0.868566
205.000000	0.846945
210.000000	0.860842
215.000000	0.871256
220.000000	0.857718
225.000000	0.845969
230.000000	0.888589
235.000000	0.899226
240.000000	0.903002
245.000000	0.934936
250.000000	0.953119
255.000000	0.992534
