0.000000	0.652324
5.000000	0.653370
10.000000	0.654960
15.000000	0.655896
20.000000	0.657251
25.000000	0.659736
30.000000	0.662036
35.000000	0.664511
40.000000	0.666929
45.000000	0.668592
50.000000	0.672345
55.000000	0.676015
60.000000	0.679759
65.000000	0.682722
70.000000	0.687520
75.000000	0.692704
80.000000	0.695960
85.000000	0.701994
90.000000	0.708773
95.000000	0.715261
100.000000	0.720891
105.000000	0.729691
110.000000	0.738154
115.000000	0.746900
120.000000	0.755643
125.000000	0.766337
130.000000	0.778824
135.000000	0.789965
140.000000	0.803152
145.000000	0.816675
150.000000	0.830287
155.000000	0.845120
160.000000	0.862404
165.000000	0.877606
170.000000	0.893364
175.000000	0.911340
180.000000	0.925118
185.000000	0.941155
190.000000	0.961286
195.000000	0.970211
200.000000	0.977207
205.000000	0.994877
210.000000	1.000000
215.000000	0.995609
220.000000	0.989608
225.000000	0.983494
230.000000	0.983744
235.000000	0.968669
240.000000	0.950339
245.000000	0.922698
250.000000	0.890777
255.000000	0.868282
