0.000000	0.998756
5.000000	0.998668
10.000000	1.000000
15.000000	0.998537
20.000000	0.998409
25.000000	0.998927
30.000000	0.997579
35.000000	0.997636
40.000000	0.999361
45.000000	0.997890
50.000000	0.998118
55.000000	0.997292
60.000000	0.997219
65.000000	0.999331
70.000000	0.996567
75.000000	0.995369
80.000000	0.995007
85.000000	0.995601
90.000000	0.998218
95.000000	0.999562
100.000000	0.995155
105.000000	0.996892
110.000000	0.992289
115.000000	0.992186
120.000000	0.988453
125.000000	0.996070
130.000000	0.985987
135.000000	0.995180
140.000000	0.985451
145.000000	0.977671
150.000000	0.987874
155.000000	0.982641
160.000000	0.969159
165.000000	0.957596
170.000000	0.973062
175.000000	0.956905
180.000000	0.936772
185.000000	0.930446
190.000000	0.911095
195.000000	0.897208
200.000000	0.899225
205.000000	0.880184
210.000000	0.844022
215.000000	0.813123
220.000000	0.804094
225.000000	0.766917
230.000000	0.721457
235.000000	0.692254
240.000000	0.657237
245.000000	0.609215
250.000000	0.561692
255.000000	0.527913
