0.000000	0.000000	0.000000	0.000000	0.361654	0.352423	0.399878	0.444387
5.000000	0.012492	0.010201	-0.012492	0.362376	0.350705	0.399011	0.445134
10.000000	0.039799	0.022895	-0.039799	0.366847	0.349740	0.394496	0.444049
15.000000	0.035688	0.035844	-0.035688	0.364145	0.346666	0.393234	0.441842
20.000000	0.018422	0.050641	-0.018422	0.364093	0.348383	0.394337	0.439961
25.000000	0.022271	0.064068	0.022271	0.364017	0.351264	0.396796	0.435660
30.000000	0.071877	0.076096	0.071877	0.362560	0.351004	0.402685	0.431331
35.000000	0.093515	0.088961	0.093515	0.362717	0.349518	0.403773	0.425876
40.000000	0.690928	1.255233	-0.690928	0.362142	0.178603	0.347980	0.166782
45.000000	0.129779	0.113847	0.129779	0.364090	0.348667	0.406701	0.415161
50.000000	0.133702	0.125488	0.133702	0.364571	0.348226	0.403855	0.408871
55.000000	0.121027	0.133510	0.121027	0.364469	0.349350	0.401747	0.406081
60.000000	0.132152	0.141214	0.132152	0.363450	0.349337	0.401794	0.399460
65.000000	0.141953	0.152121	0.141953	0.365430	0.351758	0.399117	0.387075
70.000000	0.169188	0.163208	0.169188	0.362589	0.349870	0.394208	0.367823
75.000000	0.191860	0.173883	0.191860	0.364939	0.353441	0.398157	0.358506
80.000000	0.216033	0.185545	0.216033	0.362649	0.353422	0.397234	0.343931
85.000000	0.250982	0.202652	0.250982	0.363568	0.356229	0.395803	0.326842
90.000000	0.297441	0.221686	0.297441	0.361588	0.356637	0.396487	0.309438
95.000000	0.310633	0.226946	0.310633	0.363978	0.358772	0.394127	0.300292
100.000000	0.299003	0.227881	0.299003	0.363496	0.357486	0.394986	0.298205
105.000000	0.285479	0.229757	0.285479	0.363997	0.355936	0.401458	0.296469
110.000000	0.291243	0.234743	0.291243	0.364109	0.356483	0.399067	0.287946
115.000000	0.288480	0.235138	0.288480	0.362679	0.356365	0.403092	0.284830
120.000000	0.286756	0.234852	0.286756	0.366161	0.359753	0.400231	0.279683
125.000000	0.284521	0.233188	0.284521	0.363842	0.356879	0.404346	0.275236
130.000000	0.313816	0.241298	0.313816	0.364229	0.357118	0.402503	0.266056
135.000000	0.343324	0.252272	0.343324	0.363050	0.357392	0.400474	0.253870
140.000000	0.363959	0.256959	0.363959	0.363172	0.356218	0.397304	0.249630
145.000000	0.347561	0.251412	0.347561	0.363254	0.354609	0.401600	0.248500
150.000000	0.301876	0.240084	0.301876	0.364413	0.351297	0.407871	0.251602
155.000000	0.279302	0.235585	0.279302	0.366604	0.353096	0.410392	0.251534
160.000000	0.263081	0.231012	0.263081	0.366937	0.353584	0.411284	0.251153
165.000000	0.270677	0.233126	0.270677	0.367228	0.353290	0.411107	0.245630
170.000000	0.269071	0.230378	0.269071	0.364558	0.349840	0.411457	0.243251
175.000000	0.263949	0.227082	0.263949	0.366366	0.351272	0.415681	0.244425
180.000000	0.278776	0.230996	0.278776	0.364615	0.350657	0.415359	0.237618
185.000000	0.318172	0.243746	0.318172	0.365007	0.351814	0.410502	0.228938
190.000000	0.347012	0.252662	0.347012	0.362674	0.351136	0.406480	0.221580
195.000000	0.379746	0.261894	0.379746	0.362817	0.351896	0.402822	0.212813
200.000000	0.405849	0.270037	0.405849	0.365893	0.355990	0.403313	0.209495
205.000000	0.436626	0.278604	0.436626	0.363209	0.350206	0.414961	0.209856
210.000000	0.467196	0.288645	0.467196	0.365272	0.352345	0.406257	0.200585
215.000000	0.464941	0.286523	0.464941	0.366242	0.351601	0.407623	0.201049
220.000000	0.451597	0.281146	0.451597	0.365930	0.353817	0.402691	0.200243
225.000000	0.427346	0.273473	0.427346	0.364667	0.353414	0.405028	0.201106
230.000000	0.417016	0.269943	0.417016	0.365652	0.356189	0.407465	0.199878
235.000000	0.395297	0.263230	0.395297	0.363877	0.356559	0.404337	0.201397
240.000000	0.369066	0.254584	0.369066	0.363709	0.357106	0.408202	0.204191
245.000000	0.337510	0.242898	0.337510	0.363617	0.356734	0.414550	0.208404
250.000000	0.331529	0.241005	0.331529	0.363244	0.356373	0.412827	0.210547
255.000000	0.314337	0.236487	0.314337	0.362781	0.353051	0.411637	0.210266
