0.000000	0.463631
5.000000	0.462886
10.000000	0.463916
15.000000	0.463279
20.000000	0.460708
25.000000	0.463300
30.000000	0.462995
35.000000	0.463686
40.000000	0.464009
45.000000	0.463591
50.000000	0.463502
55.000000	0.462380
60.000000	0.463827
65.000000	0.462650
70.000000	0.460733
75.000000	0.460439
80.000000	0.461957
85.000000	0.461603
90.000000	0.461673
95.000000	0.462488
100.000000	0.460839
105.000000	0.459533
110.000000	0.457368
115.000000	0.455925
120.000000	0.455503
125.000000	0.455731
130.000000	0.455086
135.000000	0.452976
140.000000	0.450786
145.000000	0.450517
150.000000	0.449260
155.000000	0.446040
160.000000	0.443572
165.000000	0.441485
170.000000	0.439154
175.000000	0.439520
180.000000	0.440420
185.000000	0.439999
190.000000	0.441624
195.000000	0.449208
200.000000	0.454778
205.000000	0.468070
210.000000	0.483400
215.000000	0.499390
220.000000	0.537359
225.000000	0.572210
230.000000	0.613680
235.000000	0.678494
240.000000	0.750581
245.000000	0.821204
250.000000	0.908014
255.000000	1.000000
