0.000000	0.998890
5.000000	0.999068
10.000000	0.998528
15.000000	0.998221
20.000000	0.999055
25.000000	0.999441
30.000000	0.998651
35.000000	0.998506
40.000000	0.998267
45.000000	0.998095
50.000000	0.998231
55.000000	0.998369
60.000000	0.998279
65.000000	0.998326
70.000000	0.999015
75.000000	0.998942
80.000000	0.998593
85.000000	0.998096
90.000000	0.999118
95.000000	0.998626
100.000000	0.999742
105.000000	0.998864
110.000000	1.000000
115.000000	0.998546
120.000000	0.998345
125.000000	0.998391
130.000000	0.999583
135.000000	0.997038
140.000000	0.998324
145.000000	0.996370
150.000000	0.994855
155.000000	0.994522
160.000000	0.994275
165.000000	0.988879
170.000000	0.990438
175.000000	0.982286
180.000000	0.983160
185.000000	0.969625
190.000000	0.970479
195.000000	0.958801
200.000000	0.941006
205.000000	0.931545
210.000000	0.900863
215.000000	0.868723
220.000000	0.841297
225.000000	0.794874
230.000000	0.753268
235.000000	0.683644
240.000000	0.619062
245.000000	0.550057
250.000000	0.466544
255.000000	0.371905
