0.000000	0.000000	0.000000	0.000000	0.680705	0.103263	0.571132	0.330507
5.000000	0.000918	0.086130	-0.000918	0.669299	0.089433	0.566176	0.315227
10.000000	0.067951	0.149978	0.067951	0.677359	0.078528	0.546290	0.320466
15.000000	0.340273	0.111096	0.340273	0.663304	0.123916	0.576823	0.299057
20.000000	0.373114	0.149904	0.373114	0.677017	0.091288	0.551550	0.300460
25.000000	0.445295	0.168152	0.445295	0.665248	0.079658	0.544930	0.289591
30.000000	0.348919	0.257871	0.348919	0.669846	0.037040	0.520086	0.280814
35.000000	0.687365	0.175420	0.687365	0.663306	0.106975	0.539946	0.275549
40.000000	0.627456	0.136607	0.627456	0.669790	0.043440	0.512851	0.268253
45.000000	0.864761	-0.082223	0.864761	0.665359	0.024684	0.499468	0.263908
50.000000	1.429341	-0.652109	1.429341	0.673601	0.031353	0.492245	0.257965
55.000000	1.052223	-0.116075	1.052223	0.674991	0.035845	0.499741	0.257269
60.000000	1.009417	0.008232	1.009417	0.673625	0.055539	0.498341	0.252847
65.000000	1.072739	0.049581	1.072739	0.670632	0.061670	0.497844	0.247844
70.000000	1.274432	-0.249590	1.274432	0.674863	0.051839	0.489324	0.249483
75.000000	1.518173	-0.707770	1.518173	0.672491	0.132494	0.465466	0.247787
80.000000	1.315774	-0.234101	1.315774	0.675030	0.054102	0.488009	0.243359
85.000000	1.544422	-0.534711	1.544422	0.673294	0.090623	0.481745	0.245425
90.000000	1.285544	-0.053415	1.285544	0.674299	0.068816	0.489011	0.240568
95.000000	1.269929	0.016225	1.269929	0.665651	0.067906	0.489390	0.237301
100.000000	1.281186	0.074816	1.281186	0.674796	0.088409	0.484205	0.235896
105.000000	1.453426	-0.182457	1.453426	0.676860	0.072360	0.490219	0.237856
110.000000	1.487331	-0.230479	1.487331	0.670557	0.085581	0.483807	0.237081
115.000000	1.539341	-0.283384	1.539341	0.674358	0.080781	0.488043	0.236479
120.000000	1.418136	-0.078874	1.418136	0.674426	0.083302	0.482348	0.234990
125.000000	1.442241	-0.117760	1.442241	0.669579	0.072264	0.488295	0.234493
130.000000	1.401636	0.068547	1.401636	0.674219	0.092585	0.488255	0.227952
135.000000	1.393542	0.076847	1.393542	0.669685	0.082416	0.491563	0.228315
140.000000	1.361234	0.199399	1.361234	0.675972	0.108614	0.489371	0.223639
145.000000	1.341455	0.225007	1.341455	0.666570	0.102912	0.492894	0.223261
150.000000	1.382141	0.231392	1.382141	0.673616	0.113850	0.487915	0.221567
155.000000	1.347091	0.323631	1.347091	0.667958	0.125406	0.489837	0.219941
160.000000	1.366529	0.257921	1.366529	0.679252	0.116523	0.489489	0.221184
165.000000	1.395036	0.197255	1.395036	0.678792	0.106529	0.491512	0.222258
170.000000	1.411500	0.161194	1.411500	0.674400	0.098340	0.491997	0.223016
175.000000	1.507457	-0.000607	1.507457	0.670629	0.094210	0.490363	0.225260
180.000000	1.493252	0.042960	1.493252	0.672139	0.084228	0.495066	0.224755
185.000000	1.463942	0.159439	1.463942	0.674960	0.101518	0.490850	0.220782
190.000000	1.447645	0.112647	1.447645	0.668520	0.088522	0.494141	0.223937
195.000000	1.436429	0.205712	1.436429	0.675172	0.108492	0.489333	0.220658
200.000000	1.464338	0.116201	1.464338	0.673275	0.088927	0.492456	0.223386
205.000000	1.551270	-0.075718	1.551270	0.677552	0.091242	0.490830	0.226760
210.000000	1.524855	0.004730	1.524855	0.677825	0.085315	0.491820	0.225524
215.000000	1.538598	-0.029026	1.538598	0.678867	0.086653	0.490564	0.226739
220.000000	1.548301	-0.060784	1.548301	0.678953	0.086400	0.490353	0.227696
225.000000	1.455383	0.109080	1.455383	0.673244	0.085088	0.490538	0.224355
230.000000	1.473129	0.060830	1.473129	0.680963	0.090051	0.489000	0.224994
235.000000	1.518243	0.043182	1.518243	0.676337	0.083226	0.490703	0.224265
240.000000	1.463331	0.034688	1.463331	0.679020	0.082837	0.490724	0.226897
245.000000	1.623159	-0.272698	1.623159	0.678967	0.096817	0.487837	0.233546
250.000000	1.510811	-0.041921	1.510811	0.673199	0.075769	0.490816	0.228486
255.000000	1.599057	-0.233731	1.599057	0.676436	0.094494	0.486475	0.233066
