0.000000	0.989114
5.000000	0.989798
10.000000	0.989583
15.000000	0.989096
20.000000	0.989382
25.000000	0.989504
30.000000	0.989276
35.000000	0.988865
40.000000	0.990091
45.000000	0.989198
50.000000	0.989630
55.000000	0.990582
60.000000	0.990388
65.000000	0.997188
70.000000	0.988738
75.000000	0.990196
80.000000	0.986261
85.000000	0.991807
90.000000	0.991863
95.000000	0.991070
100.000000	0.991972
105.000000	0.993528
110.000000	0.992777
115.000000	0.994333
120.000000	0.995147
125.000000	0.995692
130.000000	0.996914
135.000000	0.997610
140.000000	0.998864
145.000000	0.998522
150.000000	0.997863
155.000000	0.998165
160.000000	1.000000
165.000000	0.999419
170.000000	0.997559
175.000000	0.993881
180.000000	0.991050
185.000000	0.984281
190.000000	0.975624
195.000000	0.966571
200.000000	0.948342
205.000000	0.928916
210.000000	0.904822
215.000000	0.870894
220.000000	0.839355
225.000000	0.798757
230.000000	0.748733
235.000000	0.705371
240.000000	0.653058
245.000000	0.612772
250.000000	0.588012
255.000000	0.575153
