0.000000	0.000000	0.000000	0.000000	0.382036	0.459202	0.386531	0.364071
5.000000	0.005019	0.005019	0.000350	0.385172	0.464733	0.384864	0.363806
10.000000	0.034422	0.034422	0.026987	0.381852	0.459815	0.384240	0.362123
15.000000	0.068273	0.068273	0.047275	0.385366	0.466267	0.387786	0.360130
20.000000	0.096832	0.096832	0.043037	0.387421	0.474022	0.393482	0.354961
25.000000	0.131547	0.131547	0.068018	0.383870	0.472718	0.397710	0.349620
30.000000	0.178146	0.178146	0.116774	0.386283	0.473995	0.407722	0.342235
35.000000	0.240604	0.240604	0.201536	0.384840	0.467311	0.410748	0.321746
40.000000	0.332661	0.332661	0.345302	0.388845	0.462868	0.421222	0.306587
45.000000	0.413405	0.413405	0.454148	0.386816	0.453590	0.423312	0.293700
50.000000	0.528561	0.528561	0.614599	0.390584	0.441083	0.431398	0.280786
55.000000	0.626695	0.626695	0.707159	0.390594	0.441231	0.411957	0.232624
60.000000	0.776857	0.776857	0.872147	0.392599	0.438780	0.396202	0.225023
65.000000	0.905952	0.905952	1.018540	0.391893	0.431946	0.387517	0.228843
70.000000	1.003469	1.003469	1.090145	0.388540	0.438142	0.395883	0.243567
75.000000	1.071656	1.071656	1.076467	0.386903	0.462892	0.388624	0.252092
80.000000	1.114952	1.114952	1.077825	0.389779	0.473669	0.389349	0.281043
85.000000	1.153440	1.153440	1.090205	0.392274	0.482876	0.382725	0.285479
90.000000	1.209689	1.209689	1.181514	0.386889	0.468530	0.393872	0.298571
95.000000	1.223521	1.223521	1.166379	0.389181	0.476944	0.387204	0.307508
100.000000	1.254670	1.254670	1.214439	0.388015	0.471676	0.395710	0.320868
105.000000	1.295822	1.295822	1.281592	0.386946	0.466272	0.387094	0.317296
110.000000	1.323395	1.323395	1.321909	0.385868	0.461417	0.398463	0.331986
115.000000	1.351213	1.351213	1.363341	0.387617	0.462902	0.394901	0.335273
120.000000	1.372737	1.372737	1.402962	0.382465	0.452747	0.407193	0.350921
125.000000	1.379588	1.379588	1.384325	0.385687	0.461932	0.404312	0.349466
130.000000	1.366421	1.366421	1.320107	0.384472	0.469328	0.405814	0.350798
135.000000	1.359222	1.359222	1.268151	0.386096	0.478048	0.399925	0.347658
140.000000	1.376597	1.376597	1.286331	0.383799	0.476266	0.397342	0.348723
145.000000	1.397871	1.397871	1.310853	0.386020	0.478229	0.402161	0.353763
150.000000	1.405263	1.405263	1.308101	0.385914	0.479288	0.400581	0.353987
155.000000	1.410725	1.410725	1.309494	0.385894	0.480041	0.395054	0.348752
160.000000	1.429434	1.429434	1.347069	0.384404	0.473810	0.396728	0.350688
165.000000	1.461168	1.461168	1.424381	0.384681	0.465628	0.398814	0.356154
170.000000	1.280250	1.280250	2.423913	0.368934	0.210264	0.367946	0.321408
175.000000	1.475048	1.475048	1.436733	0.383067	0.468935	0.399403	0.358012
180.000000	1.474677	1.474677	1.412450	0.386754	0.475912	0.395241	0.353626
185.000000	1.481800	1.481800	1.408881	0.385365	0.477481	0.396418	0.354262
190.000000	1.486350	1.486350	1.414363	0.383489	0.475158	0.397667	0.356140
195.000000	1.472675	1.472675	1.364016	0.383669	0.480005	0.393245	0.350780
200.000000	1.480321	1.480321	1.386344	0.386192	0.478195	0.398615	0.354939
205.000000	1.458549	1.458549	1.290006	0.385534	0.482276	0.387590	0.343205
210.000000	1.453470	1.453470	1.257205	0.387598	0.485216	0.387793	0.341657
215.000000	1.446968	1.446968	1.226334	0.387859	0.482741	0.388813	0.343636
220.000000	1.441216	1.441216	1.195423	0.386915	0.476935	0.388618	0.341510
225.000000	1.449458	1.449458	1.187012	0.390255	0.476104	0.385118	0.338367
230.000000	1.488911	1.488911	1.312017	0.386422	0.483898	0.387229	0.343103
235.000000	1.485399	1.485399	1.297754	0.385013	0.483909	0.390645	0.345447
240.000000	1.484032	1.484032	1.286905	0.386046	0.481682	0.387398	0.342127
245.000000	1.466890	1.466890	1.220333	0.390519	0.480856	0.386080	0.339498
250.000000	1.471969	1.471969	1.211848	0.389881	0.476260	0.389955	0.342653
255.000000	1.502395	1.502395	1.301459	0.379200	0.475930	0.385631	0.341896
