0.000000	0.659480
5.000000	0.659635
10.000000	0.659387
15.000000	0.658226
20.000000	0.658814
25.000000	0.659324
30.000000	0.658874
35.000000	0.658591
40.000000	0.657449
45.000000	0.657780
50.000000	0.658185
55.000000	0.658383
60.000000	0.658559
65.000000	0.658416
70.000000	0.659061
75.000000	0.659219
80.000000	0.660456
85.000000	0.662489
90.000000	0.664219
95.000000	0.665213
100.000000	0.668022
105.000000	0.671229
110.000000	0.673821
115.000000	0.674272
120.000000	0.678267
125.000000	0.684723
130.000000	0.688614
135.000000	0.690865
140.000000	0.698385
145.000000	0.705689
150.000000	0.711541
155.000000	0.718937
160.000000	0.726710
165.000000	0.738664
170.000000	0.750328
175.000000	0.763877
180.000000	0.778747
185.000000	0.798164
190.000000	0.812078
195.000000	0.835131
200.000000	0.853799
205.000000	0.878621
210.000000	0.902995
215.000000	0.928494
220.000000	0.948746
225.000000	0.963400
230.000000	0.978265
235.000000	0.995625
240.000000	0.992515
245.000000	1.000000
250.000000	0.985399
255.000000	0.957108
