0.000000	0.000000	0.000000	0.000000	0.420774	0.099538	0.420287	0.232884
5.000000	0.220986	0.037346	0.220986	0.408878	0.080741	0.432420	0.236114
10.000000	0.194135	0.124586	0.194135	0.402898	0.084495	0.429930	0.239084
15.000000	0.343433	0.176770	0.343433	0.417006	0.076824	0.414788	0.236709
20.000000	0.391917	0.234898	0.391917	0.394326	0.066722	0.404773	0.238670
25.000000	0.348585	0.347352	0.348585	0.413577	0.071912	0.401537	0.230278
30.000000	0.346135	0.442125	0.346135	0.401342	0.071502	0.406047	0.231345
35.000000	0.431194	0.507886	0.431194	0.397854	0.052207	0.402347	0.232028
40.000000	0.447374	0.632491	0.447374	0.405889	0.049895	0.409634	0.232763
45.000000	0.845458	0.442771	0.845458	0.410841	0.015798	0.414944	0.233581
50.000000	0.823577	0.530095	0.823577	0.412776	0.014324	0.396038	0.220281
55.000000	0.403612	1.019772	0.403612	0.394637	0.012708	0.417314	0.230275
60.000000	0.561065	0.893581	0.561065	0.410962	0.017561	0.379453	0.209039
65.000000	0.377145	1.094774	0.377145	0.396850	0.036179	0.406714	0.221744
70.000000	0.278319	1.963359	-0.278319	0.415298	0.015403	0.373954	0.202503
75.000000	0.263138	1.359296	0.263138	0.395098	0.025585	0.399741	0.217773
80.000000	0.310162	1.369490	0.310162	0.410354	0.019124	0.377380	0.203906
85.000000	0.085754	1.682385	0.085754	0.413053	0.020444	0.383957	0.207812
90.000000	0.051862	1.772850	0.051862	0.413212	0.024210	0.379311	0.205572
95.000000	0.091226	1.756252	0.091226	0.412060	0.022482	0.383431	0.205371
100.000000	0.060974	2.090909	-0.060974	0.409998	0.066284	0.385361	0.212782
105.000000	0.051933	1.865448	0.051933	0.412785	0.031921	0.383147	0.209077
110.000000	0.039170	1.907653	0.039170	0.407878	0.042147	0.389584	0.211353
115.000000	0.129890	1.792150	0.129890	0.412430	0.033262	0.387741	0.209992
120.000000	0.279487	1.619276	0.279487	0.409859	0.029035	0.391037	0.209206
125.000000	0.336168	1.544771	0.336168	0.409551	0.042077	0.391127	0.210523
130.000000	0.423554	1.442645	0.423554	0.406645	0.039984	0.392639	0.209186
135.000000	0.356454	1.542828	0.356454	0.407768	0.047549	0.393120	0.211330
140.000000	0.353280	1.582575	0.353280	0.411854	0.040679	0.395657	0.212474
145.000000	0.360474	1.576147	0.360474	0.411278	0.045134	0.397419	0.212760
150.000000	0.395192	1.558941	0.395192	0.411715	0.040525	0.396795	0.212991
155.000000	0.343015	1.651110	0.343015	0.414494	0.040981	0.399959	0.213762
160.000000	0.259600	1.780961	0.259600	0.402055	0.045530	0.401530	0.213562
165.000000	0.332302	1.678608	0.332302	0.413155	0.035417	0.401503	0.213779
170.000000	0.382809	1.587403	0.382809	0.404844	0.052495	0.399587	0.214182
175.000000	0.412224	1.560220	0.412224	0.414957	0.044618	0.402569	0.213593
180.000000	0.393160	1.598172	0.393160	0.415350	0.045670	0.404907	0.213642
185.000000	0.236509	1.876398	0.236509	0.414487	0.041802	0.409799	0.212944
190.000000	0.207080	1.914441	0.207080	0.412894	0.036570	0.408304	0.213060
195.000000	0.357191	1.672181	0.357191	0.406201	0.049268	0.404957	0.213421
200.000000	0.465169	1.494735	0.465169	0.416084	0.053539	0.403974	0.213365
205.000000	0.422061	1.546817	0.422061	0.409883	0.057078	0.402755	0.213706
210.000000	0.455188	1.477229	0.455188	0.415008	0.058462	0.401841	0.213954
215.000000	0.488860	1.433351	0.488860	0.413497	0.057293	0.403376	0.213144
220.000000	0.440999	1.484618	0.440999	0.407155	0.065258	0.400634	0.213878
225.000000	0.472518	1.468647	0.472518	0.410451	0.052296	0.403416	0.213283
230.000000	0.421877	1.522825	0.421877	0.410070	0.059215	0.401533	0.213845
235.000000	0.424167	1.545571	0.424167	0.412092	0.053174	0.405077	0.213143
240.000000	0.483680	1.453201	0.483680	0.409339	0.054228	0.402714	0.213771
245.000000	0.449507	1.469365	0.449507	0.409580	0.066398	0.401468	0.214128
250.000000	0.481124	1.382866	0.481124	0.417289	0.075031	0.403723	0.212905
255.000000	0.453017	1.418632	0.453017	0.402549	0.077451	0.401359	0.212893
