0.000000	0.988839
5.000000	0.972208
10.000000	0.961228
15.000000	0.971738
20.000000	0.971914
25.000000	0.970437
30.000000	0.970647
35.000000	0.970285
40.000000	0.969993
45.000000	0.971203
50.000000	0.971193
55.000000	0.971545
60.000000	0.971766
65.000000	0.971696
70.000000	0.971732
75.000000	0.957791
80.000000	0.972077
85.000000	0.972860
90.000000	0.973888
95.000000	0.974735
100.000000	0.977722
105.000000	0.978141
110.000000	0.978745
115.000000	0.980785
120.000000	0.981179
125.000000	0.982610
130.000000	0.982445
135.000000	1.000000
140.000000	0.984873
145.000000	0.984647
150.000000	0.986311
155.000000	0.985109
160.000000	0.984612
165.000000	0.983432
170.000000	0.980209
175.000000	0.978539
180.000000	0.970649
185.000000	0.967903
190.000000	0.959540
195.000000	0.949377
200.000000	0.940312
205.000000	0.921675
210.000000	0.904496
215.000000	0.877427
220.000000	0.856699
225.000000	0.827488
230.000000	0.792453
235.000000	0.761082
240.000000	0.725945
245.000000	0.697952
250.000000	0.674958
255.000000	0.660478
