0.000000	0.997687
5.000000	0.996604
10.000000	0.998301
15.000000	0.997615
20.000000	0.997068
25.000000	0.997567
30.000000	0.996666
35.000000	0.996600
40.000000	0.996096
45.000000	0.996412
50.000000	0.997515
55.000000	0.981895
60.000000	1.000000
65.000000	0.978533
70.000000	0.997034
75.000000	0.994937
80.000000	0.991773
85.000000	0.982569
90.000000	0.983992
95.000000	0.980968
100.000000	0.985117
105.000000	0.970392
110.000000	0.961247
115.000000	0.952730
120.000000	0.944488
125.000000	0.935811
130.000000	0.926602
135.000000	0.912177
140.000000	0.901736
145.000000	0.878069
150.000000	0.871715
155.000000	0.856400
160.000000	0.836779
165.000000	0.816655
170.000000	0.789527
175.000000	0.765150
180.000000	0.734305
185.000000	0.697749
190.000000	0.667048
195.000000	0.625347
200.000000	0.582447
205.000000	0.534254
210.000000	0.476418
215.000000	0.425401
220.000000	0.370419
225.000000	0.318452
230.000000	0.264693
235.000000	0.215470
240.000000	0.173654
245.000000	0.140024
250.000000	0.121653
255.000000	0.115340
