0.000000	0.000000	0.000000	0.000000	0.383730	0.020737	0.402145	0.153043
5.000000	0.015642	0.015642	0.119573	0.388802	0.020280	0.355321	0.153679
10.000000	0.008511	-0.008511	0.170558	0.387716	0.018898	0.355283	0.152533
15.000000	0.059117	-0.059117	0.269731	0.380776	0.017606	0.350283	0.150378
20.000000	0.041119	-0.041119	0.287919	0.383061	0.015385	0.344914	0.146886
25.000000	0.080820	-0.080820	0.370444	0.383680	0.015017	0.355332	0.146368
30.000000	0.186505	-0.186505	0.538056	0.383234	0.016340	0.368420	0.147810
35.000000	0.206865	-0.206865	0.604472	0.379964	0.014845	0.361206	0.149163
40.000000	0.251463	-0.251463	0.694871	0.383611	0.015557	0.375869	0.143732
45.000000	0.305736	-0.305736	0.819692	0.381216	0.019868	0.365310	0.136398
50.000000	0.321761	-0.321761	0.874984	0.389845	0.018568	0.364965	0.130385
55.000000	0.335735	-0.335735	0.937817	0.390142	0.020847	0.366211	0.129612
60.000000	0.352956	-0.352956	0.992187	0.389898	0.020422	0.372013	0.122930
65.000000	0.366080	-0.366080	1.049037	0.388175	0.019302	0.355099	0.120913
70.000000	0.404219	-0.404219	1.109014	0.393555	0.018879	0.370133	0.114834
75.000000	0.352554	-0.352554	1.154135	0.385565	0.025170	0.342273	0.114127
80.000000	0.350737	-0.350737	1.194806	0.394465	0.027364	0.355290	0.106926
85.000000	0.371198	-0.371198	1.251577	0.387335	0.026093	0.350817	0.105895
90.000000	0.384840	-0.384840	1.293044	0.394533	0.026614	0.350019	0.104134
95.000000	0.370732	-0.370732	1.348260	0.387626	0.027211	0.345481	0.098500
100.000000	0.372248	-0.372248	1.370641	0.392449	0.028523	0.346472	0.095673
105.000000	0.345174	-0.345174	1.415525	0.379795	0.029206	0.326485	0.090507
110.000000	0.308426	-0.308426	1.429759	0.392972	0.032252	0.336181	0.087984
115.000000	0.334684	-0.334684	1.497699	0.380470	0.029645	0.319238	0.084906
120.000000	0.324447	-0.324447	1.524084	0.381922	0.030929	0.341621	0.081837
125.000000	0.278831	-0.278831	1.568306	0.373146	0.031374	0.319908	0.078574
130.000000	0.184921	-0.184921	1.575301	0.380478	0.036354	0.320997	0.075482
135.000000	0.180897	-0.180897	1.598081	0.383366	0.035173	0.317742	0.074096
140.000000	0.155184	-0.155184	1.652229	0.375563	0.034571	0.320136	0.070242
145.000000	0.114848	-0.114848	1.690678	0.383732	0.035186	0.335286	0.069371
150.000000	0.046635	-0.046635	1.713902	0.376998	0.038518	0.330372	0.063520
155.000000	0.031581	0.031581	1.743655	0.389906	0.042959	0.333708	0.062546
160.000000	0.124994	0.124994	1.816206	0.386004	0.047659	0.343072	0.053828
165.000000	0.123972	0.123972	1.816418	0.394169	0.049448	0.338944	0.056051
170.000000	0.118645	0.118645	1.853009	0.372687	0.045258	0.335022	0.059555
175.000000	0.238230	0.238230	1.958621	0.385330	0.051147	0.337074	0.052935
180.000000	0.237801	0.237801	1.933292	0.378774	0.050207	0.316179	0.056107
185.000000	0.425976	0.425976	2.127056	0.391876	0.051802	0.334407	0.059517
190.000000	0.320228	0.320228	2.022861	0.368510	0.048168	0.321288	0.066502
195.000000	0.253557	0.253557	2.019881	0.381875	0.041800	0.338735	0.066684
200.000000	0.138337	0.138337	1.970806	0.381139	0.035423	0.305651	0.069137
205.000000	0.042272	-0.042272	2.218727	0.385563	0.031543	0.323817	0.066027
210.000000	0.050945	-0.050945	2.251655	0.381009	0.032368	0.302946	0.061155
215.000000	0.036242	0.036242	2.194233	0.382243	0.031191	0.331757	0.070372
220.000000	0.172156	0.172156	2.175728	0.368273	0.031941	0.313167	0.076872
225.000000	0.112825	0.112825	2.189624	0.380153	0.030500	0.311635	0.074107
230.000000	0.025531	-0.025531	2.344089	0.398049	0.033024	0.320239	0.066852
235.000000	0.010214	-0.010214	2.361693	0.395960	0.034211	0.318824	0.070309
240.000000	0.128467	0.128467	2.291594	0.380098	0.032786	0.306383	0.086186
245.000000	0.102509	0.102509	2.263952	0.394317	0.032003	0.324153	0.079461
250.000000	0.017754	0.017754	2.429281	0.392539	0.035956	0.302494	0.073207
255.000000	0.256199	0.256199	2.206987	0.366037	0.034877	0.314277	0.085379
