0.000000	0.059436
5.000000	0.059404
10.000000	0.059337
15.000000	0.059387
20.000000	0.059388
25.000000	0.059389
30.000000	0.059457
35.000000	0.059398
40.000000	0.059259
45.000000	0.059356
50.000000	0.059458
55.000000	0.059343
60.000000	0.059461
65.000000	0.059349
70.000000	0.059316
75.000000	0.059664
80.000000	0.059885
85.000000	0.059971
90.000000	0.060537
95.000000	0.060862
100.000000	0.061344
105.000000	0.061726
110.000000	0.062690
115.000000	0.063357
120.000000	0.064482
125.000000	0.065099
130.000000	0.066962
135.000000	0.067953
140.000000	0.070452
145.000000	0.073130
150.000000	0.075628
155.000000	0.079630
160.000000	0.083953
165.000000	0.089456
170.000000	0.096315
175.000000	0.104462
180.000000	0.116130
185.000000	0.128600
190.000000	0.146070
195.000000	0.164976
200.000000	0.187552
205.000000	0.217192
210.000000	0.263031
215.000000	0.304683
220.000000	0.359149
225.000000	0.420834
230.000000	0.498799
235.000000	0.580335
240.000000	0.682101
245.000000	0.779470
250.000000	0.887878
255.000000	1.000000
