0.000000	0.674835
5.000000	0.674786
10.000000	0.675019
15.000000	0.674926
20.000000	0.674824
25.000000	0.674974
30.000000	0.674619
35.000000	0.674714
40.000000	0.674096
45.000000	0.673955
50.000000	0.674674
55.000000	0.674978
60.000000	0.674714
65.000000	0.674920
70.000000	0.675289
75.000000	0.676616
80.000000	0.677972
85.000000	0.679676
90.000000	0.682276
95.000000	0.684215
100.000000	0.686744
105.000000	0.689093
110.000000	0.692892
115.000000	0.695887
120.000000	0.699756
125.000000	0.704241
130.000000	0.709148
135.000000	0.714854
140.000000	0.721215
145.000000	0.728802
150.000000	0.735897
155.000000	0.745782
160.000000	0.755317
165.000000	0.767315
170.000000	0.777581
175.000000	0.791327
180.000000	0.807154
185.000000	0.824661
190.000000	0.838522
195.000000	0.859135
200.000000	0.879524
205.000000	0.896670
210.000000	0.920025
215.000000	0.943946
220.000000	0.961236
225.000000	0.975071
230.000000	0.993425
235.000000	1.000000
240.000000	0.999648
245.000000	0.996007
250.000000	0.985670
255.000000	0.958079
