0.000000	0.000000	0.000000	0.000000	0.416035	0.386559	0.410036	0.347256
5.000000	0.006178	0.006178	0.007818	0.417377	0.388968	0.407306	0.347113
10.000000	0.018981	0.018981	0.057628	0.415885	0.387598	0.407384	0.345558
15.000000	0.035445	0.035445	0.113721	0.422875	0.389657	0.409015	0.343465
20.000000	0.053823	0.053823	0.150031	0.422206	0.389320	0.405749	0.339428
25.000000	0.054813	0.054813	0.114097	0.416186	0.387360	0.403261	0.344313
30.000000	0.058414	0.058414	0.099756	0.416675	0.389372	0.400984	0.348413
35.000000	0.066694	0.066694	0.121299	0.419206	0.388416	0.397573	0.346217
40.000000	0.070356	0.070356	0.130361	0.418974	0.389215	0.398023	0.349905
45.000000	0.082008	0.082008	0.136404	0.414911	0.385937	0.390393	0.345733
50.000000	0.102899	0.102899	0.165331	0.418915	0.388457	0.388317	0.343522
55.000000	0.117287	0.117287	0.197026	0.420299	0.389931	0.387911	0.339666
60.000000	0.125075	0.125075	0.219994	0.420772	0.390276	0.385457	0.334610
65.000000	0.134238	0.134238	0.246610	0.424956	0.392569	0.384081	0.330663
70.000000	0.132518	0.132518	0.234169	0.420256	0.389803	0.387882	0.333499
75.000000	0.139619	0.139619	0.231839	0.422769	0.393514	0.377917	0.325052
80.000000	0.149664	0.149664	0.251432	0.419633	0.390069	0.386365	0.326192
85.000000	0.152841	0.152841	0.284488	0.423076	0.391646	0.380414	0.316457
90.000000	0.162490	0.162490	0.342419	0.422568	0.389127	0.399785	0.322222
95.000000	0.159004	0.159004	0.332481	0.427281	0.393611	0.397854	0.311450
100.000000	0.138516	0.138516	0.237688	0.421590	0.389882	0.398769	0.310160
105.000000	0.134281	0.134281	0.217692	0.422365	0.389606	0.394901	0.299641
110.000000	0.155640	0.155640	0.329933	0.420408	0.383736	0.407474	0.292263
115.000000	0.154630	0.154630	0.409396	0.422920	0.382868	0.420353	0.281267
120.000000	0.137151	0.137151	0.346808	0.420609	0.384681	0.411673	0.267205
125.000000	0.126441	0.126441	0.347919	0.422831	0.385203	0.417422	0.262338
130.000000	0.111291	0.111291	0.368242	0.424205	0.384459	0.419168	0.250241
135.000000	0.085158	0.085158	0.325222	0.419586	0.381926	0.430318	0.247311
140.000000	0.049658	0.049658	0.266018	0.423378	0.386147	0.417802	0.232629
145.000000	0.023330	0.023330	0.218044	0.418429	0.383878	0.423048	0.227195
150.000000	0.001302	0.001302	0.190855	0.419498	0.384685	0.419113	0.216318
155.000000	0.018475	-0.018475	0.203916	0.417820	0.379877	0.423388	0.210678
160.000000	0.048814	-0.048814	0.186634	0.416219	0.378178	0.417004	0.200785
165.000000	0.086178	-0.086178	0.167243	0.416894	0.376883	0.420212	0.195002
170.000000	0.116257	-0.116257	0.183194	0.414373	0.372071	0.425338	0.194618
175.000000	0.153456	-0.153456	0.207485	0.414058	0.365653	0.419631	0.185190
180.000000	0.181805	-0.181805	0.204585	0.415194	0.363258	0.421628	0.186038
185.000000	0.213538	-0.213538	0.151578	0.415791	0.367321	0.412904	0.190077
190.000000	0.237036	-0.237036	0.165645	0.413548	0.361977	0.422442	0.190582
195.000000	0.259690	-0.259690	0.126650	0.412499	0.363027	0.413663	0.194586
200.000000	0.285844	-0.285844	-0.034155	0.413186	0.374208	0.414403	0.212810
205.000000	1.217123	-1.217123	0.768812	0.428816	0.210745	0.339592	0.226418
210.000000	0.326283	-0.326283	-0.243172	0.417837	0.387329	0.430222	0.233651
215.000000	0.338477	-0.338477	-0.317435	0.416089	0.382892	0.429757	0.233603
220.000000	1.131294	-1.131294	-1.173266	0.441887	0.202386	0.371222	0.292182
225.000000	0.355738	-0.355738	-0.400146	0.416899	0.376874	0.434307	0.230928
230.000000	0.362015	-0.362015	-0.366307	0.416381	0.379345	0.438346	0.240473
235.000000	0.366682	-0.366682	-0.345440	0.416313	0.382709	0.433024	0.239207
240.000000	0.365579	-0.365579	-0.338474	0.415839	0.383460	0.440307	0.244441
245.000000	0.373234	-0.373234	-0.350506	0.417042	0.383371	0.428708	0.242684
250.000000	0.380186	-0.380186	-0.398900	0.416632	0.380763	0.438848	0.245167
255.000000	0.377789	-0.377789	-0.322944	0.414949	0.383796	0.433939	0.252702
