0.000000	0.031589
5.000000	0.031219
10.000000	0.030814
15.000000	0.030185
20.000000	0.029604
25.000000	0.029111
30.000000	0.028741
35.000000	0.028121
40.000000	0.027492
45.000000	0.027241
50.000000	0.026499
55.000000	0.026155
60.000000	0.025917
65.000000	0.025684
70.000000	0.025545
75.000000	0.025595
80.000000	0.025757
85.000000	0.026460
90.000000	0.027504
95.000000	0.028664
100.000000	0.030380
105.000000	0.032138
110.000000	0.035384
115.000000	0.039523
120.000000	0.043405
125.000000	0.048838
130.000000	0.055949
135.000000	0.064917
140.000000	0.073808
145.000000	0.084529
150.000000	0.098113
155.000000	0.114663
160.000000	0.134824
165.000000	0.154585
170.000000	0.179594
175.000000	0.208838
180.000000	0.240265
185.000000	0.276998
190.000000	0.313936
195.000000	0.357141
200.000000	0.405361
205.000000	0.452603
210.000000	0.508882
215.000000	0.562251
220.000000	0.623213
225.000000	0.676914
230.000000	0.736225
235.000000	0.794084
240.000000	0.852414
245.000000	0.903231
250.000000	0.956385
255.000000	1.000000
