0.000000	0.998570
5.000000	0.986481
10.000000	0.999771
15.000000	0.999113
20.000000	0.998337
25.000000	1.000000
30.000000	0.997418
35.000000	0.998724
40.000000	0.999430
45.000000	0.998380
50.000000	0.996679
55.000000	0.997944
60.000000	0.999021
65.000000	0.997575
70.000000	0.997270
75.000000	0.993594
80.000000	0.989322
85.000000	0.987133
90.000000	0.978715
95.000000	0.974347
100.000000	0.964184
105.000000	0.937538
110.000000	0.949383
115.000000	0.939926
120.000000	0.929187
125.000000	0.918974
130.000000	0.907911
135.000000	0.891196
140.000000	0.876268
145.000000	0.857743
150.000000	0.839995
155.000000	0.819137
160.000000	0.797955
165.000000	0.775589
170.000000	0.750644
175.000000	0.723099
180.000000	0.694863
185.000000	0.663188
190.000000	0.637630
195.000000	0.606705
200.000000	0.576925
205.000000	0.552055
210.000000	0.519559
215.000000	0.499524
220.000000	0.489119
225.000000	0.481345
230.000000	0.493968
235.000000	0.510365
240.000000	0.548996
245.000000	0.595315
250.000000	0.661670
255.000000	0.740831
