0.000000	0.000000	0.000000	0.000000	0.501481	0.376419	0.405411	0.352850
5.000000	0.049938	0.029281	0.049938	0.498979	0.370756	0.403551	0.350852
10.000000	0.100577	0.088671	0.100577	0.498368	0.370961	0.397207	0.348934
15.000000	0.154229	0.175144	0.154229	0.497532	0.379747	0.392373	0.342576
20.000000	0.211274	0.258270	0.211274	0.502579	0.386956	0.391989	0.343009
25.000000	0.262397	0.263307	0.262397	0.495618	0.370792	0.393159	0.345044
30.000000	0.303548	0.252319	0.303548	0.494185	0.357520	0.388980	0.346761
35.000000	0.346890	0.311163	0.346890	0.493120	0.359818	0.390586	0.354020
40.000000	0.385613	0.354927	0.385613	0.490604	0.357767	0.393605	0.360461
45.000000	0.422644	0.415337	0.422644	0.488834	0.362343	0.400928	0.369014
50.000000	0.464666	0.465546	0.464666	0.486701	0.359842	0.401943	0.375135
55.000000	0.484055	0.409292	0.484055	0.487881	0.344284	0.399852	0.372758
60.000000	0.512684	0.436545	0.512684	0.484277	0.340444	0.400896	0.375706
65.000000	0.543034	0.438985	0.543034	0.486764	0.335148	0.397974	0.372354
70.000000	0.563860	0.469021	0.563860	0.483620	0.333951	0.403562	0.378715
75.000000	0.588705	0.481196	0.588705	0.481802	0.330212	0.402305	0.377690
80.000000	0.612227	0.519302	0.612227	0.477186	0.330650	0.399769	0.376070
85.000000	0.633400	0.551253	0.633400	0.482591	0.335085	0.405155	0.380569
90.000000	0.647458	0.557644	0.647458	0.478487	0.330965	0.399971	0.373599
95.000000	0.659671	0.565980	0.659671	0.484518	0.333850	0.404781	0.377876
100.000000	0.678940	0.538459	0.678940	0.477731	0.320511	0.399051	0.372757
105.000000	0.699174	0.600568	0.699174	0.482724	0.329932	0.400945	0.374042
110.000000	0.714234	0.673688	0.714234	0.475445	0.337022	0.402460	0.380690
115.000000	0.723945	0.701300	0.723945	0.475850	0.340637	0.399744	0.377999
120.000000	0.732086	0.726522	0.732086	0.475385	0.343798	0.403078	0.382086
125.000000	0.742497	0.772291	0.742497	0.477873	0.352953	0.397151	0.377785
130.000000	0.754590	0.808926	0.754590	0.475884	0.358267	0.403073	0.384033
135.000000	0.763283	0.825423	0.763283	0.476609	0.360742	0.405852	0.386318
140.000000	0.772404	0.831017	0.772404	0.475218	0.359266	0.401858	0.383187
145.000000	0.782173	0.869211	0.782173	0.474557	0.364505	0.404141	0.385162
150.000000	0.794388	0.910284	0.794388	0.473777	0.371423	0.407744	0.387697
155.000000	0.803378	0.943301	0.803378	0.476902	0.380689	0.404623	0.384519
160.000000	0.813437	0.962168	0.813437	0.482916	0.387021	0.405359	0.384995
165.000000	0.820841	0.972717	0.820841	0.477012	0.383676	0.400731	0.380169
170.000000	0.829542	0.993456	0.829542	0.485011	0.387632	0.405056	0.384307
175.000000	0.838363	1.033225	0.838363	0.483785	0.392750	0.400879	0.380119
180.000000	0.833708	1.022100	0.833708	0.489169	0.393939	0.404876	0.383393
185.000000	0.822215	0.941688	0.822215	0.475686	0.375135	0.403095	0.381625
190.000000	0.820637	0.861990	0.820637	0.476136	0.355313	0.405742	0.380831
195.000000	0.826656	0.774694	0.826656	0.481468	0.337486	0.404122	0.380037
200.000000	0.836127	0.792299	0.836127	0.479497	0.337620	0.402302	0.378797
205.000000	0.844520	0.837766	0.844520	0.483173	0.348564	0.406337	0.381630
210.000000	0.851975	0.879095	0.851975	0.482512	0.355970	0.405526	0.381192
215.000000	0.854910	0.901005	0.854910	0.481103	0.359779	0.407411	0.382949
220.000000	0.861561	0.905330	0.861561	0.477441	0.357212	0.402888	0.378455
225.000000	0.873334	0.961647	0.873334	0.482661	0.371303	0.406781	0.382715
230.000000	0.883695	1.042239	0.883695	0.489186	0.394555	0.407498	0.385535
235.000000	0.884726	1.052875	0.884726	0.489811	0.393762	0.406175	0.383963
240.000000	0.890198	1.058536	0.890198	0.487063	0.392059	0.407740	0.385049
245.000000	0.899192	1.094245	0.899192	0.494281	0.402021	0.406475	0.385418
250.000000	0.907384	1.129167	0.907384	0.495761	0.408573	0.405189	0.383108
255.000000	0.913292	1.137817	0.913292	0.496132	0.409843	0.405846	0.383755
