0.000000	1.000000
5.000000	0.998374
10.000000	0.998003
15.000000	0.995534
20.000000	0.992698
25.000000	0.990683
30.000000	0.987508
35.000000	0.984298
40.000000	0.982965
45.000000	0.977642
50.000000	0.976373
55.000000	0.970319
60.000000	0.966895
65.000000	0.959913
70.000000	0.953030
75.000000	0.946887
80.000000	0.939875
85.000000	0.931830
90.000000	0.928087
95.000000	0.916513
100.000000	0.904565
105.000000	0.896544
110.000000	0.886425
115.000000	0.870606
120.000000	0.853595
125.000000	0.846746
130.000000	0.821872
135.000000	0.810877
140.000000	0.789734
145.000000	0.767954
150.000000	0.745369
155.000000	0.714855
160.000000	0.694750
165.000000	0.656637
170.000000	0.634699
175.000000	0.599067
180.000000	0.559399
185.000000	0.526648
190.000000	0.492215
195.000000	0.457437
200.000000	0.416532
205.000000	0.391211
210.000000	0.353199
215.000000	0.317615
220.000000	0.291887
225.000000	0.261991
230.000000	0.239554
235.000000	0.222917
240.000000	0.206019
245.000000	0.192490
250.000000	0.188453
255.000000	0.185423
