0.000000	0.163545
5.000000	0.165361
10.000000	0.167605
15.000000	0.171127
20.000000	0.173449
25.000000	0.176703
30.000000	0.179960
35.000000	0.184004
40.000000	0.186976
45.000000	0.192139
50.000000	0.195763
55.000000	0.202421
60.000000	0.208256
65.000000	0.212958
70.000000	0.218568
75.000000	0.227460
80.000000	0.235154
85.000000	0.245798
90.000000	0.255784
95.000000	0.264146
100.000000	0.276646
105.000000	0.289368
110.000000	0.303771
115.000000	0.318125
120.000000	0.334170
125.000000	0.349551
130.000000	0.369744
135.000000	0.391076
140.000000	0.413355
145.000000	0.436487
150.000000	0.462223
155.000000	0.491015
160.000000	0.518099
165.000000	0.549552
170.000000	0.583485
175.000000	0.617039
180.000000	0.653001
185.000000	0.687746
190.000000	0.724702
195.000000	0.760850
200.000000	0.798446
205.000000	0.830996
210.000000	0.864725
215.000000	0.897243
220.000000	0.923609
225.000000	0.947801
230.000000	0.964225
235.000000	0.979754
240.000000	0.993103
245.000000	0.998934
250.000000	1.000000
255.000000	0.999647
