0.000000	0.999341
5.000000	0.998469
10.000000	0.998651
15.000000	0.999527
20.000000	0.998938
25.000000	0.995906
30.000000	0.998384
35.000000	0.998115
40.000000	0.998057
45.000000	1.000000
50.000000	0.997000
55.000000	0.997098
60.000000	0.999512
65.000000	0.998618
70.000000	0.997229
75.000000	0.996754
80.000000	0.996623
85.000000	0.997200
90.000000	0.996450
95.000000	0.995859
100.000000	0.993936
105.000000	0.993412
110.000000	0.993639
115.000000	0.992426
120.000000	0.992829
125.000000	0.993748
130.000000	0.992525
135.000000	0.990933
140.000000	0.989111
145.000000	0.987177
150.000000	0.981746
155.000000	0.982803
160.000000	0.973762
165.000000	0.975111
170.000000	0.969248
175.000000	0.959324
180.000000	0.952600
185.000000	0.937753
190.000000	0.936217
195.000000	0.918552
200.000000	0.892426
205.000000	0.871671
210.000000	0.845202
215.000000	0.806655
220.000000	0.775506
225.000000	0.723957
230.000000	0.674303
235.000000	0.613440
240.000000	0.567876
245.000000	0.507522
250.000000	0.438768
255.000000	0.380531
