0.000000	0.000000	0.000000	0.000000	0.477079	0.347211	0.439034	0.349758
5.000000	0.062932	-0.115582	0.062932	0.475637	0.360277	0.438707	0.351188
10.000000	0.160535	-0.460581	0.160535	0.457185	0.357383	0.440220	0.338483
15.000000	0.145004	-0.297826	0.145004	0.475682	0.377443	0.436122	0.340842
20.000000	0.175246	-0.203550	0.175246	0.493287	0.395778	0.434281	0.343965
25.000000	0.226747	-0.401804	0.226747	0.489309	0.404720	0.439321	0.337270
30.000000	0.256656	-0.353275	0.256656	0.498770	0.411832	0.440526	0.337255
35.000000	0.328547	-0.739258	0.328547	0.483715	0.453406	0.435540	0.322317
40.000000	0.353333	-0.725014	0.353333	0.490743	0.459090	0.430034	0.326572
45.000000	0.370774	-0.669314	0.370774	0.487431	0.464238	0.437062	0.320215
50.000000	0.407968	-0.716835	0.407968	0.497096	0.475450	0.441774	0.322006
55.000000	0.403848	-0.659935	0.403848	0.499999	0.472158	0.437496	0.323137
60.000000	0.395737	-0.547448	0.395737	0.504380	0.461616	0.445379	0.326721
65.000000	0.441953	-0.567472	0.441953	0.506382	0.471598	0.442008	0.330804
70.000000	0.452220	-0.632629	0.452220	0.506368	0.480028	0.446815	0.327472
75.000000	0.441334	-0.629357	0.441334	0.508893	0.479170	0.439952	0.323176
80.000000	0.455945	-0.722051	0.455945	0.511952	0.494827	0.445008	0.320619
85.000000	0.452998	-0.943788	0.452998	0.521573	0.525568	0.436197	0.322256
90.000000	0.476180	-0.779737	0.476180	0.513026	0.505025	0.441053	0.319661
95.000000	0.495349	-0.827055	0.495349	0.517684	0.513846	0.443291	0.319371
100.000000	0.452688	-0.968040	0.452688	0.522306	0.530451	0.431933	0.325169
105.000000	0.477681	-0.817868	0.477681	0.517379	0.511078	0.439334	0.316384
110.000000	0.492691	-0.644494	0.492691	0.516614	0.488993	0.442319	0.324681
115.000000	0.495154	-0.750619	0.495154	0.516856	0.506150	0.444806	0.323559
120.000000	0.496603	-0.598443	0.496603	0.514892	0.485396	0.443715	0.327890
125.000000	0.487035	-0.398013	0.487035	0.517355	0.462920	0.443386	0.336775
130.000000	0.520778	-0.380484	0.520778	0.516384	0.465202	0.441683	0.337333
135.000000	0.507487	-0.358184	0.507487	0.516117	0.464365	0.442289	0.340104
140.000000	0.510496	-0.429479	0.510496	0.515185	0.469153	0.438467	0.330811
145.000000	0.506295	-0.448184	0.506295	0.515362	0.470684	0.440130	0.331033
150.000000	0.514831	-0.391919	0.514831	0.517035	0.466183	0.441274	0.334876
155.000000	0.526396	-0.298308	0.526396	0.521476	0.457797	0.444009	0.339273
160.000000	0.536546	-0.379352	0.536546	0.516156	0.468052	0.438646	0.332691
165.000000	0.557173	-0.473257	0.557173	0.513203	0.480838	0.440750	0.335159
170.000000	0.588717	-0.427788	0.588717	0.517325	0.475310	0.442253	0.335841
175.000000	0.534550	-0.396471	0.534550	0.516259	0.467232	0.440004	0.335053
180.000000	0.548007	-0.386334	0.548007	0.518059	0.467475	0.444662	0.335943
185.000000	0.539252	-0.592168	0.539252	0.515277	0.488271	0.446331	0.323770
190.000000	0.535165	-0.737322	0.535165	0.518662	0.509207	0.447547	0.320498
195.000000	0.522320	-0.866934	0.522320	0.520893	0.526218	0.443194	0.318337
200.000000	0.535435	-0.529642	0.535435	0.516170	0.481167	0.441137	0.330119
205.000000	0.536533	-0.385523	0.536533	0.516652	0.468888	0.445558	0.339296
210.000000	0.540498	-0.461317	0.540498	0.514764	0.477104	0.441676	0.335020
215.000000	0.546724	-0.418533	0.546724	0.515153	0.473815	0.443786	0.339182
220.000000	0.554704	-0.528440	0.554704	0.515052	0.485931	0.444516	0.336194
225.000000	0.545496	-0.600370	0.545496	0.515475	0.492833	0.446435	0.331227
230.000000	0.544636	-0.881638	0.544636	0.526453	0.529390	0.448355	0.318812
235.000000	0.523461	-1.068249	0.523461	0.536197	0.543865	0.434627	0.322796
240.000000	0.476594	-1.144991	0.476594	0.537369	0.545919	0.438504	0.317307
245.000000	0.530353	-0.849266	0.530353	0.521665	0.524890	0.443950	0.320673
250.000000	0.538747	-0.754479	0.538747	0.520443	0.511694	0.447631	0.321976
255.000000	0.533960	-0.917085	0.533960	0.525359	0.533203	0.442142	0.318977
