0.000000	0.000000	0.000000	0.000000	0.368643	0.349623	0.398586	0.375289
5.000000	0.028877	-0.002968	-0.028877	0.368740	0.350237	0.394758	0.374064
10.000000	0.005572	-0.021657	-0.005572	0.368196	0.349364	0.399315	0.376856
15.000000	0.015482	-0.052912	0.015482	0.366485	0.347733	0.397804	0.373427
20.000000	0.035478	-0.044734	0.035478	0.367445	0.348163	0.400412	0.375247
25.000000	0.057327	-0.012225	0.057327	0.368184	0.348898	0.405662	0.379058
30.000000	0.080243	0.015585	0.080243	0.367064	0.347670	0.406204	0.379258
35.000000	0.104085	0.065702	0.104085	0.371398	0.352600	0.400802	0.373532
40.000000	0.129033	0.124021	0.129033	0.368453	0.348814	0.400347	0.372990
45.000000	0.147411	0.190408	0.147411	0.374923	0.353949	0.399340	0.371807
50.000000	0.163991	0.177761	0.163991	0.372710	0.353612	0.398837	0.371938
55.000000	0.175953	0.129324	0.175953	0.371324	0.352793	0.397775	0.370971
60.000000	0.188854	0.081123	0.188854	0.367923	0.348154	0.401687	0.374636
65.000000	0.205834	0.085045	0.205834	0.370744	0.350875	0.395900	0.369643
70.000000	0.224440	0.132623	0.224440	0.367976	0.347335	0.397472	0.370618
75.000000	0.240706	0.195556	0.240706	0.369635	0.350726	0.396587	0.369254
80.000000	0.253645	0.232193	0.253645	0.369266	0.350550	0.397532	0.371306
85.000000	0.263834	0.260383	0.263834	0.373337	0.355623	0.395829	0.369673
90.000000	0.273788	0.264221	0.273788	0.371669	0.353586	0.395250	0.371686
95.000000	0.280422	0.251985	0.280422	0.373524	0.356434	0.395527	0.371755
100.000000	0.290489	0.237684	0.290489	0.369602	0.351287	0.396168	0.372864
105.000000	0.300463	0.237448	0.300463	0.371347	0.353454	0.394549	0.372023
110.000000	0.310673	0.256373	0.310673	0.371747	0.353323	0.393788	0.372014
115.000000	0.318735	0.269605	0.318735	0.370804	0.352439	0.396242	0.372632
120.000000	0.322283	0.263222	0.322283	0.373063	0.355133	0.395141	0.371785
125.000000	0.331765	0.283802	0.331765	0.369140	0.350524	0.394974	0.372713
130.000000	0.336550	0.297340	0.336550	0.368905	0.349874	0.393147	0.369632
135.000000	0.340375	0.285176	0.340375	0.368900	0.350136	0.394540	0.372180
140.000000	0.342133	0.259024	0.342133	0.369941	0.351960	0.396229	0.373682
145.000000	0.348913	0.290231	0.348913	0.370036	0.351622	0.395228	0.371822
150.000000	0.354170	0.302078	0.354170	0.368484	0.350815	0.396329	0.372473
155.000000	0.357330	0.291067	0.357330	0.371345	0.353708	0.395611	0.373756
160.000000	0.359173	0.245069	0.359173	0.369931	0.352523	0.394712	0.374758
165.000000	0.361443	0.212966	0.361443	0.371430	0.353441	0.395052	0.375702
170.000000	0.366876	0.212963	0.366876	0.366697	0.347826	0.392688	0.373586
175.000000	0.374602	0.246486	0.374602	0.370580	0.352838	0.393018	0.371979
180.000000	0.380565	0.263583	0.380565	0.366946	0.349863	0.394137	0.373332
185.000000	0.385577	0.265219	0.385577	0.369250	0.351830	0.395910	0.373416
190.000000	0.390232	0.248828	0.390232	0.367516	0.350033	0.395632	0.374875
195.000000	0.393366	0.261500	0.393366	0.368025	0.350127	0.394878	0.373143
200.000000	0.393796	0.285938	0.393796	0.368195	0.350264	0.395880	0.373181
205.000000	0.392005	0.274114	0.392005	0.370523	0.352784	0.396039	0.373546
210.000000	0.390614	0.239237	0.390614	0.366763	0.349079	0.393690	0.372784
215.000000	0.388277	0.197761	0.388277	0.370679	0.352104	0.393001	0.374926
220.000000	0.385485	1.792897	0.385485	0.369974	0.296970	0.392203	0.364774
225.000000	0.388471	0.193475	0.388471	0.369087	0.350351	0.393553	0.375664
230.000000	0.385800	0.128469	0.385800	0.366895	0.347291	0.389461	0.373266
235.000000	0.390353	0.089398	0.390353	0.368724	0.349641	0.391678	0.375423
240.000000	0.397763	0.075619	0.397763	0.368423	0.348065	0.388674	0.372643
245.000000	0.399272	0.038381	0.399272	0.366416	0.346248	0.389001	0.374616
250.000000	0.402676	0.028515	0.402676	0.373272	0.352800	0.391829	0.377188
255.000000	0.405675	0.035336	0.405675	0.371160	0.350431	0.391011	0.376608
