0.000000	0.000000	0.000000	0.000000	0.359213	0.120211	0.378944	0.115233
5.000000	0.008126	-0.021103	-0.008126	0.356491	0.124133	0.386144	0.122423
10.000000	0.010372	-0.023394	-0.010372	0.354551	0.121334	0.381899	0.132125
15.000000	0.009745	-0.035349	-0.009745	0.350077	0.128400	0.404083	0.139179
20.000000	0.000398	-0.027135	-0.000398	0.351514	0.128213	0.400316	0.143448
25.000000	0.008094	-0.013632	0.008094	0.348128	0.130309	0.373326	0.143705
30.000000	0.017498	0.009456	0.017498	0.342465	0.132554	0.376092	0.143260
35.000000	0.023307	0.026885	0.023307	0.346005	0.134262	0.361670	0.139762
40.000000	0.041985	0.071578	0.041985	0.349103	0.129136	0.365467	0.134534
45.000000	0.049206	0.086182	0.049206	0.371187	0.131450	0.354866	0.133994
50.000000	0.074296	0.143157	0.074296	0.357400	0.129771	0.376916	0.125532
55.000000	0.102063	0.190011	0.102063	0.353353	0.126587	0.364674	0.122197
60.000000	0.117622	0.224224	0.117622	0.372947	0.126572	0.370307	0.121888
65.000000	0.139167	0.260358	0.139167	0.368281	0.127060	0.364580	0.119405
70.000000	0.148919	0.290105	0.148919	0.364038	0.127673	0.377998	0.118571
75.000000	0.171148	0.343522	0.171148	0.357701	0.127034	0.367458	0.118563
80.000000	0.160337	0.369581	0.160337	0.365090	0.130873	0.368174	0.120078
85.000000	0.143731	0.391286	0.143731	0.355465	0.129894	0.365528	0.121085
90.000000	0.132112	0.406749	0.132112	0.368395	0.131939	0.350674	0.127103
95.000000	0.140387	0.441808	0.140387	0.361335	0.131327	0.364518	0.123821
100.000000	0.129905	0.446440	0.129905	0.384484	0.134293	0.352992	0.123284
105.000000	0.145478	0.491305	0.145478	0.351692	0.133194	0.355160	0.125667
110.000000	0.133698	0.492610	0.133698	0.368296	0.134278	0.360376	0.130205
115.000000	0.158566	0.526340	0.158566	0.359252	0.134106	0.363371	0.124665
120.000000	0.153183	0.520734	0.153183	0.379145	0.137249	0.359631	0.128979
125.000000	0.176536	0.557111	0.176536	0.361791	0.132033	0.353491	0.127648
130.000000	0.185031	0.568217	0.185031	0.357273	0.134616	0.370223	0.124796
135.000000	0.183062	0.568656	0.183062	0.364400	0.134562	0.366098	0.129597
140.000000	0.198709	0.591785	0.198709	0.353030	0.134712	0.359593	0.128618
145.000000	0.189861	0.583881	0.189861	0.373417	0.136795	0.369671	0.127982
150.000000	0.202948	0.605324	0.202948	0.349249	0.133808	0.359925	0.127265
155.000000	0.201757	0.600251	0.201757	0.367743	0.137984	0.365354	0.127325
160.000000	0.274450	2.301501	0.274450	0.331814	0.110738	0.332356	0.149857
165.000000	0.216440	0.616868	0.216440	0.353219	0.135447	0.361650	0.129333
170.000000	0.230336	0.629447	0.230336	0.345607	0.134892	0.361638	0.125809
175.000000	0.214807	0.623231	0.214807	0.359557	0.134837	0.361682	0.127452
180.000000	0.204294	0.637207	0.204294	0.370124	0.131230	0.368458	0.125367
185.000000	0.188393	0.630675	0.188393	0.364148	0.130990	0.362609	0.124374
190.000000	0.195527	0.641701	0.195527	0.370929	0.131637	0.362381	0.123784
195.000000	0.196201	0.640094	0.196201	0.368849	0.133565	0.364520	0.125543
200.000000	0.201550	0.640314	0.201550	0.368854	0.134086	0.363996	0.127412
205.000000	0.222027	0.651468	0.222027	0.351505	0.130085	0.364732	0.124596
210.000000	0.235448	0.643367	0.235448	0.362099	0.132425	0.359738	0.123439
215.000000	0.254310	0.656323	0.254310	0.340181	0.129001	0.367216	0.121427
220.000000	0.252132	0.649286	0.252132	0.335850	0.127720	0.368465	0.124616
225.000000	0.258898	0.654529	0.258898	0.333017	0.126818	0.362290	0.122263
230.000000	0.260292	0.647055	0.260292	0.347023	0.129290	0.372052	0.125647
235.000000	0.266162	0.657282	0.266162	0.336772	0.126922	0.363573	0.119978
240.000000	0.262351	0.652530	0.262351	0.341950	0.128649	0.371424	0.122343
245.000000	0.266005	0.658695	0.266005	0.334103	0.127632	0.360705	0.118227
250.000000	0.270176	0.658887	0.270176	0.337859	0.123787	0.378465	0.120634
255.000000	0.270999	0.657913	0.270999	0.336672	0.127126	0.374493	0.119219
