0.000000	0.033392
5.000000	0.034098
10.000000	0.033886
15.000000	0.033829
20.000000	0.033785
25.000000	0.033975
30.000000	0.033837
35.000000	0.033984
40.000000	0.033838
45.000000	0.033890
50.000000	0.033927
55.000000	0.033976
60.000000	0.034024
65.000000	0.033954
70.000000	0.034157
75.000000	0.034284
80.000000	0.034325
85.000000	0.034509
90.000000	0.034555
95.000000	0.034974
100.000000	0.035194
105.000000	0.035354
110.000000	0.036199
115.000000	0.036542
120.000000	0.036781
125.000000	0.037942
130.000000	0.041900
135.000000	0.039952
140.000000	0.041523
145.000000	0.043283
150.000000	0.045929
155.000000	0.049010
160.000000	0.052402
165.000000	0.057118
170.000000	0.061611
175.000000	0.070206
180.000000	0.077679
185.000000	0.091666
190.000000	0.101048
195.000000	0.122130
200.000000	0.141138
205.000000	0.165932
210.000000	0.208202
215.000000	0.245816
220.000000	0.300592
225.000000	0.362425
230.000000	0.439241
235.000000	0.527763
240.000000	0.634839
245.000000	0.739296
250.000000	0.866380
255.000000	1.000000
