0.000000	0.567976
5.000000	0.567247
10.000000	0.566908
15.000000	0.566595
20.000000	0.567001
25.000000	0.567146
30.000000	0.567309
35.000000	0.567525
40.000000	0.567427
45.000000	0.567029
50.000000	0.567059
55.000000	0.567600
60.000000	0.567073
65.000000	0.567046
70.000000	0.566898
75.000000	0.567153
80.000000	0.567225
85.000000	0.566877
90.000000	0.566261
95.000000	0.566682
100.000000	0.566711
105.000000	0.567490
110.000000	0.568173
115.000000	0.567994
120.000000	0.568442
125.000000	0.568607
130.000000	0.569447
135.000000	0.570679
140.000000	0.570883
145.000000	0.573001
150.000000	0.573686
155.000000	0.578019
160.000000	0.579210
165.000000	0.583845
170.000000	0.590291
175.000000	0.594640
180.000000	0.604285
185.000000	0.612906
190.000000	0.625777
195.000000	0.641538
200.000000	0.657268
205.000000	0.680984
210.000000	0.706241
215.000000	0.736021
220.000000	0.767389
225.000000	0.800207
230.000000	0.839715
235.000000	0.882606
240.000000	0.921538
245.000000	0.951406
250.000000	0.982496
255.000000	1.000000
