0.000000	0.046621
5.000000	0.047328
10.000000	0.048226
15.000000	0.049655
20.000000	0.050401
25.000000	0.052090
30.000000	0.053083
35.000000	0.055568
40.000000	0.056590
45.000000	0.059254
50.000000	0.060639
55.000000	0.063656
60.000000	0.066926
65.000000	0.069520
70.000000	0.072564
75.000000	0.077920
80.000000	0.081005
85.000000	0.086836
90.000000	0.090983
95.000000	0.098540
100.000000	0.106468
105.000000	0.114816
110.000000	0.121883
115.000000	0.132122
120.000000	0.144253
125.000000	0.155496
130.000000	0.169413
135.000000	0.184890
140.000000	0.201068
145.000000	0.220959
150.000000	0.242262
155.000000	0.266679
160.000000	0.290046
165.000000	0.318127
170.000000	0.349917
175.000000	0.384367
180.000000	0.419056
185.000000	0.455380
190.000000	0.497755
195.000000	0.544579
200.000000	0.585968
205.000000	0.625050
210.000000	0.687072
215.000000	0.719241
220.000000	0.777210
225.000000	0.822993
230.000000	0.855648
235.000000	0.884636
240.000000	0.936190
245.000000	0.962173
250.000000	0.976343
255.000000	1.000000
