0.000000	0.999163
5.000000	0.995756
10.000000	0.995629
15.000000	0.993185
20.000000	0.990653
25.000000	0.993968
30.000000	0.996665
35.000000	0.999328
40.000000	0.998411
45.000000	0.978655
50.000000	0.999457
55.000000	0.982415
60.000000	1.000000
65.000000	0.997930
70.000000	0.997693
75.000000	0.996698
80.000000	0.994742
85.000000	0.982376
90.000000	0.984877
95.000000	0.983108
100.000000	0.976169
105.000000	0.967247
110.000000	0.961062
115.000000	0.954441
120.000000	0.946488
125.000000	0.933984
130.000000	0.925693
135.000000	0.911364
140.000000	0.899529
145.000000	0.879398
150.000000	0.866056
155.000000	0.846161
160.000000	0.821302
165.000000	0.797534
170.000000	0.769047
175.000000	0.736670
180.000000	0.695501
185.000000	0.658408
190.000000	0.619577
195.000000	0.569845
200.000000	0.518586
205.000000	0.465882
210.000000	0.400017
215.000000	0.345166
220.000000	0.293282
225.000000	0.240849
230.000000	0.195322
235.000000	0.158904
240.000000	0.145006
245.000000	0.143856
250.000000	0.163690
255.000000	0.218184
