0.000000	0.000000	0.000000	0.000000	0.372129	0.392954	0.383479	0.383992
5.000000	0.016953	0.016953	0.043936	0.372588	0.392547	0.381944	0.383663
10.000000	0.034431	0.034431	0.093961	0.371252	0.391327	0.380249	0.383881
15.000000	0.047377	0.047377	0.117805	0.370847	0.389266	0.380185	0.383244
20.000000	0.059893	0.059893	0.136788	0.367555	0.387620	0.377272	0.381202
25.000000	0.071655	0.071655	0.147483	0.370266	0.388652	0.378507	0.382542
30.000000	0.080938	0.080938	0.151181	0.368878	0.388171	0.381120	0.386527
35.000000	0.088096	0.088096	0.119913	0.371455	0.391847	0.377996	0.382011
40.000000	0.098168	0.098168	0.120242	0.370355	0.391147	0.379758	0.385159
45.000000	0.109689	0.109689	0.156973	0.370395	0.389969	0.379383	0.385599
50.000000	0.122137	0.122137	0.193915	0.366670	0.385410	0.377753	0.385525
55.000000	0.132041	0.132041	0.249720	0.368112	0.383899	0.379736	0.388473
60.000000	0.141232	0.141232	0.282136	0.366879	0.380581	0.381874	0.388454
65.000000	0.147694	0.147694	0.287432	0.370350	0.383513	0.382362	0.388034
70.000000	0.151499	0.151499	0.285435	0.368992	0.383649	0.380465	0.385951
75.000000	0.152302	0.152302	0.281372	0.369000	0.382952	0.380640	0.387199
80.000000	0.155045	0.155045	0.295491	0.367289	0.380723	0.380004	0.385237
85.000000	0.157234	0.157234	0.300679	0.369268	0.381273	0.381597	0.386308
90.000000	0.161930	0.161930	0.312742	0.367973	0.379335	0.380138	0.384569
95.000000	0.165111	0.165111	0.319764	0.368048	0.380573	0.380621	0.383905
100.000000	0.170739	0.170739	0.320887	0.365495	0.379034	0.378811	0.381830
105.000000	0.174690	0.174690	0.294333	0.369833	0.385098	0.379113	0.383062
110.000000	0.178444	0.178444	0.272433	0.369005	0.385538	0.381753	0.385534
115.000000	0.180917	0.180917	0.242304	0.370291	0.389175	0.379439	0.384355
120.000000	0.182848	0.182848	0.222641	0.370885	0.390175	0.379128	0.385525
125.000000	0.183912	0.183912	0.204656	0.368959	0.390674	0.379511	0.385359
130.000000	0.185376	0.185376	0.176565	0.368611	0.389704	0.376859	0.382486
135.000000	0.190156	0.190156	0.166121	0.367921	0.390044	0.377734	0.383237
140.000000	0.191786	0.191786	0.146706	0.370001	0.391046	0.379053	0.383301
145.000000	0.195170	0.195170	0.132903	0.369345	0.390663	0.378458	0.381030
150.000000	0.197473	0.197473	0.124442	0.367306	0.386962	0.377940	0.381345
155.000000	0.200391	0.200391	0.115481	0.368538	0.386764	0.376805	0.379548
160.000000	0.203580	0.203580	0.123213	0.369495	0.386893	0.377964	0.380952
165.000000	0.206423	0.206423	0.134693	0.367801	0.386526	0.377192	0.381205
170.000000	0.209023	0.209023	0.145512	0.368328	0.387095	0.378869	0.383952
175.000000	0.210679	0.210679	0.126179	0.367723	0.383651	0.377580	0.381955
180.000000	0.213989	0.213989	0.128922	0.370619	0.386550	0.377961	0.383060
185.000000	0.219937	0.219937	0.159204	0.367210	0.387212	0.377546	0.381915
190.000000	0.224454	0.224454	0.174433	0.367794	0.386292	0.379411	0.384016
195.000000	0.229375	0.229375	0.188563	0.367950	0.388528	0.378081	0.383009
200.000000	0.230865	0.230865	0.182359	0.365739	0.386292	0.380311	0.384040
205.000000	0.231408	0.231408	0.148111	0.366628	0.385479	0.378929	0.382204
210.000000	0.345123	0.345123	1.831268	0.359135	0.269368	0.356147	0.318459
215.000000	0.239559	0.239559	0.182648	0.366730	0.385906	0.379746	0.382849
220.000000	0.241880	0.241880	0.202553	0.368167	0.388095	0.380031	0.382320
225.000000	0.243083	0.243083	0.208707	0.366845	0.387280	0.381247	0.382987
230.000000	0.247452	0.247452	0.229279	0.366201	0.385527	0.380558	0.381354
235.000000	0.247103	0.247103	0.196364	0.369082	0.389769	0.379253	0.381353
240.000000	0.235504	0.235504	0.085237	0.372918	0.381849	0.376621	0.379889
245.000000	0.234955	0.234955	0.027937	0.371927	0.379709	0.376422	0.377519
250.000000	0.235088	0.235088	0.081946	0.371559	0.379977	0.378623	0.380944
255.000000	0.226276	0.226276	0.134942	0.372341	0.384396	0.377713	0.381203
