0.000000	1.000000
5.000000	0.997900
10.000000	0.996550
15.000000	0.993653
20.000000	0.990846
25.000000	0.988162
30.000000	0.986669
35.000000	0.986020
40.000000	0.983053
45.000000	0.977788
50.000000	0.974088
55.000000	0.971424
60.000000	0.968375
65.000000	0.963847
70.000000	0.960047
75.000000	0.955449
80.000000	0.950666
85.000000	0.947789
90.000000	0.942585
95.000000	0.936423
100.000000	0.931226
105.000000	0.927625
110.000000	0.921239
115.000000	0.914382
120.000000	0.909102
125.000000	0.902015
130.000000	0.895049
135.000000	0.887778
140.000000	0.882498
145.000000	0.874748
150.000000	0.867975
155.000000	0.860729
160.000000	0.856116
165.000000	0.850502
170.000000	0.844256
175.000000	0.839086
180.000000	0.834082
185.000000	0.829344
190.000000	0.824264
195.000000	0.820524
200.000000	0.819720
205.000000	0.816855
210.000000	0.813263
215.000000	0.810460
220.000000	0.810893
225.000000	0.805820
230.000000	0.798781
235.000000	0.798201
240.000000	0.792045
245.000000	0.779242
250.000000	0.765748
255.000000	0.752975
