0.000000	0.596997
5.000000	0.596063
10.000000	0.594817
15.000000	0.594093
20.000000	0.593195
25.000000	0.592113
30.000000	0.591013
35.000000	0.589636
40.000000	0.588433
45.000000	0.587151
50.000000	0.585990
55.000000	0.584111
60.000000	0.582604
65.000000	0.581083
70.000000	0.579393
75.000000	0.577266
80.000000	0.575505
85.000000	0.573820
90.000000	0.571502
95.000000	0.570493
100.000000	0.569254
105.000000	0.567448
110.000000	0.566590
115.000000	0.565835
120.000000	0.564557
125.000000	0.564061
130.000000	0.565537
135.000000	0.568002
140.000000	0.568813
145.000000	0.574144
150.000000	0.578355
155.000000	0.585361
160.000000	0.594201
165.000000	0.604554
170.000000	0.614259
175.000000	0.628912
180.000000	0.648228
185.000000	0.665314
190.000000	0.685823
195.000000	0.710802
200.000000	0.738180
205.000000	0.764961
210.000000	0.795932
215.000000	0.826315
220.000000	0.853705
225.000000	0.883706
230.000000	0.915807
235.000000	0.944278
240.000000	0.964876
245.000000	0.980439
250.000000	0.995033
255.000000	1.000000
