0.000000	0.000000	0.000000	0.000000	0.551232	0.331383	0.577172	0.257795
5.000000	0.087134	0.004086	-0.087134	0.543600	0.337733	0.598489	0.264018
10.000000	0.118664	-0.007333	-0.118664	0.543191	0.334022	0.607107	0.265799
15.000000	0.127759	-0.064380	-0.127759	0.537468	0.334320	0.611305	0.269514
20.000000	0.142746	-0.133724	-0.142746	0.541592	0.331701	0.612237	0.271845
25.000000	0.139474	-0.150641	-0.139474	0.541149	0.332247	0.608029	0.272426
30.000000	0.155681	-0.364142	-0.155681	0.540265	0.321789	0.611740	0.278185
35.000000	0.172264	-0.463635	-0.172264	0.541476	0.315875	0.610032	0.280655
40.000000	0.170176	-0.666013	-0.170176	0.543853	0.304627	0.603923	0.283201
45.000000	0.170021	-0.510063	-0.170021	0.542845	0.314160	0.601614	0.278852
50.000000	0.172070	-0.490680	-0.172070	0.543148	0.314274	0.597785	0.277313
55.000000	0.178843	-0.538234	-0.178843	0.539660	0.311790	0.593440	0.277406
60.000000	0.165679	-0.590895	-0.165679	0.540664	0.308075	0.590875	0.277944
65.000000	0.175416	-0.466251	-0.175416	0.541818	0.314799	0.588343	0.274012
70.000000	0.183780	-0.499553	-0.183780	0.541556	0.312630	0.588001	0.274595
75.000000	0.186370	-0.583750	-0.186370	0.539708	0.308668	0.584846	0.276930
80.000000	0.197487	-0.373958	-0.197487	0.540782	0.320927	0.582322	0.272735
85.000000	0.210405	-0.469408	-0.210405	0.543122	0.314968	0.584252	0.274672
90.000000	0.198965	-0.369982	-0.198965	0.540425	0.320646	0.581651	0.272596
95.000000	0.210666	-0.238938	-0.210666	0.534936	0.332691	0.578055	0.269520
100.000000	0.195606	-0.422380	-0.195606	0.538010	0.318148	0.583372	0.274070
105.000000	0.192950	-0.432987	-0.192950	0.538284	0.318809	0.584211	0.273692
110.000000	0.207364	-0.281564	-0.207364	0.538356	0.329128	0.579330	0.269965
115.000000	0.202593	-0.289200	-0.202593	0.540437	0.324293	0.578625	0.270261
120.000000	0.208083	-0.325442	-0.208083	0.539848	0.324503	0.578813	0.272381
125.000000	0.202743	-0.372270	-0.202743	0.542690	0.319343	0.579874	0.273611
130.000000	0.211948	-0.232027	-0.211948	0.543430	0.327641	0.574519	0.271350
135.000000	0.212203	-0.295330	-0.212203	0.543573	0.325627	0.576645	0.274054
140.000000	0.191746	-0.481417	-0.191746	0.547365	0.311092	0.581515	0.276966
145.000000	0.204371	-0.530540	-0.204371	0.546611	0.309175	0.583261	0.277660
150.000000	0.190555	-0.765776	-0.190555	0.543952	0.299820	0.576265	0.279601
155.000000	0.185646	-0.733601	-0.185646	0.543419	0.301138	0.577551	0.279449
160.000000	0.209506	-0.565243	-0.209506	0.547210	0.306550	0.581606	0.278953
165.000000	0.208071	-0.498087	-0.208071	0.545898	0.310319	0.580099	0.278701
170.000000	0.220834	-0.337862	-0.220834	0.542515	0.322887	0.576995	0.276153
175.000000	0.227295	-0.199155	-0.227295	0.538585	0.328191	0.573131	0.270888
180.000000	0.222843	-0.151180	-0.222843	0.545964	0.326282	0.574009	0.267311
185.000000	0.233910	-0.450222	-0.233910	0.541040	0.317154	0.578812	0.278131
190.000000	0.211308	-0.243374	-0.211308	0.545466	0.324277	0.575865	0.271080
195.000000	0.225140	-0.490661	-0.225140	0.545557	0.311857	0.579495	0.278497
200.000000	0.222068	-0.431676	-0.222068	0.542253	0.318353	0.580956	0.276842
205.000000	0.213939	-0.408998	-0.213939	0.540968	0.318068	0.579599	0.275978
210.000000	0.235074	-0.367848	-0.235074	0.537309	0.324743	0.579906	0.275409
215.000000	0.217401	-0.418011	-0.217401	0.543937	0.319060	0.581128	0.276822
220.000000	0.221827	-0.439777	-0.221827	0.538712	0.317311	0.581676	0.277585
225.000000	0.192303	-0.440229	-0.192303	0.548550	0.313417	0.580517	0.274964
230.000000	0.178208	-0.347233	-0.178208	0.542537	0.321975	0.576156	0.273154
235.000000	0.177901	-0.478441	-0.177901	0.551094	0.309656	0.578957	0.273459
240.000000	0.178208	-0.640321	-0.178208	0.548106	0.301938	0.577409	0.278793
245.000000	0.176785	-0.471137	-0.176785	0.548986	0.311400	0.580802	0.274672
250.000000	0.212590	-0.298759	-0.212590	0.545249	0.324802	0.577655	0.273143
255.000000	0.222508	-0.221416	-0.222508	0.544366	0.328644	0.574761	0.270278
