0.000000	0.000000	0.000000	0.000000	0.395543	0.351328	0.389363	0.351416
5.000000	0.043904	-0.079131	-0.043904	0.395416	0.353650	0.389822	0.352105
10.000000	0.103566	-0.137531	-0.103566	0.398272	0.355518	0.396692	0.353520
15.000000	0.160498	-0.175977	-0.160498	0.395038	0.351897	0.398812	0.352498
20.000000	0.216125	-0.109783	-0.216125	0.392281	0.337500	0.395783	0.352726
25.000000	0.280974	-0.082300	-0.280974	0.392444	0.330854	0.397466	0.356312
30.000000	0.343105	-0.138481	-0.343105	0.393939	0.329579	0.399456	0.360422
35.000000	0.383323	-0.243539	-0.383323	0.389472	0.331522	0.396647	0.358840
40.000000	0.429110	-0.299275	-0.429110	0.391950	0.333056	0.399705	0.362903
45.000000	0.464623	-0.356312	-0.464623	0.388018	0.330608	0.398997	0.360634
50.000000	0.502473	-0.360051	-0.502473	0.388539	0.328313	0.392626	0.360533
55.000000	0.526908	-0.300468	-0.526908	0.393265	0.325649	0.386434	0.357245
60.000000	0.572423	-0.236317	-0.572423	0.391031	0.315020	0.387975	0.365618
65.000000	0.662557	-0.610845	-0.662557	0.386134	0.332647	0.380379	0.349387
70.000000	0.599088	-0.569870	-0.599088	0.389321	0.334125	0.370264	0.346633
75.000000	0.637312	-0.661897	-0.637312	0.391063	0.341334	0.380526	0.351790
80.000000	0.655644	-0.703774	-0.655644	0.387500	0.339902	0.376370	0.349355
85.000000	0.676484	-0.731343	-0.676484	0.390994	0.343477	0.377135	0.349693
90.000000	0.697967	-0.830754	-0.697967	0.394050	0.353153	0.368157	0.341111
95.000000	0.708886	-0.797645	-0.708886	0.391410	0.349201	0.373686	0.346192
100.000000	0.716820	-0.758944	-0.716820	0.386769	0.339839	0.370669	0.342963
105.000000	0.734326	-0.807912	-0.734326	0.391422	0.344733	0.370571	0.343564
110.000000	0.745914	-0.835084	-0.745914	0.390882	0.343867	0.364911	0.338827
115.000000	0.755106	-0.835107	-0.755106	0.390072	0.343779	0.367143	0.341042
120.000000	0.765286	-0.828597	-0.765286	0.384304	0.335821	0.364805	0.338884
125.000000	0.776413	-0.844550	-0.776413	0.389182	0.343332	0.366002	0.340200
130.000000	0.785275	-0.885074	-0.785275	0.391009	0.345962	0.366915	0.341708
135.000000	0.791927	-0.944138	-0.791927	0.391993	0.353810	0.363240	0.338515
140.000000	0.797243	-1.006863	-0.797243	0.392792	0.359062	0.366988	0.341023
145.000000	0.807432	-1.057903	-0.807432	0.390280	0.357849	0.369414	0.340687
150.000000	0.819118	-1.095990	-0.819118	0.391665	0.360077	0.370114	0.340823
155.000000	0.825537	-1.115097	-0.825537	0.388698	0.356064	0.371497	0.342451
160.000000	0.828319	-1.120213	-0.828319	0.392644	0.361767	0.368689	0.340081
165.000000	0.828799	-1.106089	-0.828799	0.392327	0.360416	0.370124	0.341041
170.000000	0.830451	-1.081914	-0.830451	0.392090	0.360316	0.369329	0.340610
175.000000	0.835872	-1.114174	-0.835872	0.391304	0.359654	0.370725	0.341208
180.000000	0.833467	-1.065810	-0.833467	0.392307	0.358656	0.369346	0.340553
185.000000	0.839038	-1.007997	-0.839038	0.394087	0.356465	0.365060	0.338956
190.000000	0.844839	-0.972364	-0.844839	0.388551	0.348304	0.360004	0.335558
195.000000	0.850029	-0.919776	-0.850029	0.389399	0.343588	0.363476	0.338327
200.000000	0.877156	-0.934438	-0.877156	0.348253	0.262390	0.357419	0.291418
205.000000	0.853094	-0.836885	-0.853094	0.390919	0.336666	0.364411	0.338983
210.000000	0.860472	-0.797567	-0.860472	0.384609	0.322243	0.364807	0.338283
215.000000	0.866406	-0.764715	-0.866406	0.385029	0.324630	0.364868	0.339481
220.000000	0.871753	-0.701189	-0.871753	0.380282	0.315244	0.367842	0.341635
225.000000	0.874576	-0.655516	-0.874576	0.381710	0.312568	0.371714	0.343932
230.000000	0.878087	-0.605129	-0.878087	0.378069	0.305421	0.372145	0.344827
235.000000	0.884087	-0.559347	-0.884087	0.384662	0.305237	0.374045	0.347101
240.000000	0.892004	-0.506897	-0.892004	0.377071	0.294992	0.376018	0.351051
245.000000	0.897004	-0.471030	-0.897004	0.388935	0.302069	0.378727	0.355080
250.000000	0.900257	-0.453996	-0.900257	0.379812	0.294771	0.377937	0.353570
255.000000	0.898880	-0.502477	-0.898880	0.377649	0.294523	0.377128	0.351177
