0.000000	0.932079
5.000000	0.924368
10.000000	0.920903
15.000000	0.918408
20.000000	0.916574
25.000000	0.919921
30.000000	0.924062
35.000000	0.928318
40.000000	0.932510
45.000000	0.932787
50.000000	0.931272
55.000000	0.932547
60.000000	0.929939
65.000000	0.928576
70.000000	0.928916
75.000000	0.930122
80.000000	0.933339
85.000000	0.935457
90.000000	0.937437
95.000000	0.940573
100.000000	0.938319
105.000000	0.932350
110.000000	0.933770
115.000000	0.935773
120.000000	0.936120
125.000000	0.946891
130.000000	0.952326
135.000000	0.954663
140.000000	0.957368
145.000000	0.959546
150.000000	0.960077
155.000000	0.961455
160.000000	0.965295
165.000000	0.970527
170.000000	0.978078
175.000000	0.987529
180.000000	0.972002
185.000000	1.000000
190.000000	0.996588
195.000000	0.993016
200.000000	0.998190
205.000000	0.974359
210.000000	0.961838
215.000000	0.947647
220.000000	0.938522
225.000000	0.915269
230.000000	0.876984
235.000000	0.832158
240.000000	0.772727
245.000000	0.720436
250.000000	0.651668
255.000000	0.585169
