0.000000	0.571530
5.000000	0.572225
10.000000	0.573039
15.000000	0.574152
20.000000	0.575450
25.000000	0.575941
30.000000	0.577307
35.000000	0.578902
40.000000	0.579600
45.000000	0.580359
50.000000	0.581901
55.000000	0.585224
60.000000	0.586030
65.000000	0.588631
70.000000	0.590119
75.000000	0.592521
80.000000	0.598126
85.000000	0.600565
90.000000	0.602589
95.000000	0.604709
100.000000	0.611597
105.000000	0.612955
110.000000	0.620495
115.000000	0.631995
120.000000	0.635484
125.000000	0.640050
130.000000	0.648910
135.000000	0.663947
140.000000	0.669943
145.000000	0.680013
150.000000	0.693832
155.000000	0.706645
160.000000	0.720845
165.000000	0.740519
170.000000	0.749699
175.000000	0.779483
180.000000	0.785739
185.000000	0.823224
190.000000	0.834269
195.000000	0.864001
200.000000	0.874159
205.000000	0.909166
210.000000	0.919237
215.000000	0.927100
220.000000	0.959842
225.000000	0.961010
230.000000	0.987812
235.000000	1.000000
240.000000	0.983633
245.000000	0.993708
250.000000	0.975616
255.000000	0.970566
