0.000000	0.000000	0.000000	0.000000	0.435582	0.042731	0.424066	0.083134
5.000000	0.230511	0.282531	-0.230511	0.430353	0.061909	0.406179	0.090801
10.000000	0.277152	0.354982	-0.277152	0.427518	0.063048	0.405942	0.088026
15.000000	0.109153	0.125874	0.109153	0.428092	0.053346	0.416822	0.080251
20.000000	0.183836	0.126911	0.183836	0.410555	0.060114	0.392788	0.069132
25.000000	0.285000	0.111621	0.285000	0.444359	0.056130	0.406782	0.060134
30.000000	0.296781	0.164227	0.296781	0.430588	0.056201	0.406142	0.062236
35.000000	0.373457	0.113408	0.373457	0.420649	0.031689	0.424576	0.066750
40.000000	0.368347	0.179218	0.368347	0.431652	0.036262	0.410835	0.063852
45.000000	0.458075	0.174570	0.458075	0.435321	0.023279	0.416061	0.059800
50.000000	0.596743	0.181638	0.596743	0.419524	0.043042	0.397437	0.048313
55.000000	0.666650	0.159069	0.666650	0.433436	0.037602	0.400111	0.048558
60.000000	1.012461	-0.105100	1.012461	0.421558	0.014750	0.418871	0.046556
65.000000	0.992641	-0.008737	0.992641	0.428576	0.010774	0.403037	0.047715
70.000000	1.097116	-0.047194	1.097116	0.403662	0.017233	0.416336	0.049999
75.000000	1.267251	0.060130	1.267251	0.434439	0.018880	0.408855	0.039217
80.000000	1.236895	-0.019848	1.236895	0.409903	0.015532	0.407797	0.048680
85.000000	1.829914	-0.454100	1.829914	0.433633	0.019112	0.397192	0.042098
90.000000	1.312667	0.240440	1.312667	0.435476	0.031083	0.396733	0.042409
95.000000	1.501421	0.016521	1.501421	0.422600	0.024227	0.406363	0.045947
100.000000	1.657641	0.000784	1.657641	0.433454	0.024898	0.400784	0.045621
105.000000	1.681703	-0.035514	1.681703	0.412289	0.024599	0.411154	0.047164
110.000000	1.864891	-0.089229	1.864891	0.427201	0.026694	0.409480	0.048169
115.000000	2.031424	-0.357067	2.031424	0.424763	0.035881	0.413902	0.043818
120.000000	2.177984	-0.311670	2.177984	0.433807	0.044732	0.405221	0.044985
125.000000	2.113446	-0.308786	2.113446	0.429759	0.037908	0.405111	0.044094
130.000000	1.992831	-0.113113	1.992831	0.423224	0.031690	0.401282	0.049901
135.000000	1.949469	0.021738	1.949469	0.422004	0.031395	0.392580	0.052468
140.000000	1.926135	0.085210	1.926135	0.425468	0.030578	0.408344	0.055365
145.000000	1.962651	0.092889	1.962651	0.417656	0.030644	0.394753	0.055900
150.000000	1.987608	0.058281	1.987608	0.417369	0.031852	0.399195	0.056157
155.000000	2.129330	-0.010106	2.129330	0.437617	0.035811	0.397184	0.059564
160.000000	1.974734	0.197171	1.974734	0.421066	0.032547	0.382076	0.057967
165.000000	2.073787	0.114063	2.073787	0.432782	0.032136	0.392136	0.061264
170.000000	2.152332	0.010893	2.152332	0.422377	0.036627	0.391478	0.059010
175.000000	2.196486	0.040266	2.196486	0.438868	0.036776	0.389919	0.065260
180.000000	2.300617	-0.051104	2.300617	0.429356	0.044280	0.401051	0.063043
185.000000	2.311930	-0.050901	2.311930	0.428342	0.045501	0.400464	0.062614
190.000000	2.330622	-0.025545	2.330622	0.435315	0.044341	0.389093	0.065218
195.000000	2.332165	-0.013623	2.332165	0.428087	0.043702	0.397331	0.065123
200.000000	2.363614	-0.030322	2.363614	0.432733	0.046523	0.392298	0.064927
205.000000	2.386633	-0.018850	2.386633	0.430338	0.048229	0.390079	0.068448
210.000000	2.389081	-0.028158	2.389081	0.429673	0.047865	0.399651	0.066815
215.000000	2.406809	-0.009487	2.406809	0.429330	0.047829	0.389900	0.069391
220.000000	2.402424	0.035823	2.402424	0.426768	0.043992	0.400047	0.070374
225.000000	2.408414	0.019525	2.408414	0.429387	0.044988	0.391352	0.069162
230.000000	2.456060	0.012785	2.456060	0.430687	0.049030	0.397161	0.070814
235.000000	2.416287	0.061455	2.416287	0.435281	0.042404	0.397918	0.074538
240.000000	2.485126	-0.028118	2.485126	0.419709	0.053890	0.397250	0.067088
245.000000	2.490777	-0.011355	2.490777	0.430612	0.054523	0.394111	0.070479
250.000000	2.471003	0.021510	2.471003	0.424793	0.048649	0.401476	0.073264
255.000000	2.456005	0.037546	2.456005	0.424876	0.046950	0.400006	0.072689
