0.000000	0.991989
5.000000	0.992013
10.000000	0.992017
15.000000	0.992951
20.000000	0.992417
25.000000	0.992235
30.000000	0.992601
35.000000	0.993382
40.000000	0.994017
45.000000	0.994488
50.000000	0.995222
55.000000	0.998308
60.000000	0.997148
65.000000	0.996837
70.000000	0.996738
75.000000	1.000000
80.000000	0.997517
85.000000	0.996092
90.000000	0.999308
95.000000	0.997264
100.000000	0.993864
105.000000	0.991926
110.000000	0.997653
115.000000	0.992799
120.000000	0.988404
125.000000	0.991695
130.000000	0.991525
135.000000	0.982909
140.000000	0.975763
145.000000	0.984993
150.000000	0.974128
155.000000	0.961112
160.000000	0.958034
165.000000	0.961660
170.000000	0.945440
175.000000	0.930033
180.000000	0.941229
185.000000	0.930901
190.000000	0.923491
195.000000	0.919975
200.000000	0.903952
205.000000	0.910327
210.000000	0.885754
215.000000	0.888778
220.000000	0.901297
225.000000	0.883605
230.000000	0.904329
235.000000	0.901455
240.000000	0.896417
245.000000	0.916993
250.000000	0.928909
255.000000	0.932002
