0.000000	0.000000	0.000000	0.000000	0.406021	0.035068	0.410000	0.356026
5.000000	0.146867	0.146867	-0.118080	0.402318	0.032882	0.410296	0.356926
10.000000	0.285889	0.285889	-0.216635	0.403157	0.034314	0.408408	0.355376
15.000000	0.407195	0.407195	-0.305761	0.393684	0.042328	0.408628	0.359210
20.000000	0.472549	0.472549	-0.306567	0.393302	0.044674	0.410008	0.363813
25.000000	0.522699	0.522699	-0.286510	0.393485	0.045365	0.406942	0.362160
30.000000	0.557346	0.557346	-0.229803	0.393277	0.039816	0.412941	0.364408
35.000000	0.582554	0.582554	-0.173622	0.389619	0.035935	0.406898	0.359087
40.000000	0.610317	0.610317	-0.114476	0.387462	0.029488	0.413211	0.365253
45.000000	0.575499	0.575499	0.008742	0.387777	0.022630	0.403888	0.354254
50.000000	0.398446	0.398446	0.291664	0.387387	0.017260	0.407412	0.355939
55.000000	0.225619	0.225619	0.575942	0.392954	0.025752	0.411168	0.350954
60.000000	0.220509	0.220509	0.655565	0.390432	0.025213	0.407220	0.345512
65.000000	0.239762	0.239762	0.696079	0.389647	0.022345	0.415332	0.348462
70.000000	0.226486	0.226486	0.773823	0.390461	0.023171	0.412437	0.342601
75.000000	0.215138	0.215138	0.833681	0.389722	0.022363	0.412618	0.339353
80.000000	0.219117	0.219117	0.890982	0.392253	0.022817	0.411132	0.335730
85.000000	0.213948	0.213948	0.944486	0.388970	0.025788	0.412061	0.337841
90.000000	0.222799	0.222799	0.994365	0.388614	0.028176	0.408779	0.331873
95.000000	0.220034	0.220034	1.037947	0.389762	0.029161	0.408892	0.330979
100.000000	0.238291	0.238291	1.079264	0.392365	0.035100	0.407414	0.328776
105.000000	0.242518	0.242518	1.114786	0.393334	0.037415	0.398885	0.320926
110.000000	0.264587	0.264587	1.143018	0.391236	0.042580	0.401491	0.323686
115.000000	0.257238	0.257238	1.175392	0.393970	0.040881	0.398374	0.320458
120.000000	0.254934	0.254934	1.207438	0.394030	0.040490	0.400425	0.321479
125.000000	0.245163	0.245163	1.241245	0.395606	0.038345	0.402835	0.323671
130.000000	0.250919	0.250919	1.264395	0.398842	0.038910	0.399251	0.320414
135.000000	0.234833	0.234833	1.297483	0.397721	0.036905	0.397659	0.320000
140.000000	0.226476	0.226476	1.326801	0.395654	0.034880	0.400226	0.321877
145.000000	0.193949	0.193949	1.364311	0.392676	0.030953	0.398244	0.321189
150.000000	0.180745	0.180745	1.388950	0.394933	0.029964	0.399353	0.321696
155.000000	0.162082	0.162082	1.414725	0.393975	0.027836	0.400907	0.322270
160.000000	0.166522	0.166522	1.431302	0.394813	0.028721	0.397512	0.319080
165.000000	0.181741	0.181741	1.434787	0.392572	0.029419	0.398597	0.322645
170.000000	0.188480	0.188480	1.445779	0.396476	0.030333	0.396881	0.319288
175.000000	0.175117	0.175117	1.474126	0.393171	0.029355	0.394839	0.318334
180.000000	0.137048	0.137048	1.516089	0.393067	0.027081	0.398936	0.320678
185.000000	0.136456	0.136456	1.526807	0.395134	0.027193	0.400957	0.322384
190.000000	0.128019	0.128019	1.542177	0.392688	0.026581	0.391976	0.315304
195.000000	0.193653	0.193653	1.508236	0.393535	0.030021	0.396759	0.321119
200.000000	0.225173	0.225173	1.493228	0.395984	0.032437	0.393351	0.317223
205.000000	0.294465	0.294465	1.457569	0.397483	0.038922	0.398527	0.322824
210.000000	0.303633	0.303633	1.464300	0.396228	0.039896	0.392568	0.318169
215.000000	0.237366	0.237366	1.521175	0.396135	0.033713	0.399132	0.323680
220.000000	0.185973	0.185973	1.567285	0.395282	0.030093	0.402249	0.325313
225.000000	0.128538	0.128538	1.616632	0.393903	0.027444	0.392307	0.316773
230.000000	0.017544	-0.017544	1.740980	0.391371	0.025498	0.397231	0.322897
235.000000	0.068220	-0.068220	1.791827	0.392565	0.026099	0.395760	0.320338
240.000000	0.096229	-0.096229	1.821857	0.389772	0.026458	0.396310	0.321966
245.000000	0.128426	-0.128426	1.854312	0.389120	0.027780	0.396769	0.322050
250.000000	0.131106	-0.131106	1.861209	0.387085	0.027475	0.396925	0.322846
255.000000	0.163828	-0.163828	1.890642	0.390948	0.029118	0.392999	0.318170
