0.000000	0.081824
5.000000	0.080039
10.000000	0.078554
15.000000	0.076737
20.000000	0.074795
25.000000	0.073583
30.000000	0.071585
35.000000	0.069302
40.000000	0.068791
45.000000	0.067269
50.000000	0.065430
55.000000	0.063931
60.000000	0.063191
65.000000	0.063223
70.000000	0.062621
75.000000	0.062950
80.000000	0.064108
85.000000	0.066075
90.000000	0.069131
95.000000	0.072506
100.000000	0.077043
105.000000	0.085206
110.000000	0.093472
115.000000	0.102929
120.000000	0.116972
125.000000	0.133260
130.000000	0.150639
135.000000	0.171365
140.000000	0.194490
145.000000	0.225216
150.000000	0.254442
155.000000	0.288131
160.000000	0.331298
165.000000	0.381283
170.000000	0.428336
175.000000	0.479437
180.000000	0.536775
185.000000	0.602522
190.000000	0.653191
195.000000	0.712633
200.000000	0.783768
205.000000	0.828358
210.000000	0.897699
215.000000	0.931593
220.000000	0.956900
225.000000	0.987324
230.000000	1.000000
235.000000	0.988032
240.000000	0.961791
245.000000	0.940736
250.000000	0.897593
255.000000	0.830140
