0.000000	0.000000	0.000000	0.000000	0.376038	0.322406	0.424800	0.348951
5.000000	0.004582	0.028324	0.004582	0.378653	0.322336	0.423822	0.346231
10.000000	0.022786	0.047850	0.022786	0.374543	0.322003	0.427474	0.349073
15.000000	0.044293	0.065668	0.044293	0.377545	0.323122	0.421783	0.341902
20.000000	0.065232	0.087474	0.065232	0.374847	0.321219	0.424128	0.344544
25.000000	0.082581	0.129086	0.082581	0.375032	0.322598	0.417760	0.341302
30.000000	0.099774	0.161743	0.099774	0.375850	0.323406	0.416771	0.341741
35.000000	0.118894	0.185431	0.118894	0.373033	0.321644	0.417514	0.344447
40.000000	0.136663	0.183794	0.136663	0.376575	0.323094	0.418715	0.345166
45.000000	0.157456	0.154448	0.157456	0.378895	0.325213	0.418321	0.345333
50.000000	0.181780	0.143573	0.181780	0.373622	0.319959	0.420729	0.345953
55.000000	0.211819	-1.741174	0.211819	0.360586	0.315833	0.369974	0.318361
60.000000	0.232999	0.226830	0.232999	0.374611	0.322151	0.420222	0.348284
65.000000	0.240086	0.275293	0.240086	0.376414	0.324040	0.416716	0.345665
70.000000	0.256473	0.316782	0.256473	0.374351	0.322829	0.424205	0.353732
75.000000	0.214534	-1.219421	0.214534	0.389062	0.343733	0.370239	0.346477
80.000000	0.287558	0.369861	0.287558	0.375017	0.324054	0.421191	0.346477
85.000000	0.302531	0.360169	0.302531	0.377377	0.325593	0.412651	0.334129
90.000000	0.312877	0.395716	0.312877	0.373816	0.323775	0.418443	0.334269
95.000000	0.323514	0.472239	0.323514	0.381473	0.329453	0.410260	0.327448
100.000000	0.338658	0.509937	0.338658	0.375548	0.325311	0.407754	0.322899
105.000000	0.359510	0.516954	0.359510	0.379499	0.329188	0.410704	0.315895
110.000000	0.377555	0.499710	0.377555	0.374019	0.324424	0.413048	0.305249
115.000000	0.395560	0.442087	0.395560	0.378224	0.323219	0.426508	0.296448
120.000000	0.420948	0.382131	0.420948	0.369020	0.317042	0.420471	0.275273
125.000000	0.443342	0.404850	0.443342	0.377551	0.323806	0.435563	0.269210
130.000000	0.457273	0.430903	0.457273	0.373769	0.320438	0.434521	0.254210
135.000000	0.472729	0.443505	0.472729	0.369767	0.318375	0.430323	0.237561
140.000000	0.495945	0.448389	0.495945	0.378625	0.324268	0.448938	0.228648
145.000000	0.520928	0.442019	0.520928	0.370766	0.319102	0.447653	0.209374
150.000000	0.555970	0.461339	0.555970	0.375307	0.323638	0.462816	0.197131
155.000000	0.583463	0.498159	0.583463	0.371448	0.320106	0.466971	0.181666
160.000000	0.619273	0.504886	0.619273	0.372798	0.322738	0.472405	0.168403
165.000000	0.655781	0.517029	0.655781	0.366813	0.318046	0.475768	0.154732
170.000000	0.710511	0.548456	0.710511	0.370496	0.325413	0.488639	0.140829
175.000000	0.764969	0.591350	0.764969	0.369863	0.324981	0.493401	0.132599
180.000000	0.797134	-0.445980	0.797134	0.370122	0.333532	0.495160	0.083715
185.000000	0.888535	0.705772	0.888535	0.371539	0.326318	0.495890	0.124966
190.000000	0.956934	0.771427	0.956934	0.370719	0.325622	0.480022	0.127136
195.000000	1.016449	0.870875	1.016449	0.370566	0.324034	0.468561	0.134074
200.000000	1.060382	0.974001	1.060382	0.372129	0.322604	0.471855	0.134898
205.000000	1.102963	1.025630	1.102963	0.374828	0.324411	0.467431	0.139263
210.000000	1.309825	1.602488	1.309825	0.471320	0.122210	0.349226	0.305153
215.000000	1.170404	1.100840	1.170404	0.372311	0.321675	0.461368	0.148174
220.000000	1.187097	1.155557	1.187097	0.373540	0.319846	0.470742	0.152809
225.000000	1.202297	1.310070	1.202297	0.375401	0.325238	0.493943	0.155259
230.000000	1.222628	1.399670	1.222628	0.379231	0.329088	0.481403	0.159702
235.000000	1.243966	1.458531	1.243966	0.379377	0.329149	0.477516	0.166550
240.000000	1.184315	0.352585	1.184315	0.487098	0.185381	0.356091	0.336318
245.000000	1.266005	1.521006	1.266005	0.386304	0.333427	0.483177	0.174858
250.000000	1.270635	1.560384	1.270635	0.387008	0.338759	0.483765	0.179522
255.000000	1.274730	1.600216	1.274730	0.390312	0.340722	0.480334	0.180594
