0.000000	0.712306
5.000000	0.714966
10.000000	0.718084
15.000000	0.722251
20.000000	0.726391
25.000000	0.729175
30.000000	0.734486
35.000000	0.738873
40.000000	0.744477
45.000000	0.750957
50.000000	0.757052
55.000000	0.762897
60.000000	0.770696
65.000000	0.778472
70.000000	0.786416
75.000000	0.793845
80.000000	0.801804
85.000000	0.812093
90.000000	0.821708
95.000000	0.830975
100.000000	0.842780
105.000000	0.856056
110.000000	0.865219
115.000000	0.876179
120.000000	0.887734
125.000000	0.904544
130.000000	0.913566
135.000000	0.923295
140.000000	0.938024
145.000000	0.946344
150.000000	0.959564
155.000000	0.974416
160.000000	0.975967
165.000000	0.978431
170.000000	1.000000
175.000000	0.998150
180.000000	0.988964
185.000000	0.984264
190.000000	0.997381
195.000000	0.977575
200.000000	0.951362
205.000000	0.948280
210.000000	0.911634
215.000000	0.894852
220.000000	0.872930
225.000000	0.829596
230.000000	0.782331
235.000000	0.763541
240.000000	0.725182
245.000000	0.680997
250.000000	0.648372
255.000000	0.615309
