0.000000	0.000000	0.000000	0.000000	0.382061	0.369740	0.393785	0.357539
5.000000	0.000611	-0.000611	-0.033628	0.386872	0.373436	0.393146	0.356376
10.000000	0.030073	0.030073	-0.008224	0.384789	0.370086	0.384262	0.350310
15.000000	0.067063	0.067063	0.017746	0.382994	0.369498	0.379465	0.349345
20.000000	0.104859	0.104859	0.025216	0.381490	0.371181	0.372868	0.343513
25.000000	0.144439	0.144439	0.061125	0.379675	0.368899	0.367658	0.344580
30.000000	0.187795	0.187795	0.132968	0.379515	0.366825	0.363176	0.344803
35.000000	0.232161	0.232161	0.204375	0.377781	0.365228	0.369302	0.354921
40.000000	0.283071	0.283071	0.271987	0.378835	0.365619	0.372542	0.363181
45.000000	0.330220	0.330220	0.316202	0.375238	0.362297	0.382969	0.373445
50.000000	0.382552	0.382552	0.386483	0.374396	0.364612	0.378697	0.374937
55.000000	0.429025	0.429025	0.386479	0.375973	0.363846	0.382663	0.377586
60.000000	0.484379	0.484379	0.411372	0.374033	0.363158	0.380485	0.381007
65.000000	0.524287	0.524287	2.283957	0.349663	0.301001	0.293896	0.225839
70.000000	0.529820	0.529820	3.066652	0.351524	0.297640	0.279689	0.213177
75.000000	0.609848	0.609848	4.632626	0.375271	0.359378	0.368265	0.380581
80.000000	0.645148	0.645148	4.682850	0.371272	0.359163	0.362117	0.371683
85.000000	0.678211	0.678211	4.688268	0.372220	0.359067	0.364435	0.374107
90.000000	0.706851	0.706851	4.698241	0.373070	0.359089	0.354239	0.364496
95.000000	0.743706	0.743706	2.826889	0.397159	0.349540	0.318600	0.285944
100.000000	1.728836	1.728836	3.575903	0.329600	0.296286	0.325322	0.300899
105.000000	2.786131	2.786131	2.739802	0.375180	0.360941	0.356931	0.366866
110.000000	2.809729	2.809729	2.786897	0.371583	0.357620	0.362739	0.365443
115.000000	2.829104	2.829104	2.842019	0.372324	0.357692	0.372125	0.366846
120.000000	2.849153	2.849153	2.899313	0.372308	0.355036	0.376882	0.366324
125.000000	2.867005	2.867005	2.954428	0.374782	0.358490	0.375115	0.360342
130.000000	2.878915	2.878915	2.992984	0.371851	0.357863	0.372476	0.351861
135.000000	2.891220	2.891220	3.002813	0.373422	0.357509	0.378642	0.355445
140.000000	2.903946	2.903946	2.977062	0.371671	0.353793	0.366254	0.344077
145.000000	2.915895	2.915895	2.900922	0.372400	0.359147	0.376913	0.358521
150.000000	2.927460	2.927460	2.827760	0.371150	0.358371	0.369814	0.355930
155.000000	2.934499	2.934499	2.774648	0.372137	0.360044	0.369826	0.358801
160.000000	2.940097	2.940097	2.718626	0.370829	0.359091	0.366471	0.357561
165.000000	2.949744	2.949744	2.707777	0.372839	0.360181	0.367382	0.358235
170.000000	2.960853	2.960853	2.712776	0.372571	0.359561	0.367019	0.356265
175.000000	2.969817	2.969817	2.702940	0.371313	0.359143	0.371739	0.358486
180.000000	2.974266	2.974266	2.728732	0.373510	0.361947	0.371122	0.356329
185.000000	2.977398	2.977398	2.745453	0.374432	0.362029	0.370291	0.353970
190.000000	2.978422	2.978422	2.772227	0.371278	0.360875	0.372934	0.353516
195.000000	2.982862	2.982862	2.791287	0.374469	0.363237	0.370436	0.346604
200.000000	2.990524	2.990524	2.786771	0.372617	0.360706	0.372198	0.348921
205.000000	2.998575	2.998575	2.807387	0.372255	0.362057	0.370836	0.343941
210.000000	3.006510	3.006510	2.829573	0.371632	0.360214	0.370987	0.341459
215.000000	3.015392	3.015392	2.857586	0.370767	0.358626	0.367085	0.335305
220.000000	3.022740	3.022740	2.896948	0.371984	0.359742	0.372019	0.336485
225.000000	3.027188	3.027188	2.892404	0.373250	0.361479	0.367991	0.332825
230.000000	3.032334	3.032334	2.886803	0.372270	0.361533	0.371252	0.334034
235.000000	3.036604	3.036604	2.858620	0.370527	0.359070	0.369015	0.334040
240.000000	3.036134	3.036134	2.821173	0.372910	0.360755	0.364960	0.332107
245.000000	3.034816	3.034816	2.769283	0.372802	0.359964	0.369531	0.340125
250.000000	3.034178	3.034178	2.700990	0.374842	0.362391	0.371460	0.346650
255.000000	3.038218	3.038218	2.660922	0.376024	0.362187	0.372193	0.350008
