0.000000	1.000000
5.000000	0.992649
10.000000	0.985168
15.000000	0.977788
20.000000	0.974192
25.000000	0.962902
30.000000	0.953136
35.000000	0.947214
40.000000	0.936110
45.000000	0.922396
50.000000	0.910132
55.000000	0.902390
60.000000	0.885163
65.000000	0.871943
70.000000	0.852318
75.000000	0.834707
80.000000	0.824437
85.000000	0.799403
90.000000	0.777284
95.000000	0.761655
100.000000	0.733245
105.000000	0.707601
110.000000	0.693493
115.000000	0.664083
120.000000	0.630455
125.000000	0.604514
130.000000	0.569607
135.000000	0.551212
140.000000	0.517506
145.000000	0.478999
150.000000	0.452042
155.000000	0.416766
160.000000	0.398855
165.000000	0.366024
170.000000	0.343991
175.000000	0.322955
180.000000	0.300147
185.000000	0.282446
190.000000	0.275747
195.000000	0.272259
200.000000	0.283922
205.000000	0.295914
210.000000	0.317148
215.000000	0.340716
220.000000	0.378115
225.000000	0.428877
230.000000	0.476177
235.000000	0.527384
240.000000	0.594336
245.000000	0.651816
250.000000	0.718769
255.000000	0.783572
