0.000000	0.000000	0.000000	0.000000	0.421266	0.054660	0.406816	0.268715
5.000000	0.027154	-0.027154	0.168494	0.413237	0.080648	0.399915	0.266006
10.000000	0.020264	0.020264	0.171754	0.405363	0.074856	0.397400	0.266128
15.000000	0.073477	0.073477	0.172092	0.404412	0.069631	0.398254	0.267749
20.000000	0.154541	0.154541	0.102745	0.401342	0.058415	0.400094	0.269940
25.000000	0.217739	0.217739	0.102952	0.400473	0.058312	0.399934	0.269899
30.000000	0.323106	0.323106	-0.007895	0.396014	0.051495	0.406668	0.274576
35.000000	0.474766	0.474766	-0.181598	0.395845	0.052387	0.399768	0.271070
40.000000	0.551102	0.551102	-0.216185	0.389645	0.060539	0.402725	0.269417
45.000000	0.559400	0.559400	-0.126131	0.393738	0.062816	0.410427	0.275041
50.000000	0.573858	0.573858	-0.050255	0.380731	0.066553	0.415998	0.272317
55.000000	0.612269	0.612269	-0.030115	0.383213	0.069407	0.410198	0.271623
60.000000	0.651350	0.651350	-0.013927	0.381084	0.074515	0.421446	0.272318
65.000000	0.671683	0.671683	0.030329	0.390668	0.077135	0.409978	0.267134
70.000000	0.704027	0.704027	0.037858	0.383434	0.082564	0.422375	0.266815
75.000000	0.732965	0.732965	0.039451	0.384319	0.084032	0.399921	0.258238
80.000000	0.763697	0.763697	0.053898	0.386219	0.090078	0.406087	0.255147
85.000000	0.791221	0.791221	0.052176	0.386166	0.093379	0.399396	0.250721
90.000000	0.820497	0.820497	0.044305	0.391193	0.097843	0.400002	0.250334
95.000000	0.843667	0.843667	0.054843	0.384922	0.101101	0.401606	0.249591
100.000000	0.874623	0.874623	0.033450	0.394536	0.106613	0.389083	0.242954
105.000000	0.900908	0.900908	0.031974	0.389569	0.110609	0.395289	0.244904
110.000000	0.908686	0.908686	0.084910	0.388343	0.110882	0.396940	0.243397
115.000000	0.923164	0.923164	0.122305	0.395607	0.108939	0.389861	0.238712
120.000000	0.937288	0.937288	0.153559	0.391143	0.111775	0.391427	0.236931
125.000000	0.950224	0.950224	0.182178	0.396410	0.108591	0.387010	0.235945
130.000000	0.971085	0.971085	0.184437	0.399567	0.113789	0.385206	0.235377
135.000000	0.990117	0.990117	0.168131	0.402887	0.117336	0.383841	0.233363
140.000000	1.004225	1.004225	0.173010	0.398094	0.119729	0.384308	0.233601
145.000000	1.015444	1.015444	0.159685	0.403034	0.121000	0.383517	0.233286
150.000000	1.031170	1.031170	0.134694	0.401608	0.127397	0.382864	0.231674
155.000000	1.040045	1.040045	0.173097	0.405916	0.123580	0.379501	0.232591
160.000000	1.047444	1.047444	0.222977	0.399898	0.121943	0.382254	0.232219
165.000000	1.050421	1.050421	0.262483	0.405001	0.118598	0.380649	0.231474
170.000000	1.051379	1.051379	0.279790	0.403138	0.120027	0.386430	0.232220
175.000000	1.066104	1.066104	0.265653	0.407317	0.120954	0.375342	0.229361
180.000000	1.077579	1.077579	0.250934	0.409567	0.124817	0.379115	0.230312
185.000000	1.089461	1.089461	0.226370	0.411932	0.125968	0.372885	0.228727
190.000000	1.095819	1.095819	0.238435	0.406242	0.127834	0.381227	0.231263
195.000000	1.096711	1.096711	0.305482	0.408895	0.121370	0.373677	0.228822
200.000000	1.087319	1.087319	0.403345	0.409887	0.120404	0.379088	0.232152
205.000000	1.076823	1.076823	0.494848	0.410258	0.115405	0.379742	0.231394
210.000000	1.072484	1.072484	0.548786	0.410396	0.117090	0.382272	0.234973
215.000000	1.069207	1.069207	0.612383	0.414764	0.118658	0.372092	0.231279
220.000000	1.063358	1.063358	0.646843	0.412467	0.117420	0.378415	0.233826
225.000000	1.074146	1.074146	0.617984	0.412864	0.116262	0.377593	0.234888
230.000000	1.081937	1.081937	0.612590	0.415343	0.117309	0.380069	0.235374
235.000000	1.082213	1.082213	0.638885	0.417903	0.117313	0.376625	0.233882
240.000000	1.084095	1.084095	0.662608	0.417117	0.118526	0.375870	0.232880
245.000000	1.088098	1.088098	0.679529	0.415486	0.118574	0.377179	0.234999
250.000000	1.093090	1.093090	0.674050	0.415820	0.119381	0.381760	0.237097
255.000000	1.106326	1.106326	0.617078	0.416297	0.118056	0.376746	0.235520
