0.000000	0.000000	0.000000	0.000000	0.356544	0.074136	0.429406	0.125390
5.000000	0.260547	-0.260547	-0.289965	0.362145	0.077319	0.415547	0.072734
10.000000	0.539888	-0.539888	-0.584339	0.365744	0.076060	0.400237	0.101876
15.000000	0.625480	-0.625480	-0.665338	0.365443	0.077269	0.395668	0.149390
20.000000	0.659046	-0.659046	-0.703023	0.374322	0.076603	0.390722	0.189186
25.000000	0.665059	-0.665059	-0.740835	0.377363	0.074571	0.394342	0.224671
30.000000	0.657475	-0.657475	-0.769719	0.376434	0.073098	0.392768	0.250244
35.000000	0.659040	-0.659040	-0.765621	0.383252	0.074254	0.394740	0.268767
40.000000	0.653853	-0.653853	-0.775667	0.383270	0.073237	0.393965	0.285412
45.000000	0.642546	-0.642546	-0.805489	0.382781	0.073753	0.397841	0.300730
50.000000	0.632401	-0.632401	-0.825403	0.387303	0.072145	0.395239	0.313885
55.000000	0.621322	-0.621322	-0.844634	0.393789	0.072940	0.400331	0.325377
60.000000	0.620996	-0.620996	-0.834222	0.394195	0.074917	0.402305	0.333758
65.000000	0.621601	-0.621601	-0.833176	0.382774	0.072316	0.402750	0.341447
70.000000	0.633284	-0.633284	-0.811428	0.382933	0.072833	0.400992	0.343517
75.000000	0.633751	-0.633751	-0.819792	0.379621	0.071637	0.399531	0.348180
80.000000	0.635299	-0.635299	-0.817116	0.386340	0.074050	0.404314	0.354557
85.000000	0.644131	-0.644131	-0.800321	0.379197	0.072326	0.402094	0.355214
90.000000	0.644814	-0.644814	-0.798323	0.387843	0.074987	0.406780	0.361205
95.000000	0.648078	-0.648078	-0.800181	0.387299	0.074857	0.403608	0.364466
100.000000	0.653796	-0.653796	-0.780336	0.386202	0.072931	0.405648	0.365487
105.000000	0.676908	-0.676908	-0.726166	0.393318	0.075348	0.406118	0.359575
110.000000	0.704030	-0.704030	-0.645164	0.388445	0.078760	0.404435	0.352600
115.000000	0.736700	-0.736700	-0.484898	0.397949	0.083443	0.404609	0.333702
120.000000	0.745666	-0.745666	-0.450598	0.402122	0.088101	0.404270	0.328057
125.000000	0.735761	-0.735761	-0.524598	0.388956	0.084924	0.400673	0.338924
130.000000	0.725103	-0.725103	-0.581390	0.387417	0.079454	0.404670	0.354973
135.000000	0.720827	-0.720827	-0.569097	0.384966	0.082403	0.404864	0.352843
140.000000	0.729958	-0.729958	-0.528346	0.405953	0.081868	0.404159	0.348472
145.000000	0.731996	-0.731996	-0.472219	0.395794	0.085223	0.406530	0.338195
150.000000	0.740161	-0.740161	-0.369896	0.395031	0.089940	0.410212	0.325153
155.000000	0.735606	-0.735606	-0.294724	0.384106	0.094165	0.409901	0.311362
160.000000	0.741819	-0.741819	-0.260365	0.389291	0.095536	0.407655	0.305603
165.000000	0.743863	-0.743863	-0.286589	0.386732	0.092774	0.408413	0.311983
170.000000	0.753842	-0.753842	-0.324401	0.391697	0.088721	0.408566	0.321867
175.000000	0.751783	-0.751783	-0.386287	0.397396	0.086293	0.408002	0.332849
180.000000	0.754667	-0.754667	-0.407185	0.394909	0.086207	0.406998	0.338596
185.000000	0.753871	-0.753871	-0.404435	0.387041	0.088675	0.411422	0.341338
190.000000	0.753197	-0.753197	-0.390938	0.390205	0.087820	0.413319	0.342568
195.000000	0.757811	-0.757811	-0.377097	0.397582	0.089588	0.411999	0.339361
200.000000	0.753812	-0.753812	-0.392720	0.386256	0.090187	0.414021	0.343442
205.000000	0.756856	-0.756856	-0.396283	0.398150	0.090896	0.412318	0.343803
210.000000	0.756000	-0.756000	-0.396612	0.384308	0.087463	0.412505	0.344712
215.000000	0.764928	-0.764928	-0.385755	0.399434	0.086082	0.412897	0.345753
220.000000	0.760848	-0.760848	-0.368653	0.385538	0.090448	0.412063	0.341471
225.000000	0.770862	-0.770862	-0.325915	0.390054	0.091835	0.414186	0.335120
230.000000	0.768573	-0.768573	-0.293917	0.385745	0.091169	0.413771	0.329883
235.000000	0.761015	-0.761015	-0.300154	0.391151	0.091966	0.414887	0.330240
240.000000	0.756879	-0.756879	-0.320647	0.387733	0.092545	0.413644	0.333515
245.000000	0.768184	-0.768184	-0.329299	0.391858	0.089789	0.415007	0.338294
250.000000	0.763762	-0.763762	-0.312612	0.389059	0.090558	0.415764	0.336518
255.000000	0.753825	-0.753825	-0.217177	0.380181	0.091651	0.414072	0.314423
