0.000000	1.000000
5.000000	0.994713
10.000000	0.989921
15.000000	0.985309
20.000000	0.978139
25.000000	0.975536
30.000000	0.969597
35.000000	0.965128
40.000000	0.956232
45.000000	0.949084
50.000000	0.944155
55.000000	0.935888
60.000000	0.926502
65.000000	0.917347
70.000000	0.906952
75.000000	0.900575
80.000000	0.888419
85.000000	0.874322
90.000000	0.860454
95.000000	0.851271
100.000000	0.845276
105.000000	0.832780
110.000000	0.817948
115.000000	0.807425
120.000000	0.789619
125.000000	0.771619
130.000000	0.751860
135.000000	0.738029
140.000000	0.706382
145.000000	0.701556
150.000000	0.686526
155.000000	0.671022
160.000000	0.639666
165.000000	0.629196
170.000000	0.603516
175.000000	0.580197
180.000000	0.561205
185.000000	0.531410
190.000000	0.500391
195.000000	0.457978
200.000000	0.439707
205.000000	0.401984
210.000000	0.357846
215.000000	0.326894
220.000000	0.285697
225.000000	0.243941
230.000000	0.205399
235.000000	0.170276
240.000000	0.138593
245.000000	0.116616
250.000000	0.102233
255.000000	0.102200
