0.000000	0.000000	0.000000	0.000000	0.385787	0.358165	0.387934	0.355778
5.000000	0.039444	0.053427	0.039444	0.386442	0.358633	0.391759	0.356235
10.000000	0.081513	0.102657	0.081513	0.385314	0.360009	0.389475	0.352146
15.000000	0.126065	0.156367	0.126065	0.387136	0.359539	0.394920	0.356489
20.000000	0.169948	0.201147	0.169948	0.391164	0.365412	0.395238	0.355866
25.000000	0.211465	0.236863	0.211465	0.389589	0.360960	0.405064	0.363141
30.000000	0.250527	0.275041	0.250527	0.391883	0.363466	0.407494	0.363501
35.000000	0.287734	0.324062	0.287734	0.391455	0.360440	0.400791	0.358470
40.000000	0.326621	0.361570	0.326621	0.392462	0.361799	0.399542	0.358260
45.000000	0.360238	0.394186	0.360238	0.391583	0.359989	0.397217	0.358324
50.000000	0.394633	0.445321	0.394633	0.390677	0.360618	0.398355	0.362456
55.000000	0.424076	0.476865	0.424076	0.392102	0.359339	0.392000	0.356345
60.000000	0.454834	0.518221	0.454834	0.393817	0.362230	0.400150	0.363478
65.000000	0.481262	0.559404	0.481262	0.394169	0.361315	0.396439	0.359436
70.000000	0.506291	0.599700	0.506291	0.391554	0.360052	0.402615	0.364958
75.000000	0.527121	0.630147	0.527121	0.393993	0.364868	0.406924	0.370472
80.000000	0.551862	0.675444	0.551862	0.392222	0.360963	0.404464	0.370108
85.000000	0.573144	0.694656	0.573144	0.391827	0.360396	0.402185	0.367627
90.000000	0.592416	0.716525	0.592416	0.390553	0.359229	0.398477	0.363434
95.000000	0.610120	0.748211	0.610120	0.394038	0.363652	0.397395	0.362336
100.000000	0.628216	0.777487	0.628216	0.392082	0.360741	0.396670	0.359809
105.000000	0.642137	0.813889	0.642137	0.392946	0.362852	0.399260	0.361300
110.000000	0.656420	0.834061	0.656420	0.390306	0.358945	0.397164	0.360249
115.000000	0.673135	0.864948	0.673135	0.387986	0.358763	0.400000	0.361138
120.000000	0.687738	0.900798	0.687738	0.391323	0.362508	0.396539	0.359202
125.000000	0.700483	0.932771	0.700483	0.389237	0.359983	0.396583	0.359311
130.000000	0.710757	0.961412	0.710757	0.390319	0.359913	0.397336	0.357490
135.000000	0.720315	0.980520	0.720315	0.388344	0.359842	0.396237	0.356498
140.000000	0.754291	2.803886	0.754291	0.376024	0.323130	0.394729	0.293259
145.000000	0.742980	1.024845	0.742980	0.392256	0.360990	0.397248	0.356513
150.000000	0.753229	1.057751	0.753229	0.392297	0.361632	0.398301	0.358133
155.000000	0.762577	1.088336	0.762577	0.390139	0.360503	0.396632	0.356173
160.000000	0.771961	1.090071	0.771961	0.395121	0.363057	0.398542	0.357746
165.000000	0.778722	1.085900	0.778722	0.387870	0.358835	0.397030	0.357490
170.000000	0.786586	1.081706	0.786586	0.392373	0.360877	0.396816	0.356886
175.000000	0.791078	1.087398	0.791078	0.393091	0.360872	0.398200	0.358103
180.000000	0.799725	1.092794	0.799725	0.392235	0.363118	0.398301	0.359119
185.000000	0.804665	1.076857	0.804665	0.394288	0.363027	0.397552	0.358550
190.000000	0.806373	1.066367	0.806373	0.391594	0.360015	0.395959	0.357066
195.000000	0.809448	1.052877	0.809448	0.389693	0.360679	0.394371	0.356351
200.000000	0.814321	1.050997	0.814321	0.393189	0.362842	0.395341	0.357705
205.000000	0.818627	1.064226	0.818627	0.391917	0.361976	0.396106	0.357840
210.000000	0.822451	1.063809	0.822451	0.388007	0.360969	0.395503	0.357558
215.000000	0.828583	1.044337	0.828583	0.389295	0.359659	0.397613	0.359396
220.000000	0.832264	1.069098	0.832264	0.392010	0.362897	0.395990	0.358069
225.000000	0.836162	1.128113	0.836162	0.394326	0.363255	0.398798	0.358526
230.000000	0.841548	1.148829	0.841548	0.392403	0.360680	0.395947	0.354602
235.000000	0.844622	1.162299	0.844622	0.393488	0.364077	0.397633	0.355051
240.000000	0.847168	1.187239	0.847168	0.393384	0.361812	0.398746	0.354966
245.000000	0.848771	1.196765	0.848771	0.391476	0.362011	0.397108	0.352667
250.000000	0.847423	1.202973	0.847423	0.393122	0.360822	0.397331	0.353012
255.000000	0.852433	1.188305	0.852433	0.394854	0.362795	0.395341	0.350973
