0.000000	0.901279
5.000000	0.903151
10.000000	0.905054
15.000000	0.906960
20.000000	0.909297
25.000000	0.911901
30.000000	0.914545
35.000000	0.917946
40.000000	0.920130
45.000000	0.923795
50.000000	0.927901
55.000000	0.929928
60.000000	0.933324
65.000000	0.936275
70.000000	0.939759
75.000000	0.945467
80.000000	0.947831
85.000000	0.953778
90.000000	0.956454
95.000000	0.960153
100.000000	0.968262
105.000000	0.969232
110.000000	0.975802
115.000000	0.976965
120.000000	0.981558
125.000000	0.981774
130.000000	0.985456
135.000000	0.985711
140.000000	0.998548
145.000000	0.999020
150.000000	1.000000
155.000000	0.992694
160.000000	0.987029
165.000000	0.985489
170.000000	0.983968
175.000000	0.977186
180.000000	0.986946
185.000000	0.968573
190.000000	0.948189
195.000000	0.955022
200.000000	0.926682
205.000000	0.930390
210.000000	0.913260
215.000000	0.892914
220.000000	0.876756
225.000000	0.845076
230.000000	0.843900
235.000000	0.818607
240.000000	0.807870
245.000000	0.798145
250.000000	0.785534
255.000000	0.791558
