0.000000	0.451507
5.000000	0.444495
10.000000	0.441213
15.000000	0.431996
20.000000	0.423281
25.000000	0.417395
30.000000	0.409181
35.000000	0.397532
40.000000	0.387878
45.000000	0.381799
50.000000	0.369081
55.000000	0.359032
60.000000	0.343254
65.000000	0.332139
70.000000	0.316502
75.000000	0.306064
80.000000	0.293257
85.000000	0.276093
90.000000	0.260384
95.000000	0.251931
100.000000	0.234728
105.000000	0.218631
110.000000	0.208230
115.000000	0.191725
120.000000	0.180312
125.000000	0.168982
130.000000	0.162050
135.000000	0.149889
140.000000	0.145497
145.000000	0.141348
150.000000	0.143754
155.000000	0.147434
160.000000	0.159795
165.000000	0.172747
170.000000	0.194480
175.000000	0.216931
180.000000	0.250563
185.000000	0.293350
190.000000	0.336967
195.000000	0.386884
200.000000	0.448375
205.000000	0.512995
210.000000	0.576434
215.000000	0.635078
220.000000	0.713488
225.000000	0.777806
230.000000	0.831538
235.000000	0.888260
240.000000	0.926910
245.000000	0.955316
250.000000	0.988647
255.000000	1.000000
