0.000000	0.000000	0.000000	0.000000	0.400860	0.329732	0.404502	0.337772
5.000000	0.010685	0.080821	-0.010685	0.402720	0.329799	0.404888	0.342539
10.000000	0.024772	-0.093588	-0.024772	0.402758	0.330829	0.394834	0.335484
15.000000	0.009940	-0.191574	-0.009940	0.396105	0.320037	0.391522	0.337796
20.000000	0.029675	0.108511	0.029675	0.406330	0.330324	0.403058	0.339196
25.000000	0.024163	0.074878	0.024163	0.394699	0.325366	0.405331	0.347480
30.000000	0.075540	0.205061	0.075540	0.393030	0.323580	0.392856	0.345430
35.000000	0.073708	0.330638	0.073708	0.403137	0.326313	0.397579	0.349508
40.000000	0.094189	0.024291	0.094189	0.401296	0.324429	0.380585	0.343672
45.000000	0.121431	-0.053116	0.121431	0.391472	0.323876	0.395540	0.357513
50.000000	0.154674	0.310087	0.154674	0.398007	0.325131	0.390684	0.352935
55.000000	0.175360	0.593020	0.175360	0.391506	0.322191	0.386504	0.352870
60.000000	0.204424	0.389729	0.204424	0.397626	0.326394	0.385423	0.354712
65.000000	0.231726	0.709947	0.231726	0.389305	0.323793	0.380270	0.352285
70.000000	0.276274	0.697164	0.276274	0.389994	0.320379	0.384600	0.351422
75.000000	0.303712	0.609423	0.303712	0.397354	0.322702	0.381083	0.349262
80.000000	0.374165	0.838609	0.374165	0.390561	0.324047	0.399050	0.363840
85.000000	0.407764	0.979794	0.407764	0.392199	0.324982	0.394668	0.352486
90.000000	0.465412	1.237551	0.465412	0.400713	0.325459	0.399282	0.359032
95.000000	0.507433	1.287297	0.507433	0.395327	0.322506	0.405169	0.359522
100.000000	0.582414	1.305025	0.582414	0.396773	0.325545	0.391754	0.343828
105.000000	0.614569	1.347507	0.614569	0.395586	0.321119	0.399215	0.346763
110.000000	0.667218	1.281942	0.667218	0.391938	0.321194	0.393118	0.341263
115.000000	0.728011	1.335535	0.728011	0.391008	0.320874	0.396417	0.343359
120.000000	0.757027	1.302578	0.757027	0.390439	0.321788	0.379789	0.336666
125.000000	0.808687	1.318048	0.808687	0.394822	0.322696	0.385870	0.341302
130.000000	0.852284	1.414644	0.852284	0.391229	0.323464	0.395447	0.352130
135.000000	0.882036	1.439452	0.882036	0.393192	0.324246	0.397990	0.349968
140.000000	0.910084	1.491249	0.910084	0.388791	0.321047	0.396707	0.342988
145.000000	0.935926	1.551522	0.935926	0.394022	0.324313	0.385964	0.348169
150.000000	0.949758	1.453737	0.949758	0.394158	0.325604	0.383970	0.351244
155.000000	0.970503	1.398507	0.970503	0.393091	0.323368	0.384847	0.351531
160.000000	0.984099	1.339528	0.984099	0.396061	0.322910	0.385769	0.353998
165.000000	0.998697	1.321787	0.998697	0.392687	0.322045	0.382404	0.346864
170.000000	1.012028	1.319051	1.012028	0.395151	0.323712	0.384431	0.349426
175.000000	1.023330	1.239521	1.023330	0.401648	0.327155	0.382836	0.349430
180.000000	1.038182	1.222721	1.038182	0.405597	0.329299	0.376771	0.349420
185.000000	1.051917	1.270554	1.051917	0.397308	0.323846	0.383063	0.352752
190.000000	1.062329	1.292783	1.062329	0.397503	0.325618	0.386899	0.352758
195.000000	1.076640	1.329015	1.076640	0.394125	0.325100	0.387831	0.350067
200.000000	1.084104	1.369714	1.084104	0.398013	0.325614	0.386694	0.353103
205.000000	1.087545	1.404973	1.087545	0.399596	0.325841	0.391864	0.347952
210.000000	1.093717	1.426044	1.093717	0.395745	0.322598	0.392046	0.354101
215.000000	1.102079	1.350739	1.102079	0.393589	0.321314	0.383912	0.345696
220.000000	1.101313	1.399297	1.101313	0.396724	0.323620	0.383333	0.346939
225.000000	1.102501	1.331187	1.102501	0.393878	0.320895	0.388105	0.346948
230.000000	1.108738	1.246792	1.108738	0.401932	0.327360	0.381627	0.345372
235.000000	1.115395	1.204738	1.115395	0.399725	0.325070	0.382769	0.345418
240.000000	1.122524	1.193462	1.122524	0.400164	0.326205	0.386128	0.341969
245.000000	1.131297	1.243046	1.131297	0.405537	0.328449	0.385964	0.343057
250.000000	1.131470	1.329753	1.131470	0.402394	0.327344	0.386824	0.343327
255.000000	1.130604	1.222226	1.130604	0.403588	0.326311	0.379676	0.338252
