0.000000	0.000000	0.000000	0.000000	0.603028	0.319747	0.568682	0.325207
5.000000	0.045887	0.062800	0.045887	0.603842	0.321012	0.619312	0.320747
10.000000	0.041910	0.256451	0.041910	0.606598	0.329237	0.659859	0.306794
15.000000	0.073971	0.238994	0.073971	0.596715	0.333135	0.669553	0.305049
20.000000	0.099936	0.292292	0.099936	0.592644	0.331008	0.674407	0.298443
25.000000	0.105336	0.539600	0.105336	0.607202	0.341334	0.706942	0.269292
30.000000	0.115083	0.720087	0.115083	0.621083	0.345596	0.713986	0.253825
35.000000	0.120675	0.462127	0.120675	0.602904	0.327286	0.679404	0.276722
40.000000	0.146182	0.565640	0.146182	0.610312	0.332489	0.676785	0.268317
45.000000	0.192218	0.391308	0.192218	0.605830	0.316372	0.652150	0.280863
50.000000	0.206916	0.369743	0.206916	0.600816	0.311893	0.631729	0.281825
55.000000	0.212763	0.549755	0.212763	0.609506	0.319513	0.634835	0.261023
60.000000	0.222266	0.726356	0.222266	0.614930	0.332923	0.627248	0.247117
65.000000	0.239236	0.539851	0.239236	0.607716	0.318330	0.604144	0.257131
70.000000	0.237601	0.516391	0.237601	0.611879	0.314574	0.589622	0.258232
75.000000	0.256318	0.297612	0.256318	0.614273	0.298044	0.558997	0.273761
80.000000	0.288051	0.235738	0.288051	0.614386	0.293073	0.540663	0.275554
85.000000	0.264352	0.282227	0.264352	0.614458	0.293268	0.535010	0.270661
90.000000	0.288448	0.175181	0.288448	0.613120	0.286182	0.516920	0.274664
95.000000	0.303727	0.226477	0.303727	0.619326	0.289367	0.514962	0.266820
100.000000	0.318062	0.320447	0.318062	0.617181	0.292222	0.519015	0.255416
105.000000	0.313507	0.287939	0.313507	0.616485	0.291511	0.508686	0.255887
110.000000	0.339003	0.098858	0.339003	0.610100	0.287120	0.488608	0.267751
115.000000	0.327822	0.200141	0.327822	0.609389	0.289025	0.492179	0.259983
120.000000	0.319811	0.204350	0.319811	0.617097	0.284208	0.485927	0.258853
125.000000	0.284107	0.488301	0.284107	0.618824	0.300389	0.504078	0.235675
130.000000	0.318563	0.183612	0.318563	0.615330	0.287129	0.478578	0.257948
135.000000	0.311100	0.181315	0.311100	0.621572	0.281936	0.472696	0.257116
140.000000	0.333251	0.123925	0.333251	0.605640	0.289425	0.469315	0.259243
145.000000	0.360040	0.008564	0.360040	0.609604	0.294588	0.458282	0.262625
150.000000	0.388009	0.002631	0.388009	0.603906	0.298188	0.455637	0.261956
155.000000	0.461472	0.127837	0.461472	0.610923	0.280017	0.476100	0.247736
160.000000	0.363564	0.378991	0.363564	0.608400	0.290217	0.490773	0.232853
165.000000	0.308270	0.479337	0.308270	0.611251	0.299785	0.487237	0.227523
170.000000	0.304072	0.646614	0.304072	0.614012	0.316326	0.495592	0.217478
175.000000	0.289722	0.766083	0.289722	0.625355	0.314236	0.494451	0.211820
180.000000	0.304408	0.321609	0.304408	0.617296	0.289630	0.470634	0.239135
185.000000	0.319070	0.354243	0.319070	0.617216	0.292953	0.476241	0.236220
190.000000	0.322885	0.487452	0.322885	0.614216	0.301702	0.486668	0.225090
195.000000	0.356194	0.254883	0.356194	0.613958	0.290000	0.471817	0.242430
200.000000	0.304617	0.621849	0.304617	0.614323	0.314877	0.491009	0.217576
205.000000	0.331233	0.371501	0.331233	0.617772	0.293509	0.479080	0.233736
210.000000	0.308291	0.704878	0.308291	0.617205	0.314408	0.494590	0.213772
215.000000	0.328193	0.779262	0.328193	0.624355	0.315675	0.496940	0.211357
220.000000	0.290197	0.564656	0.290197	0.615608	0.309802	0.489405	0.221152
225.000000	0.293515	0.568540	0.293515	0.606425	0.312851	0.491085	0.220970
230.000000	0.287287	0.555761	0.287287	0.614770	0.305120	0.486874	0.221999
235.000000	0.301928	0.595701	0.301928	0.608143	0.315357	0.493260	0.218549
240.000000	0.348427	0.563291	0.348427	0.615074	0.304762	0.492665	0.217948
245.000000	0.324820	0.403311	0.324820	0.612638	0.297124	0.481580	0.230174
250.000000	0.346540	0.612532	0.346540	0.611034	0.308020	0.493548	0.214982
255.000000	0.347211	0.391060	0.347211	0.615482	0.295018	0.482060	0.230249
