0.000000	0.937458
5.000000	0.938531
10.000000	0.939260
15.000000	0.939135
20.000000	0.938752
25.000000	0.939121
30.000000	0.941094
35.000000	0.940464
40.000000	0.941571
45.000000	0.944396
50.000000	0.947481
55.000000	0.950776
60.000000	0.954470
65.000000	0.953187
70.000000	0.953118
75.000000	0.953860
80.000000	0.958729
85.000000	0.956955
90.000000	0.956865
95.000000	0.962007
100.000000	0.962408
105.000000	0.961143
110.000000	0.961346
115.000000	0.972031
120.000000	0.969415
125.000000	0.967617
130.000000	0.974671
135.000000	0.981260
140.000000	0.976799
145.000000	0.973804
150.000000	0.991015
155.000000	0.986731
160.000000	0.980840
165.000000	0.983705
170.000000	1.000000
175.000000	0.988543
180.000000	0.999711
185.000000	0.986933
190.000000	0.970533
195.000000	0.980453
200.000000	0.958542
205.000000	0.951323
210.000000	0.937621
215.000000	0.913988
220.000000	0.915712
225.000000	0.884884
230.000000	0.844563
235.000000	0.822505
240.000000	0.778689
245.000000	0.754061
250.000000	0.710604
255.000000	0.662754
