0.000000	0.000000	0.000000	0.000000	0.441988	0.256432	0.421596	0.345624
5.000000	0.036149	0.013187	0.036149	0.444093	0.254897	0.424498	0.349025
10.000000	0.073120	-0.007589	0.073120	0.441546	0.247202	0.419752	0.345596
15.000000	0.114178	-0.028963	0.114178	0.440493	0.241864	0.423740	0.348293
20.000000	0.160209	-0.069994	0.160209	0.444624	0.235437	0.413399	0.341700
25.000000	0.210724	-0.131851	0.210724	0.437500	0.232031	0.418743	0.344786
30.000000	0.264117	-0.160986	0.264117	0.435863	0.230360	0.416555	0.343107
35.000000	0.303455	-0.091517	0.303455	0.433568	0.227641	0.415982	0.342609
40.000000	0.321739	0.030796	0.321739	0.440463	0.230266	0.415008	0.341335
45.000000	0.336979	0.093176	0.336979	0.441456	0.230050	0.416832	0.342581
50.000000	0.380570	0.079593	0.380570	0.445436	0.234034	0.416109	0.341414
55.000000	0.427330	0.100109	0.427330	0.437788	0.227919	0.416518	0.339802
60.000000	0.453282	0.302680	0.453282	0.449542	0.239560	0.417592	0.340231
65.000000	0.485434	0.181887	0.485434	0.433705	0.227731	0.414452	0.337503
70.000000	0.504010	0.331796	0.504010	0.444791	0.237393	0.414316	0.338371
75.000000	0.507704	0.526469	0.507704	0.448693	0.254966	0.412952	0.337870
80.000000	0.533565	0.646629	0.533565	0.440645	0.266754	0.414023	0.333575
85.000000	0.561234	0.741576	0.561234	0.440347	0.277386	0.419082	0.332115
90.000000	0.587031	0.761594	0.587031	0.437430	0.279766	0.417490	0.329546
95.000000	0.614740	0.752662	0.614740	0.445424	0.279136	0.417325	0.330138
100.000000	0.639721	0.770057	0.639721	0.438650	0.276421	0.419700	0.328320
105.000000	0.659587	0.792130	0.659587	0.438515	0.277832	0.416692	0.328574
110.000000	0.677674	0.804569	0.677674	0.437896	0.278253	0.418246	0.327932
115.000000	0.695556	0.819133	0.695556	0.435459	0.277560	0.415625	0.326628
120.000000	0.709582	0.820570	0.709582	0.439558	0.278308	0.417411	0.330757
125.000000	0.728074	0.844774	0.728074	0.434805	0.279964	0.412779	0.325141
130.000000	0.744800	0.852214	0.744800	0.437622	0.281438	0.416755	0.328184
135.000000	0.759105	0.831741	0.759105	0.437372	0.277325	0.418141	0.328608
140.000000	0.771902	0.846042	0.771902	0.435753	0.276750	0.417562	0.328393
145.000000	0.784126	0.866905	0.784126	0.435853	0.280157	0.415115	0.328404
150.000000	0.792122	0.880456	0.792122	0.437101	0.281646	0.417610	0.331200
155.000000	0.799571	0.867617	0.799571	0.430856	0.277147	0.411939	0.325425
160.000000	0.812274	0.878318	0.812274	0.436279	0.281294	0.415698	0.331186
165.000000	0.819621	0.871370	0.819621	0.432120	0.276918	0.412402	0.327602
170.000000	0.827959	0.869476	0.827959	0.436752	0.276840	0.417549	0.332707
175.000000	0.840321	0.862392	0.840321	0.432540	0.274871	0.413746	0.329113
180.000000	0.854311	0.844989	0.854311	0.437625	0.273778	0.412482	0.328160
185.000000	0.870708	0.790744	0.870708	0.436629	0.267343	0.413521	0.326926
190.000000	0.881954	0.767136	0.881954	0.437892	0.264318	0.413719	0.326160
195.000000	0.892304	0.734950	0.892304	0.434876	0.258524	0.417220	0.329030
200.000000	0.895965	0.727796	0.895965	0.433529	0.257860	0.416432	0.329490
205.000000	0.899110	0.720664	0.899110	0.437166	0.256870	0.417032	0.330852
210.000000	0.904268	0.712780	0.904268	0.434722	0.256541	0.413671	0.327492
215.000000	0.912705	0.687298	0.912705	0.433684	0.255214	0.412201	0.325547
220.000000	0.915596	0.700184	0.915596	0.438560	0.255683	0.416607	0.329895
225.000000	0.920081	0.710449	0.920081	0.434530	0.256020	0.412764	0.326475
230.000000	0.925268	0.740063	0.925268	0.436098	0.259386	0.410003	0.326990
235.000000	0.926387	0.775627	0.926387	0.439468	0.260547	0.408393	0.327023
240.000000	0.929924	0.770547	0.929924	0.436418	0.262121	0.408466	0.326150
245.000000	0.934067	0.753403	0.934067	0.440366	0.260721	0.406370	0.324828
250.000000	0.938596	0.758804	0.938596	0.435377	0.262667	0.410627	0.327254
255.000000	0.944527	0.761135	0.944527	0.434373	0.261450	0.407513	0.325132
