0.000000	0.000000	0.000000	0.000000	0.458528	0.316634	0.384986	0.347063
5.000000	0.019151	0.050634	0.019151	0.453104	0.312164	0.384558	0.346010
10.000000	0.042164	0.101009	0.042164	0.453624	0.313179	0.385134	0.345211
15.000000	0.067448	0.098071	0.067448	0.453447	0.312791	0.382944	0.344844
20.000000	0.093926	0.116378	0.093926	0.452979	0.311553	0.381323	0.343747
25.000000	0.121330	0.177927	0.121330	0.451429	0.309529	0.379830	0.345280
30.000000	0.150320	0.235781	0.150320	0.447167	0.307145	0.384424	0.348890
35.000000	0.175697	0.292693	0.175697	0.445429	0.306779	0.391693	0.355766
40.000000	0.202405	0.311466	0.202405	0.449423	0.310080	0.390592	0.356644
45.000000	0.227631	0.307269	0.227631	0.448921	0.308345	0.388948	0.355852
50.000000	0.256918	0.294457	0.256918	0.446041	0.304659	0.389588	0.359523
55.000000	0.281501	0.329065	0.281501	0.453059	0.308280	0.393903	0.364391
60.000000	0.313264	0.358204	0.313264	0.446886	0.303807	0.401403	0.372547
65.000000	0.346247	0.359679	0.346247	0.452920	0.306243	0.396532	0.369528
70.000000	0.373984	0.379994	0.373984	0.451776	0.304031	0.395729	0.368103
75.000000	0.400092	0.370316	0.400092	0.450829	0.304423	0.389336	0.362796
80.000000	0.426304	0.368696	0.426304	0.453699	0.304224	0.391344	0.365613
85.000000	0.449354	0.375061	0.449354	0.449449	0.302246	0.380389	0.357019
90.000000	0.472316	0.402501	0.472316	0.455051	0.303186	0.384672	0.358635
95.000000	0.498247	0.446623	0.498247	0.450362	0.300007	0.378067	0.351420
100.000000	0.520265	0.481705	0.520265	0.455405	0.300621	0.386377	0.359497
105.000000	0.541133	0.537825	0.541133	0.450450	0.298521	0.384035	0.358013
110.000000	0.556446	0.583719	0.556446	0.449242	0.298670	0.381108	0.357566
115.000000	0.577609	0.612603	0.577609	0.453992	0.299618	0.386148	0.364809
120.000000	0.598187	0.628104	0.598187	0.452854	0.300016	0.385553	0.363443
125.000000	0.612691	0.640891	0.612691	0.451319	0.298553	0.383707	0.364053
130.000000	0.633504	0.663909	0.633504	0.450931	0.297740	0.381627	0.361095
135.000000	0.649574	0.712786	0.649574	0.450689	0.297138	0.387860	0.366235
140.000000	0.660297	0.777925	0.660297	0.447619	0.295887	0.379322	0.357701
145.000000	0.675289	0.794077	0.675289	0.449361	0.296225	0.384536	0.362909
150.000000	0.683971	0.783556	0.683971	0.451909	0.294062	0.382728	0.359278
155.000000	0.695316	0.723308	0.695316	0.448113	0.290926	0.386030	0.363651
160.000000	0.706346	0.688433	0.706346	0.452225	0.292363	0.384772	0.359784
165.000000	0.716141	0.684077	0.716141	0.447326	0.291593	0.386903	0.363111
170.000000	0.723683	0.696840	0.723683	0.449729	0.290629	0.381836	0.359119
175.000000	0.732328	0.695890	0.732328	0.446612	0.289835	0.386792	0.363089
180.000000	0.740121	0.695481	0.740121	0.449861	0.292146	0.384810	0.360256
185.000000	0.746215	0.702032	0.746215	0.448909	0.290328	0.385124	0.360834
190.000000	0.751622	0.728435	0.751622	0.451613	0.291373	0.384562	0.360680
195.000000	0.760448	0.735188	0.760448	0.450685	0.289704	0.385345	0.361328
200.000000	0.763694	0.751913	0.763694	0.448475	0.288953	0.383840	0.359419
205.000000	0.768771	0.796873	0.768771	0.451783	0.288312	0.383345	0.360298
210.000000	0.774171	0.840586	0.774171	0.451318	0.288356	0.385248	0.361005
215.000000	0.778723	0.884250	0.778723	0.452178	0.291313	0.386396	0.363927
220.000000	0.781227	0.924167	0.781227	0.456677	0.294472	0.385134	0.361062
225.000000	0.783776	0.971900	0.783776	0.452107	0.293805	0.383771	0.360423
230.000000	0.785388	1.013601	0.785388	0.454229	0.295635	0.383566	0.360782
235.000000	0.788779	1.065328	0.788779	0.453458	0.298959	0.381710	0.358697
240.000000	0.791868	1.113383	0.791868	0.451054	0.298933	0.381801	0.358564
245.000000	0.795214	1.148639	0.795214	0.453363	0.302017	0.380406	0.355601
250.000000	0.798788	1.179013	0.798788	0.450475	0.301755	0.382217	0.356940
255.000000	0.803247	1.205494	0.803247	0.453144	0.305794	0.381150	0.355233
