0.000000	0.000000	0.000000	0.000000	0.436446	0.265450	0.405509	0.267638
5.000000	0.004296	-0.004296	0.148847	0.436868	0.266818	0.396625	0.263734
10.000000	0.037225	-0.037225	-0.062654	0.436783	0.260510	0.404605	0.272350
15.000000	0.137509	-0.137509	-0.692988	0.419938	0.260431	0.407292	0.269650
20.000000	0.103807	-0.103807	0.096480	0.431393	0.259666	0.391983	0.260434
25.000000	0.145369	-0.145369	-0.661271	0.419697	0.259997	0.404086	0.262763
30.000000	0.197075	-0.197075	-0.373441	0.435210	0.259319	0.408411	0.268195
35.000000	0.382050	-0.382050	0.046426	0.418049	0.242334	0.408296	0.262161
40.000000	0.316510	-0.316510	-0.729428	0.422062	0.251776	0.423226	0.266598
45.000000	0.300307	-0.300307	-0.897558	0.422189	0.255208	0.426354	0.260236
50.000000	0.304794	-0.304794	-1.233871	0.424893	0.256158	0.440016	0.262185
55.000000	0.350615	-0.350615	-0.851106	0.410113	0.246143	0.419354	0.253290
60.000000	0.419011	-0.419011	-0.808445	0.413158	0.252247	0.424349	0.253611
65.000000	0.561212	-0.561212	-1.054273	0.417089	0.257167	0.425248	0.254597
70.000000	0.545688	-0.545688	-1.787379	0.442710	0.267164	0.410305	0.255362
75.000000	0.611565	-0.611565	-1.565767	0.430770	0.243625	0.393915	0.245579
80.000000	0.468134	-0.468134	-1.988729	0.433651	0.267744	0.413288	0.253987
85.000000	0.516625	-0.516625	-1.442009	0.431247	0.247074	0.407477	0.246971
90.000000	0.392901	-0.392901	-2.877079	0.432353	0.258723	0.379799	0.236338
95.000000	0.540493	-0.540493	-2.435139	0.440394	0.265777	0.406510	0.244890
100.000000	0.628655	-0.628655	-2.302109	0.429562	0.266217	0.401238	0.239207
105.000000	0.591589	-0.591589	-2.337326	0.431493	0.264323	0.406884	0.241126
110.000000	0.658735	-0.658735	-2.468437	0.428581	0.264662	0.384649	0.237811
115.000000	0.622065	-0.622065	-2.277290	0.420114	0.252615	0.402165	0.240165
120.000000	0.611835	-0.611835	-2.569311	0.431294	0.260546	0.383126	0.237034
125.000000	0.684987	-0.684987	-2.355293	0.430574	0.259154	0.404173	0.245071
130.000000	0.688712	-0.688712	-2.289414	0.433256	0.262284	0.395770	0.240571
135.000000	0.742006	-0.742006	-1.906226	0.433764	0.263434	0.400658	0.241532
140.000000	0.733149	-0.733149	-1.988897	0.446650	0.262400	0.402634	0.241315
145.000000	0.744425	-0.744425	-2.168343	0.432981	0.263146	0.394111	0.236497
150.000000	0.725365	-0.725365	-2.358827	0.439419	0.262967	0.385976	0.231677
155.000000	0.753117	-0.753117	-2.778712	0.428843	0.259831	0.366316	0.223741
160.000000	0.750460	-0.750460	-2.589901	0.429264	0.266381	0.372738	0.227001
165.000000	0.764544	-0.764544	-2.199060	0.426635	0.261905	0.397644	0.240510
170.000000	0.782920	-0.782920	-1.609441	0.407826	0.246286	0.393189	0.239215
175.000000	0.803329	-0.803329	-1.403284	0.416336	0.253230	0.379693	0.233661
180.000000	0.801581	-0.801581	-1.324455	0.420224	0.252188	0.380148	0.231745
185.000000	0.818504	-0.818504	-1.319510	0.421148	0.251835	0.377765	0.231249
190.000000	0.814226	-0.814226	-1.592299	0.411248	0.252791	0.386119	0.235353
195.000000	0.827314	-0.827314	-1.784145	0.422721	0.255824	0.393103	0.240834
200.000000	0.830655	-0.830655	-1.677813	0.412062	0.253427	0.396597	0.243059
205.000000	0.861411	-0.861411	-1.812668	0.419221	0.255448	0.397948	0.240716
210.000000	0.856730	-0.856730	-1.681000	0.412830	0.254289	0.395517	0.242316
215.000000	0.849311	-0.849311	-1.418838	0.416155	0.251055	0.384874	0.238123
220.000000	0.866715	-0.866715	-1.544256	0.409513	0.249874	0.387926	0.238673
225.000000	0.852224	-0.852224	-1.485581	0.413331	0.250543	0.386390	0.240918
230.000000	0.873480	-0.873480	-1.313835	0.418936	0.249856	0.382187	0.237037
235.000000	0.869335	-0.869335	-1.155021	0.422556	0.251068	0.385263	0.237900
240.000000	0.854507	-0.854507	-1.180088	0.428559	0.253377	0.383944	0.237922
245.000000	0.863155	-0.863155	-1.285265	0.423122	0.248780	0.382832	0.239122
250.000000	0.866077	-0.866077	-1.389679	0.417549	0.250326	0.386905	0.239915
255.000000	0.874900	-0.874900	-1.396343	0.419907	0.247970	0.387881	0.240526
