0.000000	0.964753
5.000000	0.965198
10.000000	0.965856
15.000000	0.967630
20.000000	0.967036
25.000000	0.967958
30.000000	0.969552
35.000000	0.969927
40.000000	0.969513
45.000000	0.969588
50.000000	0.972252
55.000000	0.970833
60.000000	0.970166
65.000000	0.972093
70.000000	0.975705
75.000000	0.974272
80.000000	0.974402
85.000000	0.980209
90.000000	0.978103
95.000000	0.975945
100.000000	0.977631
105.000000	0.985000
110.000000	0.981157
115.000000	0.978464
120.000000	0.985962
125.000000	0.984779
130.000000	0.981359
135.000000	0.979867
140.000000	0.995946
145.000000	0.989301
150.000000	0.982014
155.000000	0.991684
160.000000	0.996790
165.000000	1.000000
170.000000	0.991324
175.000000	0.980285
180.000000	0.991543
185.000000	0.995551
190.000000	0.980482
195.000000	0.964542
200.000000	0.986705
205.000000	0.975746
210.000000	0.954657
215.000000	0.951824
220.000000	0.954724
225.000000	0.930926
230.000000	0.902402
235.000000	0.901228
240.000000	0.880565
245.000000	0.851303
250.000000	0.830760
255.000000	0.797351
