0.000000	0.000000	0.000000	0.000000	0.399476	0.208921	0.373760	0.252258
5.000000	0.033935	1.186957	0.033935	0.400461	0.395549	0.446812	0.263862
10.000000	0.033237	1.159371	0.033237	0.399452	0.390945	0.441568	0.244392
15.000000	0.039883	1.176899	0.039883	0.400382	0.393264	0.443531	0.242224
20.000000	0.044546	1.193245	0.044546	0.398327	0.395290	0.441880	0.236094
25.000000	0.049629	1.192324	0.049629	0.403004	0.397946	0.439745	0.224809
30.000000	0.056785	1.204069	0.056785	0.398824	0.393231	0.435326	0.216159
35.000000	0.065794	1.202196	0.065794	0.398319	0.392199	0.436397	0.205102
40.000000	0.074956	1.199609	0.074956	0.400402	0.391255	0.436010	0.191781
45.000000	0.086441	1.197068	0.086441	0.403735	0.389176	0.437048	0.180276
50.000000	0.100483	1.212705	0.100483	0.397929	0.386987	0.431124	0.171962
55.000000	0.113891	1.245830	0.113891	0.399515	0.392347	0.437477	0.174960
60.000000	0.125900	1.277803	0.125900	0.399717	0.396173	0.436754	0.172831
65.000000	0.136324	1.317290	0.136324	0.400795	0.403654	0.438637	0.177131
70.000000	0.143586	1.369585	0.143586	0.396751	0.405159	0.440346	0.186431
75.000000	0.147074	1.403234	0.147074	0.390705	0.401690	0.435533	0.188461
80.000000	0.160137	1.400964	0.160137	0.394220	0.402796	0.434572	0.174716
85.000000	0.178500	1.386738	0.178500	0.396737	0.402369	0.435812	0.159445
90.000000	0.190899	1.404318	0.190899	0.396608	0.404364	0.437020	0.153927
95.000000	0.205444	1.412498	0.205444	0.400115	0.405430	0.430498	0.144136
100.000000	0.224964	1.424919	0.224964	0.401306	0.407729	0.430643	0.132444
105.000000	0.240829	1.432738	0.240829	0.401494	0.404418	0.427572	0.121072
110.000000	0.265541	1.443818	0.265541	0.402966	0.405995	0.428814	0.106905
115.000000	0.165899	1.531931	0.165899	0.403936	0.410079	0.430638	0.136631
120.000000	0.329478	1.494904	0.329478	0.403789	0.403118	0.432665	0.083015
125.000000	0.396846	1.540547	0.396846	0.403198	0.399451	0.431391	0.070621
130.000000	0.458052	1.590082	0.458052	0.403687	0.398395	0.442907	0.065760
135.000000	0.528530	1.651549	0.528530	0.402119	0.395089	0.444796	0.060626
140.000000	0.612112	1.714632	0.612112	0.399881	0.388115	0.439108	0.059176
145.000000	0.690701	1.782357	0.690701	0.395470	0.382151	0.445331	0.063046
150.000000	0.743818	1.826950	0.743818	0.393869	0.378429	0.440505	0.064741
155.000000	0.771649	1.863694	0.771649	0.398419	0.384332	0.450990	0.066624
160.000000	0.817200	1.904929	0.817200	0.396209	0.381750	0.449908	0.072541
165.000000	0.824697	1.927525	0.824697	0.399649	0.389580	0.456056	0.074219
170.000000	0.788599	1.948172	0.788599	0.405676	0.403323	0.451883	0.068065
175.000000	0.744715	1.961204	0.744715	0.399704	0.408563	0.441002	0.060666
180.000000	0.764409	1.999099	0.764409	0.402959	0.414303	0.442813	0.061699
185.000000	0.784561	2.031209	0.784561	0.395490	0.407530	0.441625	0.064269
190.000000	0.809960	2.058241	0.809960	0.397374	0.408085	0.444575	0.067334
195.000000	0.816568	2.076608	0.816568	0.394049	0.405237	0.440703	0.067134
200.000000	0.838987	2.094043	0.838987	0.398697	0.409155	0.440021	0.070737
205.000000	0.856723	2.104385	0.856723	0.399762	0.410718	0.445168	0.075665
210.000000	0.862394	2.117003	0.862394	0.391519	0.402660	0.445694	0.076373
215.000000	0.888926	2.113771	0.888926	0.401217	0.411043	0.454717	0.089658
220.000000	0.904733	2.118010	0.904733	0.401008	0.408136	0.455062	0.092086
225.000000	0.907332	2.127472	0.907332	0.402304	0.410435	0.454907	0.094115
230.000000	0.929317	2.103623	0.929317	0.402642	0.403686	0.468324	0.114450
235.000000	0.951481	2.062201	0.951481	0.403530	0.393783	0.480153	0.133471
240.000000	0.957821	2.051340	0.957821	0.399584	0.384996	0.476890	0.138555
245.000000	0.954637	2.069041	0.954637	0.402279	0.392654	0.473234	0.134887
250.000000	0.964382	2.050942	0.964382	0.401391	0.385554	0.474221	0.143102
255.000000	0.985785	2.006876	0.985785	0.391777	0.363439	0.462721	0.150230
