0.000000	0.138444
5.000000	0.136832
10.000000	0.135269
15.000000	0.134662
20.000000	0.132157
25.000000	0.130977
30.000000	0.129669
35.000000	0.127284
40.000000	0.126435
45.000000	0.124558
50.000000	0.123197
55.000000	0.120991
60.000000	0.119758
65.000000	0.117472
70.000000	0.115263
75.000000	0.114202
80.000000	0.113286
85.000000	0.112009
90.000000	0.110653
95.000000	0.109955
100.000000	0.108557
105.000000	0.108890
110.000000	0.108642
115.000000	0.108440
120.000000	0.109581
125.000000	0.114040
130.000000	0.111083
135.000000	0.114603
140.000000	0.117196
145.000000	0.120107
150.000000	0.125400
155.000000	0.130341
160.000000	0.137777
165.000000	0.144919
170.000000	0.153994
175.000000	0.165544
180.000000	0.175883
185.000000	0.191019
190.000000	0.206678
195.000000	0.224264
200.000000	0.248126
205.000000	0.275088
210.000000	0.304521
215.000000	0.337481
220.000000	0.386095
225.000000	0.438002
230.000000	0.504434
235.000000	0.583639
240.000000	0.675919
245.000000	0.763950
250.000000	0.891399
255.000000	1.000000
