0.000000	0.000000	0.000000	0.000000	0.475274	0.396353	0.382678	0.351890
5.000000	0.043488	0.122367	0.043488	0.473133	0.384059	0.378770	0.347765
10.000000	0.096318	0.230682	0.096318	0.473263	0.373256	0.385787	0.355756
15.000000	0.123314	0.165467	0.123314	0.474310	0.388224	0.386873	0.356639
20.000000	0.159168	0.161558	0.159168	0.475127	0.394970	0.384541	0.356070
25.000000	0.206664	0.266697	0.206664	0.473519	0.385423	0.382321	0.354358
30.000000	0.256595	0.317889	0.256595	0.471824	0.380687	0.379876	0.350659
35.000000	0.306579	0.436432	0.306579	0.476055	0.371584	0.384685	0.357619
40.000000	0.351415	0.685402	0.351415	0.479115	0.340917	0.399958	0.376217
45.000000	0.383727	0.672581	0.383727	0.476615	0.344065	0.394835	0.370617
50.000000	0.422846	0.718600	0.422846	0.482854	0.348124	0.395651	0.372038
55.000000	0.460427	0.751052	0.460427	0.476369	0.341871	0.391066	0.367588
60.000000	0.488142	0.654057	0.488142	0.476914	0.362696	0.396425	0.371281
65.000000	0.514669	0.643037	0.514669	0.476074	0.368546	0.387621	0.361744
70.000000	0.548638	0.721634	0.548638	0.480213	0.363707	0.394299	0.370371
75.000000	0.576813	0.785051	0.576813	0.485585	0.362574	0.391441	0.369364
80.000000	0.593347	0.800438	0.593347	0.485344	0.362535	0.389896	0.367662
85.000000	0.618302	0.757402	0.618302	0.484912	0.374669	0.393939	0.372109
90.000000	0.646980	0.830107	0.646980	0.484056	0.365624	0.392104	0.369541
95.000000	0.674537	0.910858	0.674537	0.489876	0.361488	0.393552	0.370256
100.000000	0.702952	0.904728	0.702952	0.482649	0.360750	0.395998	0.373172
105.000000	0.723197	0.877038	0.723197	0.481472	0.370551	0.397090	0.373539
110.000000	0.747639	0.916771	0.747639	0.479651	0.365286	0.398618	0.375580
115.000000	0.754815	0.913069	0.754815	0.480871	0.368719	0.399809	0.376541
120.000000	0.772020	0.904616	0.772020	0.478607	0.371841	0.400547	0.377660
125.000000	0.783580	0.901516	0.783580	0.480165	0.378046	0.400563	0.377265
130.000000	0.777143	0.900686	0.777143	0.481262	0.378625	0.398054	0.376989
135.000000	0.776347	0.877966	0.776347	0.479792	0.382099	0.397518	0.375608
140.000000	0.786799	0.922922	0.786799	0.484153	0.378862	0.395497	0.374658
145.000000	0.808532	0.792139	0.808532	0.476754	0.399786	0.398885	0.373980
150.000000	0.813931	0.839349	0.813931	0.479203	0.394094	0.403183	0.377653
155.000000	0.814976	0.750182	0.814976	0.480360	0.409406	0.397145	0.372080
160.000000	0.836614	0.806345	0.836614	0.481814	0.405674	0.397517	0.373799
165.000000	0.871108	0.923764	0.871108	0.480995	0.390959	0.395141	0.373300
170.000000	0.866169	0.882031	0.866169	0.479095	0.395783	0.393609	0.373497
175.000000	0.879790	0.856341	0.879790	0.483610	0.405874	0.394403	0.373858
180.000000	0.872587	0.797602	0.872587	0.483512	0.412680	0.398497	0.375560
185.000000	0.891869	0.814487	0.891869	0.485774	0.415008	0.395275	0.374662
190.000000	0.870599	0.775479	0.870599	0.486210	0.414674	0.400029	0.376487
195.000000	0.884343	0.734891	0.884343	0.490109	0.423842	0.400838	0.377930
200.000000	0.893983	0.848706	0.893983	0.485569	0.408476	0.394203	0.373869
205.000000	0.910525	0.836123	0.910525	0.487103	0.414682	0.397014	0.375844
210.000000	0.914483	0.849177	0.914483	0.486743	0.413729	0.395231	0.374573
215.000000	0.902731	0.802816	0.902731	0.489158	0.419207	0.397995	0.376715
220.000000	0.898293	0.751619	0.898293	0.487247	0.424199	0.400235	0.378861
225.000000	0.923312	0.948571	0.923312	0.485100	0.397178	0.389218	0.366779
230.000000	0.920933	0.836230	0.920933	0.484799	0.414479	0.393257	0.373439
235.000000	0.931583	0.874006	0.931583	0.483031	0.411799	0.393267	0.374596
240.000000	0.938323	1.005458	0.938323	0.483914	0.392104	0.394435	0.366115
245.000000	0.955808	1.066987	0.955808	0.491396	0.391723	0.388880	0.365399
250.000000	0.978995	1.149594	0.978995	0.487339	0.376206	0.390283	0.367889
255.000000	0.969713	1.039756	0.969713	0.481466	0.388618	0.392241	0.364111
