0.000000	0.982182
5.000000	0.982049
10.000000	0.983463
15.000000	0.983635
20.000000	0.984431
25.000000	0.985605
30.000000	0.985953
35.000000	0.988106
40.000000	0.987221
45.000000	0.986994
50.000000	0.987464
55.000000	0.991257
60.000000	0.990280
65.000000	0.994197
70.000000	0.992088
75.000000	0.991406
80.000000	0.992549
85.000000	0.996471
90.000000	0.993951
95.000000	0.993154
100.000000	1.000000
105.000000	0.996731
110.000000	0.992767
115.000000	0.990097
120.000000	0.998573
125.000000	0.990558
130.000000	0.983453
135.000000	0.991030
140.000000	0.987104
145.000000	0.975659
150.000000	0.982267
155.000000	0.968233
160.000000	0.954341
165.000000	0.966880
170.000000	0.952982
175.000000	0.933057
180.000000	0.923474
185.000000	0.935099
190.000000	0.915446
195.000000	0.894785
200.000000	0.907841
205.000000	0.902894
210.000000	0.882336
215.000000	0.895172
220.000000	0.881104
225.000000	0.867702
230.000000	0.897094
235.000000	0.901668
240.000000	0.898140
245.000000	0.911611
250.000000	0.935592
255.000000	0.943044
