0.000000	0.000000	0.000000	0.000000	0.423188	0.189692	0.390068	0.319157
5.000000	0.000867	-0.000867	0.071840	0.423773	0.192312	0.389971	0.320403
10.000000	0.011033	0.011033	0.111156	0.423947	0.196972	0.395288	0.321833
15.000000	0.025365	0.025365	0.139026	0.425133	0.202223	0.395208	0.319743
20.000000	0.044641	0.044641	0.140766	0.421845	0.197892	0.397975	0.319889
25.000000	0.058190	0.058190	0.181820	0.423436	0.201336	0.396031	0.316873
30.000000	0.069528	0.069528	0.216169	0.421915	0.204356	0.395715	0.315800
35.000000	0.092008	0.092008	0.230430	0.422746	0.205859	0.396613	0.316104
40.000000	0.105986	0.105986	0.288690	0.423385	0.213604	0.401299	0.318454
45.000000	0.129358	0.129358	0.302908	0.425715	0.214101	0.398280	0.316552
50.000000	0.155509	0.155509	0.319348	0.426553	0.216023	0.402269	0.321759
55.000000	0.176884	0.176884	0.352878	0.420098	0.215093	0.402175	0.318628
60.000000	0.198118	0.198118	0.405037	0.424854	0.223622	0.405701	0.327798
65.000000	0.223271	0.223271	0.435125	0.423965	0.222873	0.409668	0.330986
70.000000	0.249030	0.249030	0.439632	0.420011	0.221631	0.414488	0.337247
75.000000	0.274569	0.274569	0.439953	0.420094	0.221516	0.413877	0.332839
80.000000	0.300313	0.300313	0.436008	0.422321	0.219402	0.414014	0.333462
85.000000	0.319334	0.319334	0.428844	0.418445	0.216400	0.411207	0.331419
90.000000	0.333823	0.333823	0.478946	0.420568	0.220779	0.412257	0.327741
95.000000	0.355168	0.355168	0.542959	0.419190	0.225924	0.399364	0.323981
100.000000	0.377991	0.377991	0.548810	0.419223	0.223322	0.401038	0.326091
105.000000	0.388877	0.388877	0.586806	0.424048	0.228746	0.398747	0.323736
110.000000	0.404461	0.404461	0.585210	0.425226	0.229819	0.399366	0.325474
115.000000	0.418714	0.418714	0.602874	0.426631	0.228686	0.391532	0.322286
120.000000	0.432403	0.432403	0.663291	0.418609	0.233892	0.396635	0.327842
125.000000	0.453574	0.453574	0.716624	0.424391	0.240756	0.395528	0.327473
130.000000	0.458159	0.458159	0.764124	0.427500	0.248334	0.396454	0.327379
135.000000	0.466687	0.466687	0.753580	0.430469	0.247111	0.393977	0.324467
140.000000	0.490039	0.490039	0.762023	0.425138	0.244882	0.394028	0.326450
145.000000	0.506147	0.506147	0.749296	0.424643	0.239212	0.395073	0.325841
150.000000	0.525487	0.525487	0.822602	0.430554	0.249212	0.398927	0.329799
155.000000	0.530881	0.530881	0.854425	0.429123	0.254527	0.397775	0.327518
160.000000	0.544182	0.544182	0.906532	0.433158	0.264346	0.399778	0.330361
165.000000	0.557401	0.557401	0.940196	0.430283	0.265304	0.401658	0.329550
170.000000	0.565649	0.565649	0.966380	0.429771	0.270986	0.401418	0.330414
175.000000	0.580493	0.580493	0.981750	0.429775	0.271593	0.402487	0.334119
180.000000	0.591509	0.591509	0.986640	0.429349	0.269680	0.399185	0.328160
185.000000	0.598436	0.598436	0.977164	0.431671	0.267604	0.403030	0.335958
190.000000	0.604325	0.604325	0.945652	0.429445	0.260351	0.399676	0.329482
195.000000	0.609375	0.609375	0.941675	0.431264	0.257952	0.398703	0.330582
200.000000	0.618434	0.618434	0.936693	0.429386	0.255816	0.395521	0.326036
205.000000	0.626844	0.626844	0.977277	0.428588	0.261160	0.398953	0.329301
210.000000	0.634395	0.634395	1.008789	0.426735	0.265865	0.397255	0.328205
215.000000	0.642676	0.642676	1.020288	0.428376	0.268574	0.405234	0.334223
220.000000	0.648111	0.648111	0.970928	0.425849	0.255454	0.406560	0.333443
225.000000	0.656373	0.656373	0.917384	0.428789	0.245418	0.392914	0.325383
230.000000	0.663232	0.663232	0.904275	0.433405	0.246163	0.391746	0.324725
235.000000	0.668846	0.668846	0.918799	0.428710	0.245965	0.393614	0.325624
240.000000	0.674617	0.674617	0.932109	0.432226	0.248253	0.397923	0.326119
245.000000	0.680287	0.680287	0.907874	0.430587	0.242017	0.398370	0.326736
250.000000	0.687156	0.687156	0.909998	0.430054	0.241199	0.398628	0.327153
255.000000	0.693301	0.693301	0.949439	0.428850	0.246404	0.400087	0.328760
