0.000000	0.757579
5.000000	0.756855
10.000000	0.755718
15.000000	0.754714
20.000000	0.730730
25.000000	0.750891
30.000000	0.749743
35.000000	0.748412
40.000000	0.746964
45.000000	0.748090
50.000000	0.745744
55.000000	0.744354
60.000000	0.743893
65.000000	0.742041
70.000000	0.742457
75.000000	0.740651
80.000000	0.739508
85.000000	0.740682
90.000000	0.740339
95.000000	0.743558
100.000000	0.741972
105.000000	0.744960
110.000000	0.749374
115.000000	0.749878
120.000000	0.753377
125.000000	0.763620
130.000000	0.767436
135.000000	0.772544
140.000000	0.780528
145.000000	0.797231
150.000000	0.804751
155.000000	0.813591
160.000000	0.836717
165.000000	0.852176
170.000000	0.863503
175.000000	0.878518
180.000000	0.909701
185.000000	0.922304
190.000000	0.933320
195.000000	0.957973
200.000000	0.977912
205.000000	0.983270
210.000000	0.986228
215.000000	1.000000
220.000000	0.993796
225.000000	0.997907
230.000000	0.988565
235.000000	0.971640
240.000000	0.946305
245.000000	0.915739
250.000000	0.887942
255.000000	0.856129
