0.000000	0.790350
5.000000	0.789747
10.000000	0.789642
15.000000	0.788518
20.000000	0.790078
25.000000	0.787871
30.000000	0.788074
35.000000	0.787595
40.000000	0.788422
45.000000	0.788368
50.000000	0.788183
55.000000	0.786456
60.000000	0.788478
65.000000	0.788810
70.000000	0.788093
75.000000	0.787104
80.000000	0.786288
85.000000	0.785102
90.000000	0.783728
95.000000	0.783909
100.000000	0.784490
105.000000	0.784288
110.000000	0.783752
115.000000	0.783953
120.000000	0.782961
125.000000	0.781851
130.000000	0.781443
135.000000	0.780798
140.000000	0.780977
145.000000	0.778872
150.000000	0.777753
155.000000	0.776049
160.000000	0.775565
165.000000	0.775883
170.000000	0.776003
175.000000	0.775833
180.000000	0.776893
185.000000	0.780024
190.000000	0.780523
195.000000	0.784181
200.000000	0.790833
205.000000	0.797146
210.000000	0.806268
215.000000	0.817924
220.000000	0.832946
225.000000	0.846984
230.000000	0.868643
235.000000	0.892414
240.000000	0.921019
245.000000	0.944719
250.000000	0.975564
255.000000	1.000000
