0.000000	0.000000	0.000000	0.000000	0.312605	0.443320	0.375616	0.335745
5.000000	0.042470	-0.100208	-0.042470	0.307150	0.435943	0.366560	0.335052
10.000000	0.070649	-0.134245	-0.070649	0.307922	0.440598	0.359493	0.338234
15.000000	0.103515	-0.211491	-0.103515	0.313198	0.438327	0.365497	0.337945
20.000000	0.116982	-0.212338	-0.116982	0.307858	0.431102	0.366880	0.348467
25.000000	0.122651	-0.197624	-0.122651	0.312406	0.440964	0.362077	0.358567
30.000000	0.125922	-0.185278	-0.125922	0.309669	0.439349	0.361040	0.371001
35.000000	0.129853	-0.196045	-0.129853	0.312230	0.443604	0.361196	0.374198
40.000000	0.126936	-0.187064	-0.126936	0.315752	0.448318	0.360605	0.382310
45.000000	0.143147	-0.255992	-0.143147	0.312929	0.430455	0.362437	0.371867
50.000000	0.156806	-0.312724	-0.156806	0.313746	0.417806	0.365760	0.362742
55.000000	0.152316	-0.315670	-0.152316	0.313275	0.413934	0.364407	0.361202
60.000000	0.150715	-0.316648	-0.150715	0.317851	0.416720	0.363228	0.359946
65.000000	0.149595	-0.301006	-0.149595	0.316459	0.419632	0.360762	0.362210
70.000000	0.143867	-0.277282	-0.143867	0.319228	0.429529	0.360782	0.367093
75.000000	0.139220	-0.284362	-0.139220	0.317754	0.425432	0.357631	0.363890
80.000000	0.140625	-0.308224	-0.140625	0.320106	0.419820	0.359439	0.359614
85.000000	0.138537	-0.313621	-0.138537	0.319129	0.413185	0.358228	0.357333
90.000000	0.134104	-0.300733	-0.134104	0.321575	0.421709	0.359191	0.361044
95.000000	0.125615	-0.259637	-0.125615	0.311921	0.422465	0.355842	0.366137
100.000000	0.121312	-0.228464	-0.121312	0.317848	0.432827	0.356382	0.373640
105.000000	0.106731	-1.314423	-0.106731	0.260724	0.143072	0.330593	0.228833
110.000000	0.135101	-0.301393	-0.135101	0.316905	0.415661	0.358373	0.356075
115.000000	0.130029	-0.319345	-0.130029	0.320150	0.408020	0.360125	0.354072
120.000000	0.117792	-0.301134	-0.117792	0.315194	0.406349	0.360246	0.358163
125.000000	0.108654	-0.256126	-0.108654	0.316915	0.419592	0.355611	0.363800
130.000000	0.104005	-0.258415	-0.104005	0.316276	0.416923	0.357151	0.364927
135.000000	0.102490	-0.260990	-0.102490	0.316774	0.419410	0.356562	0.363624
140.000000	0.102530	-0.265893	-0.102530	0.317628	0.414059	0.357264	0.362772
145.000000	0.091283	-0.227316	-0.091283	0.316129	0.419181	0.356956	0.370798
150.000000	0.079199	-0.153674	-0.079199	0.313866	0.434245	0.355438	0.382850
155.000000	0.078765	-0.128109	-0.078765	0.311109	0.433881	0.358506	0.389868
160.000000	0.071567	-0.089333	-0.071567	0.315046	0.444566	0.360487	0.396020
165.000000	0.067856	-0.111154	-0.067856	0.313152	0.434915	0.359476	0.392258
170.000000	0.053159	-0.020734	-0.053159	0.318182	0.438579	0.366498	0.403274
175.000000	0.068305	-0.087787	-0.068305	0.309633	0.439175	0.359672	0.395377
180.000000	0.073811	-0.173702	-0.073811	0.313394	0.426466	0.359125	0.381985
185.000000	0.064719	-0.137280	-0.064719	0.312121	0.435136	0.356918	0.385873
190.000000	0.056419	-0.115936	-0.056419	0.314432	0.444336	0.359538	0.391703
195.000000	0.059174	-0.139657	-0.059174	0.308281	0.435173	0.358165	0.386520
200.000000	0.058267	-0.168067	-0.058267	0.314722	0.428222	0.358696	0.383435
205.000000	0.053771	-0.108272	-0.053771	0.309824	0.440995	0.358821	0.392042
210.000000	0.064003	-0.186842	-0.064003	0.317127	0.428893	0.356952	0.377493
215.000000	0.054302	-0.147753	-0.054302	0.318494	0.442404	0.357798	0.385176
220.000000	0.057742	-0.163414	-0.057742	0.315909	0.434488	0.356257	0.381173
225.000000	0.057093	-0.180834	-0.057093	0.310912	0.422950	0.355976	0.378650
230.000000	0.056115	-0.174704	-0.056115	0.312080	0.425524	0.356588	0.381080
235.000000	0.052779	-0.189638	-0.052779	0.315737	0.426169	0.356754	0.378648
240.000000	0.046464	-0.156108	-0.046464	0.311958	0.427834	0.357386	0.384026
245.000000	0.044152	-0.116215	-0.044152	0.315326	0.442491	0.359692	0.391756
250.000000	0.047676	-0.122805	-0.047676	0.311093	0.434903	0.358664	0.390551
255.000000	0.052925	-0.170259	-0.052925	0.314408	0.428345	0.356504	0.380481
