0.000000	0.000000	0.000000	0.000000	0.374936	0.034559	0.421834	0.115768
5.000000	0.012949	0.012949	0.051870	0.377987	0.032675	0.414492	0.114480
10.000000	0.068132	0.068132	0.082070	0.378217	0.027629	0.401645	0.110790
15.000000	0.035058	0.035058	0.145190	0.375365	0.026375	0.418579	0.108153
20.000000	0.051960	-0.051960	0.266307	0.376793	0.029754	0.403671	0.106751
25.000000	0.069862	-0.069862	0.329983	0.377021	0.030744	0.399683	0.105280
30.000000	0.087557	-0.087557	0.396115	0.367915	0.030661	0.383967	0.103097
35.000000	0.113766	-0.113766	0.455039	0.376564	0.034039	0.406176	0.101778
40.000000	0.138431	-0.138431	0.550189	0.374283	0.033062	0.381961	0.098603
45.000000	0.147488	-0.147488	0.594471	0.381678	0.037506	0.391685	0.096027
50.000000	0.156781	-0.156781	0.635272	0.367690	0.042833	0.389013	0.097121
55.000000	0.152768	-0.152768	0.661046	0.370892	0.045077	0.400874	0.095701
60.000000	0.147241	-0.147241	0.717994	0.370912	0.045195	0.391241	0.091497
65.000000	0.149829	-0.149829	0.751728	0.372803	0.049724	0.407402	0.091898
70.000000	0.151775	-0.151775	0.798814	0.379552	0.051812	0.393737	0.088861
75.000000	0.147298	-0.147298	0.849287	0.375812	0.053261	0.400202	0.084978
80.000000	0.143808	-0.143808	0.908088	0.379366	0.052925	0.401550	0.081442
85.000000	0.141322	-0.141322	0.948577	0.373112	0.053927	0.402250	0.079054
90.000000	0.131360	-0.131360	0.978879	0.374238	0.054302	0.398493	0.076100
95.000000	0.117092	-0.117092	1.014912	0.387480	0.056335	0.400579	0.076597
100.000000	0.114895	-0.114895	1.035005	0.368576	0.057513	0.412351	0.075364
105.000000	0.101722	-0.101722	1.074482	0.379863	0.056365	0.411498	0.071036
110.000000	0.090005	-0.090005	1.110356	0.377918	0.058301	0.405830	0.067637
115.000000	0.075431	-0.075431	1.148728	0.368751	0.058528	0.409858	0.066701
120.000000	0.063795	-0.063795	1.176122	0.374401	0.057865	0.415648	0.063216
125.000000	0.053632	-0.053632	1.201604	0.375606	0.057584	0.419264	0.061781
130.000000	0.035680	-0.035680	1.254795	0.374606	0.056687	0.416341	0.055614
135.000000	0.016506	-0.016506	1.292104	0.363155	0.057876	0.407698	0.053373
140.000000	0.001685	-0.001685	1.313056	0.377632	0.057425	0.407188	0.051424
145.000000	0.004147	0.004147	1.305028	0.369677	0.059176	0.404036	0.054107
150.000000	0.015758	0.015758	1.322211	0.367731	0.058683	0.398373	0.052636
155.000000	0.039293	0.039293	1.366951	0.368536	0.060313	0.403833	0.051130
160.000000	0.081185	0.081185	1.451353	0.371598	0.058637	0.398735	0.046003
165.000000	0.083073	0.083073	1.459537	0.369069	0.059269	0.397376	0.046246
170.000000	0.087374	0.087374	1.445110	0.372532	0.060220	0.394425	0.046983
175.000000	0.091511	0.091511	1.436968	0.367240	0.060185	0.396562	0.047970
180.000000	0.109404	0.109404	1.459557	0.372375	0.059637	0.394804	0.046771
185.000000	0.116673	0.116673	1.467464	0.370032	0.061004	0.397801	0.047054
190.000000	0.136330	0.136330	1.500491	0.377607	0.060931	0.386681	0.046185
195.000000	0.145755	0.145755	1.516246	0.364766	0.059621	0.388684	0.045990
200.000000	0.165442	0.165442	1.544609	0.364825	0.060792	0.387093	0.045271
205.000000	0.185387	0.185387	1.576245	0.361700	0.060264	0.393016	0.045041
210.000000	0.205008	0.205008	1.603133	0.364772	0.059374	0.385609	0.045613
215.000000	0.242339	0.242339	1.675959	0.367355	0.058506	0.393725	0.045331
220.000000	0.272091	0.272091	1.727564	0.363419	0.057968	0.386603	0.046497
225.000000	0.295767	0.295767	1.777688	0.373437	0.058166	0.401049	0.048174
230.000000	0.306279	0.306279	1.802425	0.364481	0.057859	0.387679	0.049318
235.000000	0.314503	0.314503	1.824509	0.363400	0.058991	0.399910	0.049775
240.000000	0.307092	0.307092	1.804442	0.370163	0.059073	0.388647	0.049543
245.000000	0.327011	0.327011	1.830215	0.376513	0.058314	0.389516	0.049799
250.000000	0.341271	0.341271	1.849604	0.368507	0.058299	0.377720	0.052211
255.000000	0.344376	0.344376	1.863818	0.367558	0.058382	0.391060	0.053213
