0.000000	0.000000	0.000000	0.000000	0.406584	0.372831	0.416807	0.377726
5.000000	0.033029	0.033029	-0.072288	0.403302	0.376055	0.409256	0.375391
10.000000	0.074280	0.074280	-0.106138	0.406032	0.378677	0.413292	0.374508
15.000000	0.117345	0.117345	-0.077717	0.405339	0.378760	0.413527	0.376603
20.000000	0.157285	0.157285	-0.003946	0.406242	0.378930	0.406847	0.376895
25.000000	0.198352	0.198352	0.080436	0.408135	0.379776	0.400144	0.375408
30.000000	0.240329	0.240329	0.166035	0.408860	0.378938	0.394129	0.369352
35.000000	0.282471	0.282471	0.243268	0.409379	0.378946	0.389807	0.366127
40.000000	0.326184	0.326184	0.244390	0.409303	0.378991	0.388828	0.366331
45.000000	0.359677	0.359677	0.131679	0.405853	0.378941	0.389566	0.365718
50.000000	0.388250	0.388250	0.065290	0.406641	0.376810	0.382742	0.357965
55.000000	0.413626	0.413626	0.047323	0.408602	0.380126	0.387459	0.362137
60.000000	0.443959	0.443959	0.131176	0.408288	0.379732	0.385898	0.361594
65.000000	0.474987	0.474987	0.206578	0.406356	0.379666	0.392582	0.365798
70.000000	0.501946	0.501946	0.220612	0.406862	0.377706	0.389084	0.362612
75.000000	0.532595	0.532595	0.324598	0.404643	0.377534	0.398773	0.365948
80.000000	0.555156	0.555156	0.272797	0.407966	0.376220	0.403932	0.370509
85.000000	0.575433	0.575433	0.421518	0.402584	0.371904	0.405087	0.367279
90.000000	0.598721	0.598721	0.332121	0.409365	0.373607	0.408251	0.369714
95.000000	0.621042	0.621042	0.494116	0.398478	0.367818	0.402860	0.363082
100.000000	0.638773	0.638773	0.579338	0.396818	0.363782	0.403098	0.362891
105.000000	0.655705	0.655705	0.522661	0.398088	0.367495	0.406091	0.364100
110.000000	0.670853	0.670853	0.606416	0.397949	0.364490	0.403714	0.359650
115.000000	0.685701	0.685701	0.590079	0.393358	0.362105	0.401840	0.356994
120.000000	0.699783	0.699783	0.579815	0.397283	0.364586	0.404920	0.360245
125.000000	0.711295	0.711295	0.626912	0.395761	0.363091	0.400865	0.354945
130.000000	0.723620	0.723620	0.666488	0.396913	0.361795	0.400164	0.354359
135.000000	0.698868	0.698868	0.688115	0.398998	0.354961	0.406801	0.355606
140.000000	0.674454	0.674454	1.384289	0.388795	0.342628	0.381605	0.343543
145.000000	0.659866	0.659866	1.055850	0.407344	0.356224	0.391511	0.348716
150.000000	0.719219	0.719219	0.688522	0.395858	0.360119	0.402700	0.356889
155.000000	0.781814	0.781814	0.756378	0.393426	0.357701	0.401454	0.356155
160.000000	0.761260	0.761260	0.628156	0.394307	0.361297	0.404426	0.357050
165.000000	0.748763	0.748763	0.513784	0.396529	0.367842	0.407577	0.356218
170.000000	0.769210	0.769210	0.530163	0.394635	0.365628	0.408596	0.357148
175.000000	0.776583	0.776583	0.326706	0.400410	0.372672	0.405882	0.355380
180.000000	0.797502	0.797502	0.462697	0.403350	0.368669	0.409427	0.357562
185.000000	0.791278	0.791278	0.463997	0.402683	0.369568	0.406172	0.354405
190.000000	0.809693	0.809693	0.497742	0.401184	0.366627	0.405916	0.354554
195.000000	0.805774	0.805774	0.327674	0.403288	0.375450	0.405322	0.354273
200.000000	0.807859	0.807859	0.412842	0.398062	0.367139	0.406832	0.355062
205.000000	0.826567	0.826567	0.530709	0.401798	0.368337	0.405540	0.354825
210.000000	0.827531	0.827531	0.483032	0.398687	0.366192	0.407435	0.355618
215.000000	0.827695	0.827695	0.580795	0.392413	0.364393	0.404066	0.354911
220.000000	0.846015	0.846015	0.525407	0.398876	0.368326	0.406249	0.355934
225.000000	0.834474	0.834474	0.629604	0.393821	0.364644	0.404786	0.355242
230.000000	0.829717	0.829717	0.679579	0.392745	0.361047	0.405747	0.355143
235.000000	0.840250	0.840250	0.886066	0.396348	0.357413	0.403593	0.355449
240.000000	0.873642	0.873642	0.862505	0.393011	0.357909	0.404836	0.356906
245.000000	0.851099	0.851099	0.733051	0.396960	0.364018	0.402481	0.353433
250.000000	0.893439	0.893439	0.843295	0.396216	0.361345	0.403680	0.355095
255.000000	0.867921	0.867921	0.819490	0.394944	0.360725	0.403877	0.355774
