0.000000	0.000000	0.000000	0.000000	0.406850	0.374702	0.431426	0.412558
5.000000	0.015869	0.038054	-0.015869	0.406528	0.375554	0.430521	0.408956
10.000000	0.040276	0.031676	-0.040276	0.407854	0.376298	0.433265	0.409882
15.000000	0.057487	-0.009100	-0.057487	0.407452	0.375316	0.434251	0.408931
20.000000	0.072665	-0.051016	-0.072665	0.406152	0.372765	0.430098	0.399685
25.000000	0.086764	-0.088695	-0.086764	0.406300	0.372677	0.432427	0.396317
30.000000	0.101228	-0.144892	-0.101228	0.402418	0.369807	0.430471	0.389205
35.000000	0.112924	-0.229964	-0.112924	0.402259	0.370127	0.430349	0.376858
40.000000	0.123790	-0.264274	-0.123790	0.400887	0.369637	0.426199	0.364053
45.000000	0.130091	-0.291074	-0.130091	0.400795	0.369268	0.428604	0.359348
50.000000	0.149757	-0.313940	-0.149757	0.397898	0.368442	0.429749	0.349560
55.000000	0.172727	-0.350451	-0.172727	0.395532	0.366070	0.429977	0.340749
60.000000	0.185380	-0.406691	-0.185380	0.393070	0.365919	0.427821	0.330051
65.000000	0.201926	-0.421215	-0.201926	0.391807	0.363392	0.427652	0.325249
70.000000	0.213515	-0.505002	-0.213515	0.387045	0.360846	0.426342	0.312097
75.000000	0.232845	-0.562617	-0.232845	0.388152	0.361815	0.421025	0.301877
80.000000	0.230304	-0.446952	-0.230304	0.388292	0.360390	0.427427	0.318032
85.000000	0.243769	-0.265519	-0.243769	0.395963	0.362505	0.428219	0.335161
90.000000	0.256853	-0.162165	-0.256853	0.399455	0.364163	0.425243	0.346672
95.000000	0.269275	-0.159479	-0.269275	0.394144	0.361761	0.427243	0.345310
100.000000	0.282302	-0.069785	-0.282302	0.392444	0.359916	0.425582	0.356191
105.000000	0.309179	0.063277	-0.309179	0.389755	0.356666	0.421051	0.366054
110.000000	0.309908	0.016990	-0.309908	0.386527	0.355437	0.424895	0.365451
115.000000	0.340101	0.216187	-0.340101	0.385304	0.352727	0.416558	0.371070
120.000000	0.327070	0.110404	-0.327070	0.385706	0.354779	0.420407	0.372032
125.000000	0.310658	-0.080435	-0.310658	0.388952	0.359091	0.426148	0.351563
130.000000	0.314522	-0.168589	-0.314522	0.392143	0.359179	0.427129	0.338628
135.000000	0.317938	-0.080145	-0.317938	0.389048	0.357476	0.429065	0.352680
140.000000	0.332443	-0.107683	-0.332443	0.388829	0.357685	0.427719	0.346090
145.000000	0.352738	0.120659	-0.352738	0.387852	0.356220	0.421543	0.368247
150.000000	0.389726	0.281612	-0.389726	0.392359	0.356007	0.419784	0.376738
155.000000	0.368409	0.081166	-0.368409	0.384529	0.354083	0.424984	0.364256
160.000000	0.385167	0.080472	-0.385167	0.387138	0.355483	0.428354	0.365298
165.000000	0.379404	0.144712	-0.379404	0.390973	0.356866	0.420576	0.368398
170.000000	0.374438	0.010784	-0.374438	0.383720	0.354164	0.425783	0.356587
175.000000	0.365578	-0.186271	-0.365578	0.390989	0.359686	0.425154	0.328354
180.000000	0.399656	0.120119	-0.399656	0.388425	0.356359	0.423636	0.365481
185.000000	0.369224	0.029344	-0.369224	0.388956	0.357066	0.424251	0.357657
190.000000	0.376062	-0.098332	-0.376062	0.382893	0.352617	0.427346	0.341566
195.000000	0.381918	0.123954	-0.381918	0.386911	0.353350	0.421261	0.368333
200.000000	0.412705	0.256793	-0.412705	0.395800	0.359240	0.416525	0.373741
205.000000	0.416033	0.200927	-0.416033	0.392897	0.356417	0.421449	0.373427
210.000000	0.397160	-0.052961	-0.397160	0.384177	0.353544	0.426901	0.345354
215.000000	0.396865	-0.048543	-0.396865	0.385129	0.354265	0.425842	0.345406
220.000000	0.426164	0.215323	-0.426164	0.391669	0.356737	0.420197	0.372965
225.000000	0.446611	0.170165	-0.446611	0.393390	0.356732	0.420901	0.362506
230.000000	0.415527	-0.007987	-0.415527	0.388049	0.356011	0.426091	0.346938
235.000000	0.407844	-0.107417	-0.407844	0.379808	0.350298	0.424464	0.333955
240.000000	0.400275	-0.014128	-0.400275	0.383685	0.351763	0.424657	0.347858
245.000000	0.420105	0.043134	-0.420105	0.387784	0.356227	0.422824	0.352670
250.000000	0.413466	0.024566	-0.413466	0.385710	0.354134	0.426972	0.353457
255.000000	0.424520	0.070135	-0.424520	0.388439	0.355979	0.424071	0.355708
