0.000000	0.000000	0.000000	0.000000	0.392380	0.271650	0.431316	0.279932
5.000000	0.024702	0.024702	-0.027506	0.390662	0.275551	0.433512	0.284641
10.000000	0.052735	0.052735	0.124492	0.393909	0.263690	0.435453	0.287453
15.000000	0.074055	0.074055	0.213290	0.382215	0.255259	0.418399	0.285028
20.000000	0.094110	0.094110	0.275268	0.388695	0.256614	0.429942	0.285566
25.000000	0.120635	0.120635	0.354374	0.383497	0.253973	0.421091	0.282662
30.000000	0.152631	0.152631	0.408044	0.385650	0.252721	0.423084	0.283488
35.000000	0.177879	0.177879	0.403148	0.381923	0.253261	0.420262	0.283637
40.000000	0.212548	0.212548	0.381854	0.385422	0.258296	0.423058	0.289065
45.000000	0.243767	0.243767	0.509810	0.385565	0.247942	0.418399	0.287465
50.000000	0.272581	0.272581	0.663969	0.397952	0.246783	0.407402	0.287185
55.000000	0.296560	0.296560	0.594519	0.389941	0.248921	0.407319	0.288917
60.000000	0.332702	0.332702	0.654088	0.396859	0.248160	0.414101	0.291984
65.000000	0.340193	0.340193	0.918513	0.400329	0.239184	0.419171	0.289986
70.000000	0.359196	0.359196	0.999110	0.398329	0.235139	0.423141	0.291285
75.000000	0.380336	0.380336	0.895744	0.400784	0.240326	0.421307	0.292591
80.000000	0.407762	0.407762	0.749975	0.401923	0.248860	0.412697	0.292762
85.000000	0.431630	0.431630	0.846326	0.405486	0.245550	0.414978	0.295120
90.000000	0.450217	0.450217	0.995931	0.400236	0.238632	0.417538	0.296126
95.000000	0.471646	0.471646	1.041309	0.399586	0.237081	0.418193	0.299204
100.000000	0.496027	0.496027	1.035566	0.400405	0.238512	0.416686	0.296468
105.000000	0.503463	0.503463	1.090806	0.396571	0.235582	0.415121	0.296551
110.000000	0.518578	0.518578	0.953963	0.401258	0.242766	0.420166	0.301761
115.000000	0.542133	0.542133	0.877427	0.404927	0.254022	0.414491	0.303053
120.000000	0.549724	0.549724	0.916159	0.405285	0.250798	0.415116	0.306182
125.000000	0.574135	0.574135	0.832328	0.396840	0.254164	0.408075	0.300875
130.000000	0.589138	0.589138	0.830566	0.399465	0.254444	0.407361	0.303146
135.000000	0.606701	0.606701	0.748522	0.394280	0.253572	0.412104	0.307078
140.000000	0.620789	0.620789	0.747172	0.392879	0.256464	0.407392	0.304364
145.000000	0.639082	0.639082	0.965155	0.399635	0.248195	0.406706	0.301325
150.000000	0.606298	0.606298	1.151430	0.389291	0.231505	0.406625	0.297161
155.000000	0.646967	0.646967	0.663783	0.381039	0.255217	0.406624	0.306850
160.000000	0.662435	0.662435	0.708016	0.387590	0.256791	0.405338	0.306636
165.000000	0.675926	0.675926	0.860585	0.397246	0.258506	0.406409	0.305941
170.000000	0.677803	0.677803	0.875008	0.398800	0.258389	0.408800	0.302363
175.000000	0.674428	0.674428	0.794824	0.383396	0.256165	0.406946	0.307531
180.000000	0.679132	0.679132	0.656071	0.388142	0.257011	0.402003	0.303561
185.000000	0.693919	0.693919	0.892793	0.392008	0.257301	0.403018	0.300259
190.000000	0.680759	0.680759	0.747790	0.383072	0.257372	0.406126	0.305426
195.000000	0.712922	0.712922	0.816684	0.388864	0.260136	0.400485	0.299755
200.000000	0.705290	0.705290	0.805141	0.388443	0.260209	0.402254	0.300502
205.000000	0.715547	0.715547	0.833660	0.391488	0.260587	0.402157	0.300268
210.000000	0.716031	0.716031	0.869888	0.393658	0.261370	0.403476	0.300527
215.000000	0.717979	0.717979	0.881933	0.390574	0.258354	0.396289	0.296653
220.000000	0.723250	0.723250	0.868270	0.389617	0.258532	0.406443	0.300714
225.000000	0.724415	0.724415	0.783312	0.392488	0.262051	0.401458	0.299199
230.000000	0.725786	0.725786	0.816074	0.390713	0.262503	0.404563	0.302730
235.000000	0.733566	0.733566	0.789927	0.388616	0.259948	0.396757	0.298124
240.000000	0.747357	0.747357	0.901408	0.392449	0.260583	0.401996	0.299928
245.000000	0.733673	0.733673	0.804674	0.388165	0.259494	0.400258	0.299079
250.000000	0.748769	0.748769	0.888545	0.389549	0.259791	0.395232	0.295244
255.000000	0.770708	0.770708	1.011488	0.398939	0.256197	0.395639	0.294587
