0.000000	0.969030
5.000000	0.972597
10.000000	0.973372
15.000000	0.974883
20.000000	0.974974
25.000000	0.973120
30.000000	0.974740
35.000000	0.976610
40.000000	0.978106
45.000000	0.978756
50.000000	0.979133
55.000000	0.981766
60.000000	0.983289
65.000000	0.985121
70.000000	0.983325
75.000000	0.984694
80.000000	0.988541
85.000000	0.992233
90.000000	0.991759
95.000000	0.993687
100.000000	0.993811
105.000000	0.994417
110.000000	0.995772
115.000000	0.997548
120.000000	0.997491
125.000000	0.996487
130.000000	0.998489
135.000000	0.998768
140.000000	1.000000
145.000000	0.998507
150.000000	0.998585
155.000000	0.998748
160.000000	0.998355
165.000000	0.998460
170.000000	0.995099
175.000000	0.993924
180.000000	0.986967
185.000000	0.981331
190.000000	0.976722
195.000000	0.955864
200.000000	0.945932
205.000000	0.934900
210.000000	0.920246
215.000000	0.905112
220.000000	0.875469
225.000000	0.855745
230.000000	0.826885
235.000000	0.795206
240.000000	0.773324
245.000000	0.730267
250.000000	0.712331
255.000000	0.683001
