0.000000	0.000000	0.000000	0.000000	0.386761	0.376678	0.384505	0.364845
5.000000	0.017153	-0.017153	-0.086547	0.389012	0.377972	0.383506	0.363557
10.000000	0.012020	-0.012020	-0.074778	0.386442	0.376106	0.383364	0.363492
15.000000	0.006561	-0.006561	-0.065967	0.388309	0.377909	0.386051	0.366048
20.000000	0.015202	-0.015202	0.088075	0.392412	0.382132	0.389891	0.370959
25.000000	0.022043	-0.022043	0.171377	0.390371	0.380333	0.390540	0.372226
30.000000	0.044060	-0.044060	0.491199	0.390490	0.382221	0.386250	0.368799
35.000000	0.039872	-0.039872	0.388864	0.388711	0.383726	0.388880	0.371115
40.000000	0.065454	-0.065454	0.150029	0.394074	0.384482	0.392826	0.371958
45.000000	0.064954	-0.064954	-0.035618	0.389882	0.379599	0.394209	0.370426
50.000000	0.054671	-0.054671	-0.087884	0.390727	0.380135	0.394937	0.371627
55.000000	0.040424	-0.040424	-0.211850	0.391950	0.378825	0.388801	0.367390
60.000000	0.012134	-0.012134	-0.079600	0.386862	0.376326	0.390845	0.366820
65.000000	0.076081	-0.076081	0.242519	0.392090	0.383312	0.395623	0.374978
70.000000	0.076938	-0.076938	0.240492	0.397362	0.387792	0.396325	0.375072
75.000000	0.063104	-0.063104	0.098953	0.395755	0.385442	0.395281	0.371909
80.000000	0.065596	-0.065596	0.332195	0.395371	0.389268	0.391679	0.371749
85.000000	0.054388	-0.054388	0.088383	0.394397	0.384037	0.393676	0.368430
90.000000	0.043996	-0.043996	0.179317	0.395727	0.384812	0.394711	0.372116
95.000000	0.042193	-0.042193	0.182453	0.395725	0.384641	0.393749	0.371142
100.000000	0.035145	-0.035145	0.170820	0.394006	0.383908	0.393152	0.370967
105.000000	0.007803	-0.007803	0.339616	0.391437	0.383517	0.388136	0.368498
110.000000	0.008853	-0.008853	0.588342	0.381748	0.374252	0.388383	0.370540
115.000000	0.012449	-0.012449	0.638655	0.382019	0.372358	0.391350	0.373518
120.000000	0.008023	0.008023	0.831406	0.380154	0.367994	0.401356	0.383028
125.000000	0.010130	-0.010130	0.661478	0.384010	0.373195	0.389273	0.371003
130.000000	0.029008	-0.029008	0.426291	0.388579	0.383210	0.381330	0.363240
135.000000	0.040790	-0.040790	0.405034	0.391665	0.386118	0.382600	0.364003
140.000000	0.025309	-0.025309	1.103169	0.394667	0.376243	0.399419	0.380315
145.000000	0.028137	-0.028137	0.934612	0.387485	0.373614	0.402488	0.384608
150.000000	0.091805	-0.091805	1.512361	0.381846	0.358061	0.392421	0.371962
155.000000	0.061655	-0.061655	1.210792	0.402833	0.382207	0.392845	0.372470
160.000000	0.131820	-0.131820	0.779507	0.381470	0.368434	0.383255	0.366058
165.000000	0.101591	-0.101591	0.397086	0.385214	0.379723	0.382938	0.362342
170.000000	0.156643	-0.156643	0.788596	0.377784	0.365802	0.386135	0.368168
175.000000	0.147401	-0.147401	0.834897	0.382886	0.367648	0.389288	0.371846
180.000000	0.065797	-0.065797	0.102608	0.394641	0.386838	0.388038	0.363156
185.000000	0.093096	-0.093096	0.519305	0.382730	0.376096	0.385482	0.365068
190.000000	0.062194	-0.062194	0.250315	0.391139	0.381764	0.388961	0.364254
195.000000	0.030400	-0.030400	0.652066	0.394705	0.239041	0.384831	0.351481
200.000000	0.039184	-0.039184	-0.291114	0.385116	0.367691	0.382085	0.357429
205.000000	0.076495	-0.076495	1.458114	0.379880	0.357366	0.392891	0.375845
210.000000	0.148635	-0.148635	1.287221	0.387945	0.364294	0.392993	0.373061
215.000000	0.007692	0.007692	0.981184	0.386419	0.370696	0.396364	0.378111
220.000000	0.005685	0.005685	1.494789	0.387762	0.365559	0.391776	0.375622
225.000000	0.034872	0.034872	1.121094	0.398582	0.381372	0.399826	0.379936
230.000000	0.021469	-0.021469	1.044354	0.386294	0.367718	0.403413	0.380051
235.000000	0.000055	-0.000055	0.875378	0.379237	0.367756	0.396515	0.379857
240.000000	0.013134	0.013134	1.264622	0.402683	0.380633	0.399544	0.381234
245.000000	0.014406	-0.014406	1.819622	0.374502	0.346286	0.388115	0.368472
250.000000	0.003552	0.003552	1.217248	0.403469	0.383131	0.399402	0.380827
255.000000	0.022715	-0.022715	0.897864	0.381251	0.369270	0.390156	0.373597
