0.000000	0.999326
5.000000	0.999647
10.000000	1.000000
15.000000	0.999409
20.000000	0.999203
25.000000	0.999305
30.000000	0.998548
35.000000	0.998108
40.000000	0.998216
45.000000	0.998238
50.000000	0.997872
55.000000	0.997124
60.000000	0.997076
65.000000	0.996792
70.000000	0.997428
75.000000	0.997079
80.000000	0.995323
85.000000	0.994135
90.000000	0.992407
95.000000	0.989710
100.000000	0.990089
105.000000	0.987137
110.000000	0.985488
115.000000	0.982637
120.000000	0.976245
125.000000	0.969606
130.000000	0.966302
135.000000	0.959930
140.000000	0.948453
145.000000	0.936505
150.000000	0.933689
155.000000	0.918933
160.000000	0.900823
165.000000	0.886558
170.000000	0.863763
175.000000	0.855757
180.000000	0.829047
185.000000	0.798228
190.000000	0.778745
195.000000	0.742951
200.000000	0.712446
205.000000	0.673758
210.000000	0.639198
215.000000	0.609864
220.000000	0.575272
225.000000	0.539904
230.000000	0.501677
235.000000	0.462491
240.000000	0.432668
245.000000	0.401974
250.000000	0.382475
255.000000	0.360468
