0.000000	0.206346
5.000000	0.206857
10.000000	0.207559
15.000000	0.207801
20.000000	0.208594
25.000000	0.209465
30.000000	0.209888
35.000000	0.210668
40.000000	0.212092
45.000000	0.213090
50.000000	0.213749
55.000000	0.215606
60.000000	0.217038
65.000000	0.218813
70.000000	0.220202
75.000000	0.222828
80.000000	0.225810
85.000000	0.228016
90.000000	0.231835
95.000000	0.234039
100.000000	0.238601
105.000000	0.244061
110.000000	0.250008
115.000000	0.254216
120.000000	0.261844
125.000000	0.271049
130.000000	0.278619
135.000000	0.288633
140.000000	0.302217
145.000000	0.316954
150.000000	0.329448
155.000000	0.347256
160.000000	0.367819
165.000000	0.390297
170.000000	0.413196
175.000000	0.439542
180.000000	0.472684
185.000000	0.502148
190.000000	0.535672
195.000000	0.574226
200.000000	0.614456
205.000000	0.653180
210.000000	0.697696
215.000000	0.739535
220.000000	0.782501
225.000000	0.821578
230.000000	0.862408
235.000000	0.896720
240.000000	0.930051
245.000000	0.960881
250.000000	0.983215
255.000000	1.000000
