0.000000	0.000000	0.000000	0.000000	0.380611	0.089545	0.396726	0.279450
5.000000	0.023869	0.023869	0.025515	0.379249	0.090418	0.389692	0.275814
10.000000	0.045211	0.045211	0.069584	0.379992	0.092114	0.389664	0.278297
15.000000	0.065166	0.065166	0.125278	0.380651	0.093025	0.390558	0.280309
20.000000	0.085485	0.085485	0.182794	0.375666	0.094946	0.384021	0.276907
25.000000	0.104351	0.104351	0.251224	0.382533	0.097220	0.386411	0.282768
30.000000	0.118792	0.118792	0.318654	0.375715	0.098183	0.382013	0.281358
35.000000	0.151034	0.151034	0.354110	0.382798	0.101816	0.387028	0.290116
40.000000	0.172212	0.172212	0.423659	0.379936	0.104436	0.384336	0.292181
45.000000	0.207316	0.207316	0.440649	0.380695	0.107535	0.387459	0.295473
50.000000	0.241485	0.241485	0.476210	0.384939	0.109996	0.392184	0.301108
55.000000	0.268191	0.268191	0.516551	0.380542	0.113380	0.388908	0.303157
60.000000	0.301571	0.301571	0.549399	0.383610	0.116046	0.399200	0.313554
65.000000	0.326793	0.326793	0.592292	0.382131	0.118455	0.401026	0.316356
70.000000	0.354790	0.354790	0.619014	0.386212	0.119881	0.403000	0.321828
75.000000	0.383345	0.383345	0.644422	0.384626	0.121588	0.406272	0.322518
80.000000	0.415728	0.415728	0.653942	0.387344	0.123482	0.402728	0.324920
85.000000	0.442092	0.442092	0.672045	0.384124	0.124994	0.403721	0.324290
90.000000	0.464727	0.464727	0.701232	0.388135	0.126404	0.400515	0.328643
95.000000	0.485162	0.485162	0.734672	0.384049	0.126977	0.390933	0.327927
100.000000	0.503915	0.503915	0.767823	0.391132	0.128979	0.387178	0.328403
105.000000	0.519908	0.519908	0.798559	0.382187	0.128478	0.381629	0.329618
110.000000	0.532662	0.532662	0.844907	0.387258	0.130117	0.378094	0.330774
115.000000	0.545103	0.545103	0.877716	0.385133	0.130300	0.372992	0.330665
120.000000	0.553391	0.553391	0.915525	0.388484	0.133401	0.374107	0.333731
125.000000	0.563649	0.563649	0.945196	0.382354	0.131744	0.374061	0.334416
130.000000	0.577096	0.577096	0.967623	0.382658	0.133871	0.369279	0.333056
135.000000	0.586884	0.586884	0.990686	0.388415	0.134615	0.366966	0.330814
140.000000	0.593649	0.593649	1.024523	0.383418	0.135237	0.370878	0.330252
145.000000	0.608655	0.608655	1.031223	0.389085	0.135852	0.371380	0.328909
150.000000	0.616837	0.616837	1.051854	0.386400	0.136097	0.372252	0.331388
155.000000	0.625889	0.625889	1.062939	0.386426	0.136516	0.373178	0.329855
160.000000	0.638514	0.638514	1.062392	0.387617	0.137097	0.375145	0.330749
165.000000	0.647996	0.647996	1.067821	0.386825	0.136192	0.371776	0.327345
170.000000	0.659956	0.659956	1.067326	0.389011	0.135543	0.371722	0.326510
175.000000	0.667321	0.667321	1.072264	0.384971	0.134750	0.366821	0.323519
180.000000	0.667442	0.667442	1.092395	0.390700	0.137241	0.369757	0.330036
185.000000	0.670878	0.670878	1.110913	0.384605	0.136463	0.374441	0.329440
190.000000	0.670034	0.670034	1.141640	0.391110	0.139061	0.375177	0.332432
195.000000	0.671299	0.671299	1.163914	0.389818	0.140390	0.375050	0.331575
200.000000	0.668262	0.668262	1.200969	0.392221	0.144280	0.374870	0.331868
205.000000	0.669718	0.669718	1.225589	0.389205	0.145744	0.375989	0.334128
210.000000	0.668624	0.668624	1.259380	0.393992	0.149422	0.377964	0.336568
215.000000	0.667374	0.667374	1.308360	0.390594	0.154811	0.377045	0.339014
220.000000	0.666710	0.666710	1.341898	0.396139	0.161444	0.379118	0.338805
225.000000	0.670389	0.670389	1.367928	0.392215	0.162442	0.376024	0.337735
230.000000	0.671901	0.671901	1.383432	0.395498	0.166344	0.377571	0.337594
235.000000	0.675593	0.675593	1.385448	0.391746	0.163412	0.378665	0.338841
240.000000	0.678465	0.678465	1.399589	0.396064	0.165862	0.376976	0.337020
245.000000	0.683556	0.683556	1.399115	0.393080	0.164360	0.379992	0.338301
250.000000	0.685841	0.685841	1.397360	0.394159	0.162704	0.373420	0.333701
255.000000	0.690406	0.690406	1.387161	0.394402	0.160740	0.374112	0.334538
