0.000000	1.000000
5.000000	0.999628
10.000000	0.999166
15.000000	0.998915
20.000000	0.998910
25.000000	0.998893
30.000000	0.999076
35.000000	0.998734
40.000000	0.998198
45.000000	0.997212
50.000000	0.997154
55.000000	0.996640
60.000000	0.995753
65.000000	0.994442
70.000000	0.993895
75.000000	0.992239
80.000000	0.990833
85.000000	0.989111
90.000000	0.988353
95.000000	0.985501
100.000000	0.982418
105.000000	0.980101
110.000000	0.976041
115.000000	0.972721
120.000000	0.967637
125.000000	0.959550
130.000000	0.951030
135.000000	0.947196
140.000000	0.934016
145.000000	0.928532
150.000000	0.915892
155.000000	0.899154
160.000000	0.882171
165.000000	0.869847
170.000000	0.845490
175.000000	0.819671
180.000000	0.797906
185.000000	0.769113
190.000000	0.732261
195.000000	0.690554
200.000000	0.658983
205.000000	0.614501
210.000000	0.560777
215.000000	0.516406
220.000000	0.466083
225.000000	0.411952
230.000000	0.356915
235.000000	0.308108
240.000000	0.256488
245.000000	0.210288
250.000000	0.166847
255.000000	0.129977
