0.000000	1.000000
5.000000	0.999283
10.000000	0.998371
15.000000	0.997408
20.000000	0.996700
25.000000	0.996360
30.000000	0.996279
35.000000	0.996323
40.000000	0.995625
45.000000	0.994262
50.000000	0.993388
55.000000	0.991450
60.000000	0.988360
65.000000	0.986341
70.000000	0.984680
75.000000	0.983497
80.000000	0.981670
85.000000	0.978618
90.000000	0.976159
95.000000	0.974011
100.000000	0.971111
105.000000	0.968187
110.000000	0.965058
115.000000	0.962184
120.000000	0.958618
125.000000	0.954511
130.000000	0.950814
135.000000	0.945492
140.000000	0.941598
145.000000	0.936060
150.000000	0.929926
155.000000	0.924077
160.000000	0.916551
165.000000	0.910436
170.000000	0.903721
175.000000	0.894808
180.000000	0.885851
185.000000	0.873859
190.000000	0.861628
195.000000	0.852830
200.000000	0.838161
205.000000	0.822169
210.000000	0.804134
215.000000	0.788945
220.000000	0.764450
225.000000	0.737828
230.000000	0.711923
235.000000	0.680992
240.000000	0.646505
245.000000	0.610512
250.000000	0.575104
255.000000	0.537191
