0.000000	0.152984
5.000000	0.156007
10.000000	0.155720
15.000000	0.155688
20.000000	0.155777
25.000000	0.155540
30.000000	0.155456
35.000000	0.155370
40.000000	0.155544
45.000000	0.155459
50.000000	0.155613
55.000000	0.155867
60.000000	0.156059
65.000000	0.155714
70.000000	0.156016
75.000000	0.156458
80.000000	0.156023
85.000000	0.156321
90.000000	0.156880
95.000000	0.157137
100.000000	0.157527
105.000000	0.157970
110.000000	0.158368
115.000000	0.158879
120.000000	0.159582
125.000000	0.160995
130.000000	0.162130
135.000000	0.163098
140.000000	0.165192
145.000000	0.167404
150.000000	0.170509
155.000000	0.172316
160.000000	0.176804
165.000000	0.183511
170.000000	0.187008
175.000000	0.197044
180.000000	0.206798
185.000000	0.215918
190.000000	0.229136
195.000000	0.248651
200.000000	0.272004
205.000000	0.291473
210.000000	0.330321
215.000000	0.372062
220.000000	0.412949
225.000000	0.463884
230.000000	0.535336
235.000000	0.606866
240.000000	0.696916
245.000000	0.781134
250.000000	0.885930
255.000000	1.000000
