0.000000	0.000000	0.000000	0.000000	0.417040	0.238345	0.463454	0.221781
5.000000	0.073692	0.087537	-0.073692	0.427057	0.232200	0.490539	0.228394
10.000000	0.112646	0.007450	-0.112646	0.419118	0.229097	0.497965	0.235090
15.000000	0.141597	0.186258	-0.141597	0.428130	0.225100	0.525906	0.236508
20.000000	0.184488	-0.011799	-0.184488	0.423017	0.225604	0.531274	0.247378
25.000000	0.203168	0.006189	-0.203168	0.424047	0.221093	0.547076	0.244837
30.000000	0.248858	0.035248	-0.248858	0.426732	0.222635	0.551385	0.251350
35.000000	0.271995	-0.084280	-0.271995	0.424257	0.218454	0.550657	0.254335
40.000000	0.286999	-0.114955	-0.286999	0.427489	0.220593	0.553419	0.257463
45.000000	0.318822	-0.157503	-0.318822	0.432071	0.217469	0.554075	0.257913
50.000000	0.349139	-0.264314	-0.349139	0.429386	0.210615	0.548695	0.256869
55.000000	0.365947	-0.105202	-0.365947	0.427905	0.216168	0.544486	0.251908
60.000000	0.391222	-0.282313	-0.391222	0.432827	0.208871	0.540014	0.254247
65.000000	0.377155	-0.259613	-0.377155	0.438455	0.211303	0.537160	0.250549
70.000000	0.406203	-0.225191	-0.406203	0.436174	0.208272	0.525868	0.249664
75.000000	0.403186	-0.317426	-0.403186	0.437512	0.208276	0.525598	0.248266
80.000000	0.420218	-0.435875	-0.420218	0.443775	0.204975	0.517223	0.250219
85.000000	0.432508	-0.478640	-0.432508	0.442998	0.203419	0.515095	0.247866
90.000000	0.446506	-0.523126	-0.446506	0.443765	0.204830	0.511537	0.245964
95.000000	0.437716	-0.655949	-0.437716	0.434336	0.201870	0.512897	0.242001
100.000000	0.450305	-0.617239	-0.450305	0.436430	0.205035	0.507839	0.242061
105.000000	0.443370	-0.671505	-0.443370	0.437156	0.202039	0.504131	0.239873
110.000000	0.446115	-0.699075	-0.446115	0.439654	0.205818	0.502008	0.238108
115.000000	0.456204	-0.736992	-0.456204	0.438271	0.205397	0.498834	0.237378
120.000000	0.463890	-0.790589	-0.463890	0.437646	0.206021	0.495342	0.234605
125.000000	0.472586	-0.842085	-0.472586	0.428026	0.207485	0.493532	0.233267
130.000000	0.474347	-0.759207	-0.474347	0.437053	0.201899	0.489791	0.235047
135.000000	0.467480	-0.755778	-0.467480	0.438578	0.205247	0.490792	0.234201
140.000000	0.501754	-0.678151	-0.501754	0.441844	0.202691	0.486451	0.234609
145.000000	0.505616	-0.620709	-0.505616	0.438499	0.202214	0.483394	0.234956
150.000000	0.506215	-0.394041	-0.506215	0.447621	0.199878	0.474891	0.234543
155.000000	0.498176	-0.488785	-0.498176	0.447251	0.198173	0.479987	0.233348
160.000000	0.500852	-0.280511	-0.500852	0.440065	0.202676	0.472246	0.232004
165.000000	0.508691	-0.130116	-0.508691	0.443401	0.201075	0.465691	0.229033
170.000000	0.507458	-0.368900	-0.507458	0.445583	0.200956	0.471461	0.233103
175.000000	0.497373	-0.485708	-0.497373	0.450907	0.198344	0.474207	0.233053
180.000000	0.513248	-0.412636	-0.513248	0.447519	0.200215	0.469664	0.234025
185.000000	0.537150	-0.248446	-0.537150	0.446967	0.202051	0.468985	0.231580
190.000000	0.544584	-0.271993	-0.544584	0.440096	0.199269	0.470530	0.230601
195.000000	0.547838	-0.284564	-0.547838	0.433815	0.203600	0.471616	0.229149
200.000000	0.540044	-0.176786	-0.540044	0.442643	0.203294	0.465962	0.227908
205.000000	0.514654	-0.735196	-0.514654	0.438393	0.203823	0.480159	0.230300
210.000000	0.535298	-0.449675	-0.535298	0.439729	0.196363	0.467501	0.234664
215.000000	0.499869	-0.441874	-0.499869	0.440986	0.202392	0.467960	0.231988
220.000000	0.526121	-0.441453	-0.526121	0.440566	0.198818	0.472213	0.232728
225.000000	0.535739	0.024732	-0.535739	0.435221	0.208923	0.458933	0.225962
230.000000	0.533199	0.213781	-0.533199	0.441893	0.211812	0.449664	0.221855
235.000000	0.515126	-0.075204	-0.515126	0.434014	0.207855	0.461454	0.229223
240.000000	0.483603	0.029912	-0.483603	0.441608	0.206793	0.450759	0.226182
245.000000	0.561552	0.008394	-0.561552	0.429706	0.210655	0.458144	0.226508
250.000000	0.593405	0.070480	-0.593405	0.432049	0.206725	0.454201	0.223525
255.000000	0.558800	0.085962	-0.558800	0.432168	0.211372	0.455965	0.224872
