0.000000	0.000000	0.000000	0.000000	0.416008	0.220694	0.398018	0.197958
5.000000	0.017620	-0.147245	-0.017620	0.409495	0.223286	0.387153	0.198702
10.000000	0.007361	0.087813	-0.007361	0.405644	0.212796	0.386777	0.203768
15.000000	0.013093	-0.047604	-0.013093	0.415085	0.222687	0.382791	0.206031
20.000000	0.038398	-0.102557	-0.038398	0.409212	0.222860	0.386448	0.211428
25.000000	0.026367	0.090791	-0.026367	0.402978	0.209861	0.386663	0.217880
30.000000	0.009563	0.160537	-0.009563	0.399947	0.203721	0.391098	0.220132
35.000000	0.024596	0.299008	-0.024596	0.394902	0.191014	0.397501	0.220657
40.000000	0.046279	0.212233	-0.046279	0.398771	0.194874	0.398367	0.224181
45.000000	0.050760	0.163560	-0.050760	0.403462	0.200894	0.397768	0.224264
50.000000	0.040190	0.360457	-0.040190	0.398029	0.183008	0.393496	0.215743
55.000000	0.069248	0.220835	-0.069248	0.398024	0.191575	0.396896	0.221878
60.000000	0.065507	0.214591	-0.065507	0.397867	0.192929	0.398218	0.221223
65.000000	0.069114	0.203674	-0.069114	0.397356	0.193133	0.394723	0.220164
70.000000	0.039639	0.422932	-0.039639	0.399786	0.177856	0.393730	0.209450
75.000000	0.057606	0.320441	-0.057606	0.398259	0.185155	0.392047	0.212653
80.000000	0.063329	0.294642	-0.063329	0.395962	0.186086	0.392722	0.211172
85.000000	0.045393	0.446505	-0.045393	0.398446	0.174796	0.388760	0.202843
90.000000	0.052044	0.657482	-0.052044	0.398224	0.164855	0.391632	0.195324
95.000000	0.052958	0.453052	-0.052958	0.403735	0.176327	0.387501	0.201376
100.000000	0.046596	0.407987	-0.046596	0.400530	0.179293	0.390691	0.202808
105.000000	0.050299	0.436641	-0.050299	0.400311	0.177032	0.390873	0.202526
110.000000	0.044764	0.370680	-0.044764	0.400372	0.181784	0.392797	0.202960
115.000000	0.052190	0.344353	-0.052190	0.401808	0.184024	0.394512	0.204053
120.000000	0.035619	0.479969	-0.035619	0.399657	0.174321	0.386449	0.195947
125.000000	0.039515	0.315599	-0.039515	0.403631	0.187801	0.391875	0.202631
130.000000	0.037029	0.188420	-0.037029	0.404268	0.201207	0.404337	0.210526
135.000000	0.053446	0.213811	-0.053446	0.401610	0.195519	0.406223	0.209739
140.000000	0.048605	0.385874	-0.048605	0.404222	0.181354	0.395512	0.199526
145.000000	0.056460	0.212273	-0.056460	0.399620	0.195794	0.405767	0.209017
150.000000	0.038030	0.370887	-0.038030	0.400802	0.183159	0.391967	0.198476
155.000000	0.043149	0.198078	-0.043149	0.403830	0.200087	0.409100	0.207952
160.000000	0.034660	0.212758	-0.034660	0.400819	0.198278	0.406909	0.207018
165.000000	0.026773	0.235517	-0.026773	0.404546	0.197716	0.398624	0.204509
170.000000	0.043601	0.229870	-0.043601	0.402378	0.197325	0.404325	0.207537
175.000000	0.053048	0.112090	-0.053048	0.401714	0.205760	0.416143	0.211734
180.000000	0.068824	0.064954	-0.068824	0.409967	0.211895	0.415272	0.214048
185.000000	0.061877	0.025784	-0.061877	0.410959	0.216581	0.414916	0.211554
190.000000	0.039380	0.023172	-0.039380	0.411028	0.217415	0.419524	0.213178
195.000000	0.044230	0.064348	-0.044230	0.408116	0.212811	0.412862	0.209059
200.000000	0.041022	0.325334	-0.041022	0.394853	0.185074	0.397204	0.199847
205.000000	0.051183	0.243677	-0.051183	0.402733	0.194921	0.401807	0.207795
210.000000	0.057511	0.354154	-0.057511	0.393415	0.181246	0.400341	0.203473
215.000000	0.054702	0.432693	-0.054702	0.404316	0.179013	0.395590	0.198839
220.000000	0.044996	0.230588	-0.044996	0.406838	0.198302	0.406688	0.210982
225.000000	0.049895	0.125420	-0.049895	0.409579	0.207988	0.413180	0.213325
230.000000	0.020302	0.353990	-0.020302	0.403989	0.188041	0.395089	0.200800
235.000000	0.067207	0.096688	-0.067207	0.405719	0.207139	0.416598	0.213512
240.000000	0.050567	0.120856	-0.050567	0.405403	0.206200	0.415276	0.213085
245.000000	0.008535	0.441101	-0.008535	0.401495	0.179740	0.393318	0.198011
250.000000	0.044109	0.399841	-0.044109	0.398704	0.180396	0.397675	0.201739
255.000000	0.035419	0.399318	-0.035419	0.403726	0.182276	0.396176	0.199056
