0.000000	0.005220
5.000000	0.005169
10.000000	0.005130
15.000000	0.005203
20.000000	0.005185
25.000000	0.005228
30.000000	0.005198
35.000000	0.005170
40.000000	0.005118
45.000000	0.005182
50.000000	0.005141
55.000000	0.005189
60.000000	0.005232
65.000000	0.005186
70.000000	0.005284
75.000000	0.005424
80.000000	0.005813
85.000000	0.006193
90.000000	0.006521
95.000000	0.007026
100.000000	0.007700
105.000000	0.008352
110.000000	0.009369
115.000000	0.010284
120.000000	0.011797
125.000000	0.013197
130.000000	0.015211
135.000000	0.017014
140.000000	0.019951
145.000000	0.023391
150.000000	0.026492
155.000000	0.031890
160.000000	0.037960
165.000000	0.046102
170.000000	0.053675
175.000000	0.065479
180.000000	0.079506
185.000000	0.095811
190.000000	0.115096
195.000000	0.139690
200.000000	0.167825
205.000000	0.203663
210.000000	0.251319
215.000000	0.300413
220.000000	0.361871
225.000000	0.423145
230.000000	0.506801
235.000000	0.595593
240.000000	0.694180
245.000000	0.779988
250.000000	0.881184
255.000000	1.000000
