0.000000	0.847467
5.000000	0.847061
10.000000	0.846712
15.000000	0.846848
20.000000	0.846534
25.000000	0.846827
30.000000	0.846815
35.000000	0.846881
40.000000	0.847055
45.000000	0.846965
50.000000	0.846995
55.000000	0.846810
60.000000	0.846784
65.000000	0.846267
70.000000	0.846501
75.000000	0.846297
80.000000	0.846627
85.000000	0.846547
90.000000	0.846874
95.000000	0.847193
100.000000	0.847631
105.000000	0.847084
110.000000	0.847645
115.000000	0.847832
120.000000	0.847435
125.000000	0.847384
130.000000	0.847180
135.000000	0.847155
140.000000	0.847180
145.000000	0.847161
150.000000	0.847065
155.000000	0.846899
160.000000	0.847480
165.000000	0.847653
170.000000	0.847259
175.000000	0.848062
180.000000	0.847632
185.000000	0.850067
190.000000	0.849112
195.000000	0.851014
200.000000	0.853829
205.000000	0.855975
210.000000	0.861097
215.000000	0.867592
220.000000	0.875353
225.000000	0.882767
230.000000	0.896944
235.000000	0.911705
240.000000	0.932676
245.000000	0.951619
250.000000	0.974771
255.000000	1.000000
