0.000000	0.998289
5.000000	0.998505
10.000000	0.997451
15.000000	0.999036
20.000000	0.999636
25.000000	0.999414
30.000000	0.998495
35.000000	0.998438
40.000000	0.999059
45.000000	0.999199
50.000000	0.999386
55.000000	0.999454
60.000000	0.999537
65.000000	0.999643
70.000000	1.000000
75.000000	0.999543
80.000000	0.999760
85.000000	0.999542
90.000000	0.999783
95.000000	0.998812
100.000000	0.998725
105.000000	0.997937
110.000000	0.998115
115.000000	0.998103
120.000000	0.998110
125.000000	0.998240
130.000000	0.997850
135.000000	0.998449
140.000000	0.997940
145.000000	0.997674
150.000000	0.997434
155.000000	0.997410
160.000000	0.997901
165.000000	0.998842
170.000000	0.997963
175.000000	0.998022
180.000000	0.998274
185.000000	0.997293
190.000000	0.996958
195.000000	0.995701
200.000000	0.992977
205.000000	0.991090
210.000000	0.985096
215.000000	0.980161
220.000000	0.968851
225.000000	0.959749
230.000000	0.944170
235.000000	0.919345
240.000000	0.890939
245.000000	0.856573
250.000000	0.813839
255.000000	0.757788
