0.000000	0.932556
5.000000	0.933034
10.000000	0.933271
15.000000	0.933201
20.000000	0.932693
25.000000	0.933031
30.000000	0.933844
35.000000	0.933562
40.000000	0.933344
45.000000	0.933490
50.000000	0.933494
55.000000	0.933361
60.000000	0.933729
65.000000	0.933609
70.000000	0.933885
75.000000	0.934897
80.000000	0.936422
85.000000	0.937391
90.000000	0.939992
95.000000	0.941320
100.000000	0.943527
105.000000	0.946241
110.000000	0.948118
115.000000	0.950919
120.000000	0.953719
125.000000	0.957029
130.000000	0.959658
135.000000	0.963187
140.000000	0.967543
145.000000	0.970796
150.000000	0.975133
155.000000	0.979902
160.000000	0.981623
165.000000	0.986267
170.000000	0.990163
175.000000	0.992953
180.000000	1.000000
185.000000	0.998596
190.000000	0.995495
195.000000	0.995986
200.000000	0.988100
205.000000	0.985499
210.000000	0.968318
215.000000	0.954362
220.000000	0.922721
225.000000	0.883676
230.000000	0.845649
235.000000	0.788815
240.000000	0.731950
245.000000	0.668904
250.000000	0.586460
255.000000	0.503866
