0.000000	0.827106
5.000000	0.827104
10.000000	0.826861
15.000000	0.827302
20.000000	0.827410
25.000000	0.827571
30.000000	0.827677
35.000000	0.828033
40.000000	0.827824
45.000000	0.828187
50.000000	0.828266
55.000000	0.828257
60.000000	0.828396
65.000000	0.828362
70.000000	0.828315
75.000000	0.827632
80.000000	0.827531
85.000000	0.827090
90.000000	0.826235
95.000000	0.825717
100.000000	0.825125
105.000000	0.824829
110.000000	0.824102
115.000000	0.823885
120.000000	0.822723
125.000000	0.822060
130.000000	0.821295
135.000000	0.820407
140.000000	0.819853
145.000000	0.819875
150.000000	0.818119
155.000000	0.817336
160.000000	0.816690
165.000000	0.816571
170.000000	0.816031
175.000000	0.816343
180.000000	0.816897
185.000000	0.816579
190.000000	0.819200
195.000000	0.822439
200.000000	0.825258
205.000000	0.831908
210.000000	0.839574
215.000000	0.849593
220.000000	0.861485
225.000000	0.877774
230.000000	0.895224
235.000000	0.915712
240.000000	0.938790
245.000000	0.959064
250.000000	0.983566
255.000000	1.000000
