0.000000	0.997961
5.000000	0.998908
10.000000	0.998295
15.000000	0.998329
20.000000	0.999995
25.000000	0.998353
30.000000	0.998422
35.000000	0.998238
40.000000	0.998649
45.000000	0.998880
50.000000	0.998008
55.000000	0.997048
60.000000	0.997871
65.000000	0.997754
70.000000	1.000000
75.000000	0.996576
80.000000	0.996484
85.000000	0.995115
90.000000	0.991689
95.000000	0.991194
100.000000	0.985833
105.000000	0.984530
110.000000	0.978331
115.000000	0.972425
120.000000	0.969112
125.000000	0.962526
130.000000	0.957915
135.000000	0.950952
140.000000	0.938006
145.000000	0.930124
150.000000	0.912969
155.000000	0.896950
160.000000	0.878869
165.000000	0.864804
170.000000	0.839516
175.000000	0.815474
180.000000	0.779509
185.000000	0.745298
190.000000	0.701994
195.000000	0.657092
200.000000	0.611604
205.000000	0.551492
210.000000	0.482886
215.000000	0.403785
220.000000	0.342824
225.000000	0.269120
230.000000	0.190431
235.000000	0.123278
240.000000	0.065308
245.000000	0.030335
250.000000	0.017494
255.000000	0.040796
