0.000000	0.129200
5.000000	0.129486
10.000000	0.129233
15.000000	0.129122
20.000000	0.129067
25.000000	0.129095
30.000000	0.128907
35.000000	0.129136
40.000000	0.129005
45.000000	0.129151
50.000000	0.130237
55.000000	0.130427
60.000000	0.130388
65.000000	0.130706
70.000000	0.130668
75.000000	0.130630
80.000000	0.130236
85.000000	0.130279
90.000000	0.129844
95.000000	0.129507
100.000000	0.129037
105.000000	0.128930
110.000000	0.128789
115.000000	0.128650
120.000000	0.128092
125.000000	0.127677
130.000000	0.126828
135.000000	0.126440
140.000000	0.126067
145.000000	0.125672
150.000000	0.124880
155.000000	0.124534
160.000000	0.123686
165.000000	0.123349
170.000000	0.122721
175.000000	0.121546
180.000000	0.121216
185.000000	0.119789
190.000000	0.119420
195.000000	0.118731
200.000000	0.120441
205.000000	0.121366
210.000000	0.129713
215.000000	0.136978
220.000000	0.156991
225.000000	0.181885
230.000000	0.231243
235.000000	0.303816
240.000000	0.405732
245.000000	0.539166
250.000000	0.739551
255.000000	1.000000
