0.000000	0.493660
5.000000	0.493524
10.000000	0.493735
15.000000	0.493598
20.000000	0.493522
25.000000	0.493952
30.000000	0.493546
35.000000	0.493902
40.000000	0.493526
45.000000	0.494322
50.000000	0.493991
55.000000	0.494029
60.000000	0.494133
65.000000	0.494178
70.000000	0.494023
75.000000	0.493861
80.000000	0.494109
85.000000	0.494545
90.000000	0.494909
95.000000	0.495919
100.000000	0.495641
105.000000	0.495593
110.000000	0.495851
115.000000	0.496690
120.000000	0.496158
125.000000	0.497091
130.000000	0.496246
135.000000	0.497004
140.000000	0.496230
145.000000	0.496455
150.000000	0.494746
155.000000	0.494264
160.000000	0.493898
165.000000	0.491221
170.000000	0.490130
175.000000	0.488359
180.000000	0.486017
185.000000	0.482629
190.000000	0.479888
195.000000	0.478402
200.000000	0.476805
205.000000	0.476002
210.000000	0.478793
215.000000	0.483469
220.000000	0.495153
225.000000	0.507312
230.000000	0.544620
235.000000	0.582090
240.000000	0.648322
245.000000	0.735567
250.000000	0.849558
255.000000	1.000000
