0.000000	0.938743
5.000000	0.938933
10.000000	0.939008
15.000000	0.939285
20.000000	0.939265
25.000000	0.938982
30.000000	0.939082
35.000000	0.938553
40.000000	0.938744
45.000000	0.938397
50.000000	0.939199
55.000000	0.939098
60.000000	0.938957
65.000000	0.938871
70.000000	0.939294
75.000000	0.940489
80.000000	0.941524
85.000000	0.942899
90.000000	0.944990
95.000000	0.946693
100.000000	0.948701
105.000000	0.951797
110.000000	0.954864
115.000000	0.957033
120.000000	0.959552
125.000000	0.963116
130.000000	0.966367
135.000000	0.970971
140.000000	0.974337
145.000000	0.978088
150.000000	0.981303
155.000000	0.985438
160.000000	0.988944
165.000000	0.992200
170.000000	0.994283
175.000000	0.996257
180.000000	1.000000
185.000000	0.999390
190.000000	0.997314
195.000000	0.994308
200.000000	0.990099
205.000000	0.981562
210.000000	0.972844
215.000000	0.955589
220.000000	0.940045
225.000000	0.914051
230.000000	0.886648
235.000000	0.856430
240.000000	0.816267
245.000000	0.784244
250.000000	0.749209
255.000000	0.718493
