0.000000	0.998241
5.000000	0.998224
10.000000	0.998369
15.000000	0.998405
20.000000	0.997981
25.000000	0.997981
30.000000	0.997891
35.000000	0.998245
40.000000	0.997753
45.000000	0.998193
50.000000	0.997562
55.000000	0.997701
60.000000	0.997883
65.000000	0.997780
70.000000	0.998329
75.000000	0.998175
80.000000	0.998388
85.000000	0.997975
90.000000	0.998655
95.000000	0.998006
100.000000	0.999063
105.000000	0.998487
110.000000	0.998478
115.000000	0.999019
120.000000	1.000000
125.000000	0.998978
130.000000	0.997656
135.000000	0.996777
140.000000	0.996067
145.000000	0.997205
150.000000	0.993716
155.000000	0.992496
160.000000	0.989902
165.000000	0.992314
170.000000	0.987157
175.000000	0.981489
180.000000	0.980728
185.000000	0.976307
190.000000	0.967146
195.000000	0.961572
200.000000	0.962688
205.000000	0.944825
210.000000	0.938729
215.000000	0.940141
220.000000	0.924123
225.000000	0.909642
230.000000	0.917728
235.000000	0.899956
240.000000	0.911201
245.000000	0.916488
250.000000	0.924985
255.000000	0.929515
