0.000000	0.998980
5.000000	0.999613
10.000000	0.999851
15.000000	0.999717
20.000000	0.999233
25.000000	0.999132
30.000000	0.999167
35.000000	0.999202
40.000000	0.999394
45.000000	1.000000
50.000000	0.999120
55.000000	0.999489
60.000000	0.999294
65.000000	0.999128
70.000000	0.999175
75.000000	0.999049
80.000000	0.998324
85.000000	0.998563
90.000000	0.997211
95.000000	0.996279
100.000000	0.995153
105.000000	0.993549
110.000000	0.993233
115.000000	0.990470
120.000000	0.989533
125.000000	0.988053
130.000000	0.986190
135.000000	0.983338
140.000000	0.981777
145.000000	0.978050
150.000000	0.973770
155.000000	0.968252
160.000000	0.965060
165.000000	0.954475
170.000000	0.948185
175.000000	0.940160
180.000000	0.926871
185.000000	0.909567
190.000000	0.896738
195.000000	0.878558
200.000000	0.849228
205.000000	0.824755
210.000000	0.784824
215.000000	0.756628
220.000000	0.707370
225.000000	0.669227
230.000000	0.614705
235.000000	0.573139
240.000000	0.519502
245.000000	0.486971
250.000000	0.460748
255.000000	0.445116
