0.000000	0.999028
5.000000	0.999170
10.000000	0.999230
15.000000	0.999296
20.000000	0.999338
25.000000	0.999388
30.000000	0.999718
35.000000	0.999838
40.000000	0.999634
45.000000	0.999393
50.000000	1.000000
55.000000	0.999727
60.000000	0.999531
65.000000	0.999366
70.000000	0.999620
75.000000	0.999735
80.000000	0.999837
85.000000	0.999767
90.000000	0.999384
95.000000	0.999239
100.000000	0.998881
105.000000	0.998188
110.000000	0.997625
115.000000	0.997416
120.000000	0.997061
125.000000	0.996168
130.000000	0.995644
135.000000	0.994157
140.000000	0.992932
145.000000	0.991152
150.000000	0.989422
155.000000	0.987163
160.000000	0.985346
165.000000	0.981405
170.000000	0.977233
175.000000	0.972767
180.000000	0.965999
185.000000	0.958989
190.000000	0.949996
195.000000	0.940152
200.000000	0.929585
205.000000	0.915652
210.000000	0.900219
215.000000	0.885452
220.000000	0.867992
225.000000	0.852320
230.000000	0.835680
235.000000	0.820598
240.000000	0.811970
245.000000	0.809715
250.000000	0.810013
255.000000	0.820867
