0.000000	0.997022
5.000000	0.997048
10.000000	0.996725
15.000000	0.996809
20.000000	0.997088
25.000000	0.996494
30.000000	0.996572
35.000000	0.997469
40.000000	0.996669
45.000000	0.996144
50.000000	0.997370
55.000000	0.996699
60.000000	0.997067
65.000000	0.996894
70.000000	0.997718
75.000000	0.997753
80.000000	0.997275
85.000000	0.999327
90.000000	0.998580
95.000000	0.997278
100.000000	0.999125
105.000000	0.998386
110.000000	1.000000
115.000000	0.999771
120.000000	0.997794
125.000000	0.999098
130.000000	0.996506
135.000000	0.995903
140.000000	0.993883
145.000000	0.997059
150.000000	0.991016
155.000000	0.992070
160.000000	0.981456
165.000000	0.978139
170.000000	0.978335
175.000000	0.960884
180.000000	0.955036
185.000000	0.938087
190.000000	0.927085
195.000000	0.907400
200.000000	0.898509
205.000000	0.869816
210.000000	0.834670
215.000000	0.799615
220.000000	0.786970
225.000000	0.741360
230.000000	0.710655
235.000000	0.650139
240.000000	0.624942
245.000000	0.604123
250.000000	0.577328
255.000000	0.557720
