0.000000	0.096217
5.000000	0.095923
10.000000	0.096156
15.000000	0.096192
20.000000	0.095786
25.000000	0.094042
30.000000	0.096041
35.000000	0.095779
40.000000	0.095941
45.000000	0.096689
50.000000	0.095849
55.000000	0.096072
60.000000	0.096079
65.000000	0.096144
70.000000	0.096298
75.000000	0.096986
80.000000	0.098360
85.000000	0.099257
90.000000	0.101062
95.000000	0.102740
100.000000	0.104292
105.000000	0.107349
110.000000	0.110354
115.000000	0.114125
120.000000	0.119172
125.000000	0.122882
130.000000	0.129083
135.000000	0.137389
140.000000	0.146861
145.000000	0.156192
150.000000	0.168208
155.000000	0.184709
160.000000	0.202350
165.000000	0.226245
170.000000	0.248618
175.000000	0.278614
180.000000	0.319323
185.000000	0.359624
190.000000	0.399710
195.000000	0.456259
200.000000	0.520288
205.000000	0.579840
210.000000	0.661064
215.000000	0.739308
220.000000	0.805516
225.000000	0.885173
230.000000	0.938830
235.000000	0.970201
240.000000	1.000000
245.000000	0.991870
250.000000	0.918624
255.000000	0.825987
