0.000000	0.994880
5.000000	0.995057
10.000000	0.993673
15.000000	0.995095
20.000000	0.994048
25.000000	0.995051
30.000000	0.994024
35.000000	0.994726
40.000000	0.993784
45.000000	0.993498
50.000000	0.994236
55.000000	0.994229
60.000000	0.994093
65.000000	0.995399
70.000000	0.993602
75.000000	0.993445
80.000000	0.994590
85.000000	0.995025
90.000000	0.995158
95.000000	0.995337
100.000000	0.995199
105.000000	0.995943
110.000000	0.997322
115.000000	0.997966
120.000000	0.996382
125.000000	0.997419
130.000000	1.000000
135.000000	0.996688
140.000000	0.999535
145.000000	0.997566
150.000000	0.996857
155.000000	0.997560
160.000000	0.992719
165.000000	0.989821
170.000000	0.996421
175.000000	0.984826
180.000000	0.985094
185.000000	0.976623
190.000000	0.978402
195.000000	0.977768
200.000000	0.964109
205.000000	0.953366
210.000000	0.963534
215.000000	0.951071
220.000000	0.935471
225.000000	0.931139
230.000000	0.944326
235.000000	0.917733
240.000000	0.944099
245.000000	0.940444
250.000000	0.935682
255.000000	0.958471
