0.000000	0.083352
5.000000	0.083310
10.000000	0.083241
15.000000	0.083378
20.000000	0.083081
25.000000	0.083350
30.000000	0.083279
35.000000	0.083093
40.000000	0.083504
45.000000	0.083299
50.000000	0.083159
55.000000	0.083318
60.000000	0.083363
65.000000	0.083371
70.000000	0.083613
75.000000	0.085040
80.000000	0.086590
85.000000	0.088353
90.000000	0.090822
95.000000	0.093145
100.000000	0.095884
105.000000	0.099329
110.000000	0.103891
115.000000	0.108203
120.000000	0.113110
125.000000	0.119104
130.000000	0.125732
135.000000	0.134532
140.000000	0.144055
145.000000	0.156352
150.000000	0.167965
155.000000	0.185591
160.000000	0.201431
165.000000	0.223066
170.000000	0.247220
175.000000	0.274025
180.000000	0.312951
185.000000	0.348061
190.000000	0.385603
195.000000	0.437347
200.000000	0.492927
205.000000	0.548745
210.000000	0.623715
215.000000	0.704344
220.000000	0.767330
225.000000	0.844705
230.000000	0.895056
235.000000	0.962800
240.000000	1.000000
245.000000	0.994711
250.000000	0.985566
255.000000	0.912708
