0.000000	0.851072
5.000000	0.851185
10.000000	0.851321
15.000000	0.851394
20.000000	0.851256
25.000000	0.851024
30.000000	0.851155
35.000000	0.850863
40.000000	0.850809
45.000000	0.850727
50.000000	0.850664
55.000000	0.850618
60.000000	0.850468
65.000000	0.850895
70.000000	0.851191
75.000000	0.852058
80.000000	0.852906
85.000000	0.853389
90.000000	0.854756
95.000000	0.855619
100.000000	0.857565
105.000000	0.859008
110.000000	0.861302
115.000000	0.863022
120.000000	0.865749
125.000000	0.868117
130.000000	0.871383
135.000000	0.874769
140.000000	0.879030
145.000000	0.883148
150.000000	0.888175
155.000000	0.893955
160.000000	0.900027
165.000000	0.906860
170.000000	0.914307
175.000000	0.922021
180.000000	0.931627
185.000000	0.941289
190.000000	0.951807
195.000000	0.959783
200.000000	0.969752
205.000000	0.981555
210.000000	0.987674
215.000000	0.997504
220.000000	0.998034
225.000000	1.000000
230.000000	0.988854
235.000000	0.982215
240.000000	0.964536
245.000000	0.941457
250.000000	0.916127
255.000000	0.885258
