0.000000	0.017824
5.000000	0.017690
10.000000	0.017826
15.000000	0.017850
20.000000	0.017590
25.000000	0.017762
30.000000	0.017833
35.000000	0.017823
40.000000	0.017630
45.000000	0.017826
50.000000	0.017610
55.000000	0.017843
60.000000	0.017590
65.000000	0.017790
70.000000	0.017768
75.000000	0.018490
80.000000	0.019008
85.000000	0.019690
90.000000	0.020881
95.000000	0.021511
100.000000	0.022886
105.000000	0.024373
110.000000	0.025738
115.000000	0.027979
120.000000	0.030036
125.000000	0.031581
130.000000	0.035768
135.000000	0.039149
140.000000	0.042785
145.000000	0.047937
150.000000	0.053880
155.000000	0.061062
160.000000	0.068031
165.000000	0.079255
170.000000	0.089145
175.000000	0.104515
180.000000	0.121340
185.000000	0.140075
190.000000	0.163790
195.000000	0.190059
200.000000	0.223073
205.000000	0.258640
210.000000	0.310835
215.000000	0.361970
220.000000	0.420043
225.000000	0.486416
230.000000	0.564105
235.000000	0.641741
240.000000	0.736916
245.000000	0.817699
250.000000	0.910376
255.000000	1.000000
