0.000000	0.544090
5.000000	0.543680
10.000000	0.543740
15.000000	0.543935
20.000000	0.544041
25.000000	0.544004
30.000000	0.543957
35.000000	0.544261
40.000000	0.544159
45.000000	0.544172
50.000000	0.544303
55.000000	0.543831
60.000000	0.544227
65.000000	0.544085
70.000000	0.544427
75.000000	0.544852
80.000000	0.545912
85.000000	0.547277
90.000000	0.548598
95.000000	0.549550
100.000000	0.551581
105.000000	0.553214
110.000000	0.555567
115.000000	0.558231
120.000000	0.560991
125.000000	0.564463
130.000000	0.567926
135.000000	0.572561
140.000000	0.577100
145.000000	0.582562
150.000000	0.589115
155.000000	0.597330
160.000000	0.605185
165.000000	0.614480
170.000000	0.625083
175.000000	0.638442
180.000000	0.654946
185.000000	0.669471
190.000000	0.687367
195.000000	0.711309
200.000000	0.733881
205.000000	0.755590
210.000000	0.789429
215.000000	0.826639
220.000000	0.854372
225.000000	0.892080
230.000000	0.915037
235.000000	0.949729
240.000000	0.979914
245.000000	0.983925
250.000000	1.000000
255.000000	0.990598
