0.000000	0.824555
5.000000	0.825303
10.000000	0.824370
15.000000	0.825144
20.000000	0.824744
25.000000	0.824694
30.000000	0.824877
35.000000	0.823504
40.000000	0.824448
45.000000	0.825593
50.000000	0.825397
55.000000	0.824520
60.000000	0.824417
65.000000	0.824515
70.000000	0.824705
75.000000	0.825888
80.000000	0.827250
85.000000	0.828024
90.000000	0.828325
95.000000	0.830918
100.000000	0.831299
105.000000	0.833797
110.000000	0.836294
115.000000	0.837940
120.000000	0.841287
125.000000	0.844411
130.000000	0.847593
135.000000	0.851901
140.000000	0.856262
145.000000	0.861140
150.000000	0.866412
155.000000	0.873469
160.000000	0.878751
165.000000	0.887043
170.000000	0.895137
175.000000	0.906184
180.000000	0.917208
185.000000	0.927646
190.000000	0.937736
195.000000	0.950897
200.000000	0.960754
205.000000	0.972847
210.000000	0.987678
215.000000	0.991578
220.000000	1.000000
225.000000	0.999776
230.000000	0.998331
235.000000	0.999856
240.000000	0.981003
245.000000	0.971786
250.000000	0.949558
255.000000	0.936906
