0.000000	0.980347
5.000000	0.980160
10.000000	0.980424
15.000000	0.981541
20.000000	0.980167
25.000000	0.980710
30.000000	0.980350
35.000000	0.980468
40.000000	0.980383
45.000000	0.980876
50.000000	0.981367
55.000000	0.980597
60.000000	0.980723
65.000000	0.981572
70.000000	0.980732
75.000000	0.981547
80.000000	0.983948
85.000000	0.983615
90.000000	0.984648
95.000000	0.985655
100.000000	0.988140
105.000000	0.988404
110.000000	0.989932
115.000000	0.992565
120.000000	0.992497
125.000000	0.996332
130.000000	0.995048
135.000000	0.999446
140.000000	0.997586
145.000000	0.996662
150.000000	0.996959
155.000000	0.996955
160.000000	1.000000
165.000000	0.993306
170.000000	0.997947
175.000000	0.989571
180.000000	0.991685
185.000000	0.977946
190.000000	0.978167
195.000000	0.961611
200.000000	0.939641
205.000000	0.922776
210.000000	0.901196
215.000000	0.890248
220.000000	0.845167
225.000000	0.819596
230.000000	0.799399
235.000000	0.755770
240.000000	0.709586
245.000000	0.704463
250.000000	0.680725
255.000000	0.658937
