0.000000	0.999522
5.000000	1.000000
10.000000	0.999275
15.000000	0.999800
20.000000	0.999149
25.000000	0.998794
30.000000	0.998887
35.000000	0.998873
40.000000	0.998695
45.000000	0.999089
50.000000	0.998559
55.000000	0.998937
60.000000	0.998211
65.000000	0.999083
70.000000	0.998525
75.000000	0.997876
80.000000	0.995869
85.000000	0.994785
90.000000	0.992508
95.000000	0.991222
100.000000	0.989179
105.000000	0.985939
110.000000	0.982970
115.000000	0.980260
120.000000	0.976220
125.000000	0.973438
130.000000	0.967756
135.000000	0.962923
140.000000	0.956688
145.000000	0.950114
150.000000	0.942352
155.000000	0.933463
160.000000	0.926492
165.000000	0.915682
170.000000	0.904807
175.000000	0.894155
180.000000	0.881743
185.000000	0.867650
190.000000	0.855943
195.000000	0.843374
200.000000	0.829626
205.000000	0.817684
210.000000	0.805819
215.000000	0.797448
220.000000	0.792674
225.000000	0.794143
230.000000	0.800537
235.000000	0.813777
240.000000	0.836860
245.000000	0.861836
250.000000	0.897379
255.000000	0.937817
