0.000000	0.998823
5.000000	0.999512
10.000000	0.999394
15.000000	0.999562
20.000000	0.999902
25.000000	0.999531
30.000000	1.000000
35.000000	0.998829
40.000000	0.998139
45.000000	0.997910
50.000000	0.998923
55.000000	0.998144
60.000000	0.997984
65.000000	0.998892
70.000000	0.998187
75.000000	0.996258
80.000000	0.994137
85.000000	0.992477
90.000000	0.988299
95.000000	0.985372
100.000000	0.984032
105.000000	0.980304
110.000000	0.977064
115.000000	0.972329
120.000000	0.965581
125.000000	0.961933
130.000000	0.953808
135.000000	0.945568
140.000000	0.935921
145.000000	0.927540
150.000000	0.917613
155.000000	0.907240
160.000000	0.890394
165.000000	0.875193
170.000000	0.857963
175.000000	0.840572
180.000000	0.819969
185.000000	0.792344
190.000000	0.771437
195.000000	0.733962
200.000000	0.708440
205.000000	0.670390
210.000000	0.626795
215.000000	0.576406
220.000000	0.536929
225.000000	0.493320
230.000000	0.439655
235.000000	0.388320
240.000000	0.338793
245.000000	0.300229
250.000000	0.257654
255.000000	0.220003
