0.000000	0.593559
5.000000	0.593198
10.000000	0.593301
15.000000	0.593883
20.000000	0.593482
25.000000	0.591898
30.000000	0.593878
35.000000	0.592028
40.000000	0.592239
45.000000	0.592915
50.000000	0.593136
55.000000	0.593094
60.000000	0.593315
65.000000	0.593797
70.000000	0.593947
75.000000	0.595547
80.000000	0.595711
85.000000	0.598259
90.000000	0.600914
95.000000	0.601809
100.000000	0.605029
105.000000	0.607829
110.000000	0.611754
115.000000	0.614453
120.000000	0.616921
125.000000	0.619841
130.000000	0.626121
135.000000	0.631451
140.000000	0.637833
145.000000	0.646253
150.000000	0.652876
155.000000	0.664000
160.000000	0.674347
165.000000	0.686207
170.000000	0.697789
175.000000	0.714065
180.000000	0.731263
185.000000	0.750803
190.000000	0.767310
195.000000	0.790438
200.000000	0.813727
205.000000	0.837816
210.000000	0.869325
215.000000	0.895812
220.000000	0.921347
225.000000	0.948025
230.000000	0.971502
235.000000	0.990823
240.000000	1.000000
245.000000	0.998955
250.000000	0.999956
255.000000	0.981006
