0.000000	0.682780
5.000000	0.682913
10.000000	0.682932
15.000000	0.684662
20.000000	0.683538
25.000000	0.683258
30.000000	0.683741
35.000000	0.683550
40.000000	0.683136
45.000000	0.683557
50.000000	0.682709
55.000000	0.683405
60.000000	0.681853
65.000000	0.682068
70.000000	0.683642
75.000000	0.683497
80.000000	0.684421
85.000000	0.684856
90.000000	0.683133
95.000000	0.684587
100.000000	0.684335
105.000000	0.684751
110.000000	0.685194
115.000000	0.687719
120.000000	0.687898
125.000000	0.689250
130.000000	0.691430
135.000000	0.694758
140.000000	0.695599
145.000000	0.696595
150.000000	0.698869
155.000000	0.702293
160.000000	0.706898
165.000000	0.709489
170.000000	0.711682
175.000000	0.722776
180.000000	0.723586
185.000000	0.733703
190.000000	0.739068
195.000000	0.753316
200.000000	0.761464
205.000000	0.775027
210.000000	0.795999
215.000000	0.823446
220.000000	0.834143
225.000000	0.870642
230.000000	0.891284
235.000000	0.908428
240.000000	0.948195
245.000000	0.974575
250.000000	0.994442
255.000000	1.000000
