0.000000	0.999487
5.000000	0.999318
10.000000	0.999535
15.000000	0.999605
20.000000	0.999417
25.000000	0.999268
30.000000	0.999371
35.000000	0.999466
40.000000	0.999328
45.000000	0.999724
50.000000	0.999182
55.000000	0.999440
60.000000	0.999360
65.000000	0.999937
70.000000	0.999622
75.000000	0.999877
80.000000	0.999841
85.000000	0.999568
90.000000	1.000000
95.000000	0.999715
100.000000	0.999926
105.000000	0.999174
110.000000	0.998736
115.000000	0.998275
120.000000	0.999093
125.000000	0.997737
130.000000	0.997069
135.000000	0.997114
140.000000	0.994318
145.000000	0.993460
150.000000	0.991555
155.000000	0.987313
160.000000	0.985768
165.000000	0.978302
170.000000	0.973504
175.000000	0.968755
180.000000	0.957041
185.000000	0.943057
190.000000	0.932918
195.000000	0.919178
200.000000	0.890865
205.000000	0.869143
210.000000	0.827188
215.000000	0.795056
220.000000	0.746700
225.000000	0.702064
230.000000	0.637924
235.000000	0.571866
240.000000	0.501172
245.000000	0.431942
250.000000	0.356896
255.000000	0.277674
