0.000000	0.122262
5.000000	0.122089
10.000000	0.122025
15.000000	0.122619
20.000000	0.122004
25.000000	0.121919
30.000000	0.121688
35.000000	0.122108
40.000000	0.122258
45.000000	0.121782
50.000000	0.122062
55.000000	0.122295
60.000000	0.122026
65.000000	0.122007
70.000000	0.122288
75.000000	0.123928
80.000000	0.123717
85.000000	0.124448
90.000000	0.125464
95.000000	0.126643
100.000000	0.126903
105.000000	0.128534
110.000000	0.129711
115.000000	0.130678
120.000000	0.132303
125.000000	0.133242
130.000000	0.135068
135.000000	0.136296
140.000000	0.136325
145.000000	0.139022
150.000000	0.141321
155.000000	0.141445
160.000000	0.141240
165.000000	0.144466
170.000000	0.143034
175.000000	0.141835
180.000000	0.140988
185.000000	0.139656
190.000000	0.133418
195.000000	0.130605
200.000000	0.122766
205.000000	0.116526
210.000000	0.109521
215.000000	0.105190
220.000000	0.107186
225.000000	0.120107
230.000000	0.144132
235.000000	0.200089
240.000000	0.297734
245.000000	0.448252
250.000000	0.669570
255.000000	1.000000
