0.000000	0.998635
5.000000	0.998655
10.000000	0.998244
15.000000	0.999324
20.000000	0.998623
25.000000	0.999196
30.000000	0.999468
35.000000	0.998586
40.000000	0.998851
45.000000	1.000000
50.000000	0.998781
55.000000	0.998411
60.000000	0.998541
65.000000	0.999069
70.000000	0.998334
75.000000	0.996720
80.000000	0.995901
85.000000	0.993346
90.000000	0.989639
95.000000	0.987786
100.000000	0.984158
105.000000	0.979732
110.000000	0.975149
115.000000	0.969769
120.000000	0.964359
125.000000	0.956894
130.000000	0.947454
135.000000	0.938546
140.000000	0.926926
145.000000	0.918451
150.000000	0.903803
155.000000	0.885425
160.000000	0.866464
165.000000	0.846533
170.000000	0.820028
175.000000	0.791670
180.000000	0.759859
185.000000	0.726548
190.000000	0.681543
195.000000	0.637430
200.000000	0.583916
205.000000	0.533443
210.000000	0.455372
215.000000	0.395095
220.000000	0.329036
225.000000	0.254012
230.000000	0.183832
235.000000	0.118629
240.000000	0.061166
245.000000	0.026643
250.000000	0.012082
255.000000	0.028803
