0.000000	0.999289
5.000000	0.998862
10.000000	0.999571
15.000000	0.999148
20.000000	0.999918
25.000000	0.999345
30.000000	0.999380
35.000000	0.999682
40.000000	1.000000
45.000000	0.999511
50.000000	0.999976
55.000000	0.999346
60.000000	0.999037
65.000000	0.999156
70.000000	0.998592
75.000000	0.997827
80.000000	0.996742
85.000000	0.994836
90.000000	0.992036
95.000000	0.990670
100.000000	0.987729
105.000000	0.984335
110.000000	0.980815
115.000000	0.976642
120.000000	0.972947
125.000000	0.967843
130.000000	0.961639
135.000000	0.956483
140.000000	0.948642
145.000000	0.939881
150.000000	0.932064
155.000000	0.922403
160.000000	0.910653
165.000000	0.900057
170.000000	0.887200
175.000000	0.871956
180.000000	0.853278
185.000000	0.836351
190.000000	0.819352
195.000000	0.798742
200.000000	0.776749
205.000000	0.757984
210.000000	0.731748
215.000000	0.714102
220.000000	0.696425
225.000000	0.682942
230.000000	0.676605
235.000000	0.678237
240.000000	0.685238
245.000000	0.705037
250.000000	0.734180
255.000000	0.775537
