0.000000	0.983049
5.000000	0.982604
10.000000	0.983975
15.000000	0.983121
20.000000	0.983304
25.000000	0.982288
30.000000	0.982078
35.000000	0.982426
40.000000	0.982043
45.000000	0.982014
50.000000	0.982840
55.000000	0.982019
60.000000	0.981779
65.000000	0.981876
70.000000	0.982032
75.000000	0.982252
80.000000	0.982478
85.000000	0.983411
90.000000	0.982907
95.000000	0.983127
100.000000	0.983554
105.000000	0.985267
110.000000	0.984540
115.000000	0.984728
120.000000	0.985279
125.000000	0.985382
130.000000	0.986928
135.000000	0.986282
140.000000	0.988917
145.000000	0.987878
150.000000	0.988088
155.000000	0.990041
160.000000	0.989665
165.000000	0.994664
170.000000	0.994908
175.000000	0.994307
180.000000	0.993005
185.000000	0.998711
190.000000	0.996181
195.000000	0.993278
200.000000	1.000000
205.000000	0.992354
210.000000	0.984193
215.000000	0.984890
220.000000	0.989838
225.000000	0.962197
230.000000	0.966423
235.000000	0.941895
240.000000	0.903219
245.000000	0.875837
250.000000	0.840568
255.000000	0.778134
