0.000000	0.697992
5.000000	0.697280
10.000000	0.698338
15.000000	0.697251
20.000000	0.697680
25.000000	0.697882
30.000000	0.697525
35.000000	0.697808
40.000000	0.697230
45.000000	0.697724
50.000000	0.697707
55.000000	0.697507
60.000000	0.696902
65.000000	0.697812
70.000000	0.698757
75.000000	0.700268
80.000000	0.702146
85.000000	0.705799
90.000000	0.708667
95.000000	0.711569
100.000000	0.716029
105.000000	0.719427
110.000000	0.726089
115.000000	0.730678
120.000000	0.735991
125.000000	0.742923
130.000000	0.750106
135.000000	0.757203
140.000000	0.766815
145.000000	0.776753
150.000000	0.785610
155.000000	0.798918
160.000000	0.809525
165.000000	0.823718
170.000000	0.837537
175.000000	0.852925
180.000000	0.871327
185.000000	0.887548
190.000000	0.903571
195.000000	0.921837
200.000000	0.938994
205.000000	0.957236
210.000000	0.973842
215.000000	0.985531
220.000000	0.996680
225.000000	1.000000
230.000000	0.998600
235.000000	0.993877
240.000000	0.975349
245.000000	0.950848
250.000000	0.919889
255.000000	0.879560
