0.000000	0.998524
5.000000	0.997556
10.000000	0.998328
15.000000	0.998483
20.000000	0.998012
25.000000	0.997583
30.000000	0.997435
35.000000	0.998420
40.000000	0.997558
45.000000	0.996993
50.000000	0.997340
55.000000	0.998445
60.000000	0.997901
65.000000	0.998142
70.000000	0.998694
75.000000	0.998358
80.000000	0.999077
85.000000	0.998666
90.000000	0.998689
95.000000	0.998573
100.000000	0.998239
105.000000	0.998342
110.000000	1.000000
115.000000	0.998285
120.000000	0.997307
125.000000	0.997252
130.000000	0.995228
135.000000	0.995073
140.000000	0.993547
145.000000	0.990586
150.000000	0.988296
155.000000	0.987595
160.000000	0.980077
165.000000	0.979212
170.000000	0.969496
175.000000	0.959064
180.000000	0.950377
185.000000	0.933120
190.000000	0.922726
195.000000	0.901605
200.000000	0.873428
205.000000	0.843920
210.000000	0.810040
215.000000	0.760502
220.000000	0.716626
225.000000	0.666600
230.000000	0.595467
235.000000	0.536876
240.000000	0.466000
245.000000	0.404050
250.000000	0.350246
255.000000	0.300943
