0.000000	0.189017
5.000000	0.189112
10.000000	0.189108
15.000000	0.189260
20.000000	0.189061
25.000000	0.189184
30.000000	0.189062
35.000000	0.189036
40.000000	0.189051
45.000000	0.189269
50.000000	0.189087
55.000000	0.189057
60.000000	0.189035
65.000000	0.189268
70.000000	0.189163
75.000000	0.189408
80.000000	0.189855
85.000000	0.189799
90.000000	0.189899
95.000000	0.190323
100.000000	0.190577
105.000000	0.190895
110.000000	0.191057
115.000000	0.191300
120.000000	0.192239
125.000000	0.192364
130.000000	0.192643
135.000000	0.193597
140.000000	0.194620
145.000000	0.194855
150.000000	0.195562
155.000000	0.198086
160.000000	0.197994
165.000000	0.200290
170.000000	0.201862
175.000000	0.205767
180.000000	0.209714
185.000000	0.214148
190.000000	0.219354
195.000000	0.230099
200.000000	0.240724
205.000000	0.256296
210.000000	0.278336
215.000000	0.305386
220.000000	0.336355
225.000000	0.380407
230.000000	0.444012
235.000000	0.511608
240.000000	0.613657
245.000000	0.704227
250.000000	0.846469
255.000000	1.000000
