0.000000	0.759348
5.000000	0.759500
10.000000	0.759465
15.000000	0.759591
20.000000	0.759426
25.000000	0.759468
30.000000	0.759095
35.000000	0.758871
40.000000	0.758940
45.000000	0.758913
50.000000	0.759017
55.000000	0.759021
60.000000	0.758942
65.000000	0.759102
70.000000	0.758912
75.000000	0.758350
80.000000	0.757579
85.000000	0.756963
90.000000	0.756143
95.000000	0.755339
100.000000	0.754396
105.000000	0.753268
110.000000	0.752221
115.000000	0.750976
120.000000	0.749387
125.000000	0.748523
130.000000	0.746756
135.000000	0.746251
140.000000	0.745338
145.000000	0.743049
150.000000	0.743243
155.000000	0.742321
160.000000	0.741665
165.000000	0.741026
170.000000	0.741733
175.000000	0.742112
180.000000	0.743939
185.000000	0.746296
190.000000	0.750915
195.000000	0.756552
200.000000	0.763193
205.000000	0.770853
210.000000	0.787931
215.000000	0.802405
220.000000	0.821276
225.000000	0.842284
230.000000	0.869355
235.000000	0.896697
240.000000	0.929570
245.000000	0.951152
250.000000	0.979386
255.000000	1.000000
