0.000000	0.998276
5.000000	0.997600
10.000000	0.998259
15.000000	0.998074
20.000000	0.997832
25.000000	0.999473
30.000000	0.998383
35.000000	0.997678
40.000000	1.000000
45.000000	0.998865
50.000000	0.998223
55.000000	0.999275
60.000000	0.998346
65.000000	0.998025
70.000000	0.999678
75.000000	0.996707
80.000000	0.993687
85.000000	0.991892
90.000000	0.988059
95.000000	0.984969
100.000000	0.980661
105.000000	0.977784
110.000000	0.970123
115.000000	0.964475
120.000000	0.959583
125.000000	0.950129
130.000000	0.940654
135.000000	0.935146
140.000000	0.919639
145.000000	0.911023
150.000000	0.891270
155.000000	0.875637
160.000000	0.858773
165.000000	0.831744
170.000000	0.814315
175.000000	0.775706
180.000000	0.754354
185.000000	0.712489
190.000000	0.684160
195.000000	0.626228
200.000000	0.585437
205.000000	0.545349
210.000000	0.477859
215.000000	0.415373
220.000000	0.366106
225.000000	0.312017
230.000000	0.268161
235.000000	0.223860
240.000000	0.193870
245.000000	0.184982
250.000000	0.206039
255.000000	0.242097
