0.000000	0.653951
5.000000	0.653672
10.000000	0.653692
15.000000	0.653456
20.000000	0.653373
25.000000	0.653181
30.000000	0.652726
35.000000	0.652683
40.000000	0.652064
45.000000	0.652525
50.000000	0.652316
55.000000	0.653694
60.000000	0.653352
65.000000	0.653361
70.000000	0.653155
75.000000	0.653049
80.000000	0.653819
85.000000	0.654050
90.000000	0.654553
95.000000	0.654504
100.000000	0.655021
105.000000	0.655645
110.000000	0.657064
115.000000	0.658197
120.000000	0.659372
125.000000	0.660393
130.000000	0.660860
135.000000	0.662875
140.000000	0.664004
145.000000	0.665774
150.000000	0.668354
155.000000	0.672232
160.000000	0.674124
165.000000	0.678856
170.000000	0.684871
175.000000	0.690339
180.000000	0.698418
185.000000	0.709021
190.000000	0.718260
195.000000	0.729651
200.000000	0.745458
205.000000	0.761069
210.000000	0.785300
215.000000	0.807084
220.000000	0.832039
225.000000	0.860566
230.000000	0.890585
235.000000	0.920619
240.000000	0.949183
245.000000	0.970918
250.000000	0.991567
255.000000	1.000000
