0.000000	0.945876
5.000000	0.946193
10.000000	0.946578
15.000000	0.945845
20.000000	0.946162
25.000000	0.946147
30.000000	0.946027
35.000000	0.946364
40.000000	0.946297
45.000000	0.946640
50.000000	0.946620
55.000000	0.946327
60.000000	0.946442
65.000000	0.946493
70.000000	0.946554
75.000000	0.947766
80.000000	0.949394
85.000000	0.950236
90.000000	0.951643
95.000000	0.953663
100.000000	0.954951
105.000000	0.957532
110.000000	0.960026
115.000000	0.962568
120.000000	0.964865
125.000000	0.967234
130.000000	0.970289
135.000000	0.973384
140.000000	0.976463
145.000000	0.979956
150.000000	0.982242
155.000000	0.987428
160.000000	0.989480
165.000000	0.993576
170.000000	0.994172
175.000000	0.997327
180.000000	1.000000
185.000000	0.996562
190.000000	0.996547
195.000000	0.990680
200.000000	0.983770
205.000000	0.973021
210.000000	0.959123
215.000000	0.933474
220.000000	0.905883
225.000000	0.867803
230.000000	0.828219
235.000000	0.774192
240.000000	0.702855
245.000000	0.642555
250.000000	0.565805
255.000000	0.484613
