0.000000	0.998905
5.000000	0.998658
10.000000	0.998077
15.000000	1.000000
20.000000	0.999724
25.000000	0.999456
30.000000	0.998756
35.000000	0.998680
40.000000	0.999454
45.000000	0.999336
50.000000	0.999120
55.000000	0.999374
60.000000	0.998858
65.000000	0.998738
70.000000	0.998841
75.000000	0.998479
80.000000	0.997642
85.000000	0.997549
90.000000	0.997821
95.000000	0.997150
100.000000	0.996861
105.000000	0.996945
110.000000	0.996409
115.000000	0.995050
120.000000	0.995209
125.000000	0.993370
130.000000	0.991193
135.000000	0.989872
140.000000	0.987670
145.000000	0.985337
150.000000	0.983885
155.000000	0.977687
160.000000	0.974165
165.000000	0.970284
170.000000	0.962732
175.000000	0.953354
180.000000	0.945826
185.000000	0.928762
190.000000	0.917938
195.000000	0.897713
200.000000	0.875176
205.000000	0.854337
210.000000	0.811210
215.000000	0.777333
220.000000	0.730325
225.000000	0.689788
230.000000	0.629101
235.000000	0.564695
240.000000	0.495531
245.000000	0.429463
250.000000	0.357395
255.000000	0.282462
