0.000000	0.406322
5.000000	0.405913
10.000000	0.405942
15.000000	0.406098
20.000000	0.406858
25.000000	0.406175
30.000000	0.407237
35.000000	0.407123
40.000000	0.405800
45.000000	0.407592
50.000000	0.406060
55.000000	0.407504
60.000000	0.405975
65.000000	0.406838
70.000000	0.407035
75.000000	0.409602
80.000000	0.413746
85.000000	0.416858
90.000000	0.420704
95.000000	0.426066
100.000000	0.430250
105.000000	0.436310
110.000000	0.445103
115.000000	0.451498
120.000000	0.460805
125.000000	0.467252
130.000000	0.479450
135.000000	0.492028
140.000000	0.505385
145.000000	0.518315
150.000000	0.534665
155.000000	0.551773
160.000000	0.571238
165.000000	0.593749
170.000000	0.617982
175.000000	0.643509
180.000000	0.673307
185.000000	0.703519
190.000000	0.737042
195.000000	0.772264
200.000000	0.810333
205.000000	0.845824
210.000000	0.887957
215.000000	0.926174
220.000000	0.954766
225.000000	0.977289
230.000000	1.000000
235.000000	0.998539
240.000000	0.990778
245.000000	0.963085
250.000000	0.916066
255.000000	0.843832
