0.000000	0.675837
5.000000	0.676145
10.000000	0.676418
15.000000	0.676158
20.000000	0.675625
25.000000	0.676217
30.000000	0.675922
35.000000	0.675901
40.000000	0.676267
45.000000	0.675830
50.000000	0.676176
55.000000	0.676194
60.000000	0.675387
65.000000	0.676115
70.000000	0.676551
75.000000	0.677631
80.000000	0.680888
85.000000	0.682845
90.000000	0.686705
95.000000	0.689804
100.000000	0.694249
105.000000	0.698156
110.000000	0.703546
115.000000	0.709239
120.000000	0.716049
125.000000	0.721766
130.000000	0.728866
135.000000	0.738068
140.000000	0.747236
145.000000	0.757498
150.000000	0.767792
155.000000	0.781132
160.000000	0.794939
165.000000	0.807526
170.000000	0.824371
175.000000	0.838174
180.000000	0.857758
185.000000	0.871689
190.000000	0.890417
195.000000	0.910913
200.000000	0.929787
205.000000	0.941130
210.000000	0.956260
215.000000	0.973985
220.000000	0.993980
225.000000	0.991158
230.000000	1.000000
235.000000	0.987683
240.000000	0.959638
245.000000	0.951397
250.000000	0.909300
255.000000	0.861979
