0.000000	0.840923
5.000000	0.841012
10.000000	0.841249
15.000000	0.840535
20.000000	0.840925
25.000000	0.840347
30.000000	0.839989
35.000000	0.839928
40.000000	0.839930
45.000000	0.840644
50.000000	0.840862
55.000000	0.840936
60.000000	0.840429
65.000000	0.840352
70.000000	0.841061
75.000000	0.840617
80.000000	0.840561
85.000000	0.840478
90.000000	0.840447
95.000000	0.840050
100.000000	0.839677
105.000000	0.840113
110.000000	0.840032
115.000000	0.841116
120.000000	0.841379
125.000000	0.842601
130.000000	0.843518
135.000000	0.844911
140.000000	0.846729
145.000000	0.847784
150.000000	0.849835
155.000000	0.853698
160.000000	0.856809
165.000000	0.862402
170.000000	0.867942
175.000000	0.873804
180.000000	0.881232
185.000000	0.890079
190.000000	0.902187
195.000000	0.911801
200.000000	0.921472
205.000000	0.936092
210.000000	0.953579
215.000000	0.963964
220.000000	0.973192
225.000000	0.987669
230.000000	0.992283
235.000000	1.000000
240.000000	0.995400
245.000000	0.992521
250.000000	0.975903
255.000000	0.956623
