0.000000	0.174213
5.000000	0.173226
10.000000	0.174225
15.000000	0.173184
20.000000	0.174002
25.000000	0.173470
30.000000	0.173213
35.000000	0.173621
40.000000	0.173632
45.000000	0.173433
50.000000	0.173849
55.000000	0.173677
60.000000	0.174050
65.000000	0.173456
70.000000	0.172785
75.000000	0.171519
80.000000	0.170376
85.000000	0.167789
90.000000	0.164651
95.000000	0.163250
100.000000	0.159649
105.000000	0.156813
110.000000	0.153406
115.000000	0.149207
120.000000	0.145924
125.000000	0.140561
130.000000	0.136244
135.000000	0.130903
140.000000	0.127126
145.000000	0.121435
150.000000	0.116999
155.000000	0.109949
160.000000	0.105880
165.000000	0.101612
170.000000	0.097390
175.000000	0.094522
180.000000	0.094965
185.000000	0.096119
190.000000	0.100330
195.000000	0.109879
200.000000	0.124127
205.000000	0.144122
210.000000	0.178784
215.000000	0.217489
220.000000	0.268022
225.000000	0.332256
230.000000	0.415267
235.000000	0.507895
240.000000	0.622764
245.000000	0.732423
250.000000	0.863515
255.000000	1.000000
