0.000000	0.840739
5.000000	0.840808
10.000000	0.840620
15.000000	0.841045
20.000000	0.840903
25.000000	0.840710
30.000000	0.841394
35.000000	0.840446
40.000000	0.840973
45.000000	0.840939
50.000000	0.841517
55.000000	0.841828
60.000000	0.841158
65.000000	0.841067
70.000000	0.840256
75.000000	0.841747
80.000000	0.841115
85.000000	0.842278
90.000000	0.841835
95.000000	0.843209
100.000000	0.842449
105.000000	0.842484
110.000000	0.843049
115.000000	0.843418
120.000000	0.845572
125.000000	0.845000
130.000000	0.844898
135.000000	0.848093
140.000000	0.846070
145.000000	0.849728
150.000000	0.848921
155.000000	0.850637
160.000000	0.851733
165.000000	0.850703
170.000000	0.855489
175.000000	0.851452
180.000000	0.860183
185.000000	0.857911
190.000000	0.866107
195.000000	0.859479
200.000000	0.874048
205.000000	0.876149
210.000000	0.877712
215.000000	0.883225
220.000000	0.908896
225.000000	0.912407
230.000000	0.918854
235.000000	0.946138
240.000000	0.968697
245.000000	0.984270
250.000000	0.990282
255.000000	1.000000
