0.000000	0.999936
5.000000	0.999350
10.000000	0.999073
15.000000	0.999908
20.000000	0.999313
25.000000	0.999932
30.000000	0.999180
35.000000	1.000000
40.000000	0.999331
45.000000	0.998936
50.000000	0.998931
55.000000	0.999275
60.000000	0.998814
65.000000	0.998845
70.000000	0.999715
75.000000	0.999438
80.000000	0.998482
85.000000	0.998383
90.000000	0.997892
95.000000	0.997167
100.000000	0.997633
105.000000	0.996072
110.000000	0.995778
115.000000	0.995798
120.000000	0.993835
125.000000	0.992167
130.000000	0.993183
135.000000	0.992034
140.000000	0.990156
145.000000	0.989015
150.000000	0.990788
155.000000	0.984664
160.000000	0.983986
165.000000	0.984856
170.000000	0.978210
175.000000	0.976137
180.000000	0.969299
185.000000	0.971063
190.000000	0.963919
195.000000	0.952603
200.000000	0.948555
205.000000	0.931811
210.000000	0.908077
215.000000	0.895085
220.000000	0.864605
225.000000	0.842066
230.000000	0.792841
235.000000	0.754010
240.000000	0.689483
245.000000	0.629506
250.000000	0.563745
255.000000	0.488212
