0.000000	0.577142
5.000000	0.577178
10.000000	0.576536
15.000000	0.577026
20.000000	0.576724
25.000000	0.577040
30.000000	0.576880
35.000000	0.577419
40.000000	0.577432
45.000000	0.577018
50.000000	0.577030
55.000000	0.576998
60.000000	0.576095
65.000000	0.577083
70.000000	0.577223
75.000000	0.577428
80.000000	0.579007
85.000000	0.580578
90.000000	0.582518
95.000000	0.583784
100.000000	0.584838
105.000000	0.587300
110.000000	0.589929
115.000000	0.592534
120.000000	0.594409
125.000000	0.597823
130.000000	0.602291
135.000000	0.605362
140.000000	0.610752
145.000000	0.616956
150.000000	0.622994
155.000000	0.630108
160.000000	0.638322
165.000000	0.648458
170.000000	0.656809
175.000000	0.671528
180.000000	0.685370
185.000000	0.703457
190.000000	0.717954
195.000000	0.738386
200.000000	0.761093
205.000000	0.784913
210.000000	0.815568
215.000000	0.844845
220.000000	0.872812
225.000000	0.903257
230.000000	0.935301
235.000000	0.956479
240.000000	0.983654
245.000000	0.988444
250.000000	1.000000
255.000000	0.988386
