0.000000	0.907443
5.000000	0.906148
10.000000	0.907142
15.000000	0.907867
20.000000	0.907170
25.000000	0.907412
30.000000	0.906565
35.000000	0.906894
40.000000	0.907143
45.000000	0.907316
50.000000	0.906384
55.000000	0.907518
60.000000	0.907113
65.000000	0.907099
70.000000	0.905372
75.000000	0.907043
80.000000	0.906107
85.000000	0.907896
90.000000	0.909477
95.000000	0.910095
100.000000	0.910426
105.000000	0.910349
110.000000	0.912912
115.000000	0.913100
120.000000	0.916162
125.000000	0.918689
130.000000	0.918941
135.000000	0.924201
140.000000	0.926861
145.000000	0.929298
150.000000	0.935209
155.000000	0.942431
160.000000	0.948609
165.000000	0.954450
170.000000	0.958897
175.000000	0.967987
180.000000	0.977060
185.000000	0.984001
190.000000	0.990896
195.000000	0.999283
200.000000	1.000000
205.000000	0.998197
210.000000	0.993831
215.000000	0.980019
220.000000	0.950736
225.000000	0.921401
230.000000	0.855372
235.000000	0.780139
240.000000	0.690912
245.000000	0.600794
250.000000	0.476038
255.000000	0.349115
