0.000000	0.638414
5.000000	0.638617
10.000000	0.638192
15.000000	0.638491
20.000000	0.638305
25.000000	0.638476
30.000000	0.637994
35.000000	0.637991
40.000000	0.638199
45.000000	0.638109
50.000000	0.638221
55.000000	0.638134
60.000000	0.638377
65.000000	0.638283
70.000000	0.638911
75.000000	0.639597
80.000000	0.640613
85.000000	0.641614
90.000000	0.643428
95.000000	0.644760
100.000000	0.646939
105.000000	0.648843
110.000000	0.651885
115.000000	0.654087
120.000000	0.657587
125.000000	0.660473
130.000000	0.664073
135.000000	0.669146
140.000000	0.674581
145.000000	0.680133
150.000000	0.686435
155.000000	0.695561
160.000000	0.704041
165.000000	0.714312
170.000000	0.725192
175.000000	0.738543
180.000000	0.752128
185.000000	0.768702
190.000000	0.786485
195.000000	0.804345
200.000000	0.823863
205.000000	0.851372
210.000000	0.874164
215.000000	0.903067
220.000000	0.927554
225.000000	0.948320
230.000000	0.967634
235.000000	0.990964
240.000000	0.999381
245.000000	1.000000
250.000000	0.994348
255.000000	0.974890
