0.000000	0.999897
5.000000	0.999919
10.000000	0.999790
15.000000	1.000000
20.000000	0.999336
25.000000	0.999580
30.000000	0.999618
35.000000	0.999491
40.000000	0.998965
45.000000	0.999345
50.000000	0.999325
55.000000	0.999266
60.000000	0.999499
65.000000	0.999429
70.000000	0.998902
75.000000	0.998640
80.000000	0.998867
85.000000	0.998568
90.000000	0.998443
95.000000	0.998907
100.000000	0.998401
105.000000	0.998286
110.000000	0.997883
115.000000	0.997780
120.000000	0.997441
125.000000	0.997397
130.000000	0.996868
135.000000	0.996366
140.000000	0.995018
145.000000	0.995009
150.000000	0.994293
155.000000	0.992444
160.000000	0.990096
165.000000	0.987277
170.000000	0.984506
175.000000	0.980949
180.000000	0.977166
185.000000	0.970985
190.000000	0.962602
195.000000	0.954996
200.000000	0.942074
205.000000	0.925474
210.000000	0.901203
215.000000	0.876547
220.000000	0.842032
225.000000	0.808378
230.000000	0.756892
235.000000	0.699331
240.000000	0.632521
245.000000	0.563953
250.000000	0.483627
255.000000	0.401248
