0.000000	0.703388
5.000000	0.703975
10.000000	0.703877
15.000000	0.704215
20.000000	0.703513
25.000000	0.703999
30.000000	0.703642
35.000000	0.704302
40.000000	0.704160
45.000000	0.703677
50.000000	0.704140
55.000000	0.704413
60.000000	0.704223
65.000000	0.703622
70.000000	0.704817
75.000000	0.706719
80.000000	0.708699
85.000000	0.711794
90.000000	0.715345
95.000000	0.718373
100.000000	0.722917
105.000000	0.726191
110.000000	0.732777
115.000000	0.737198
120.000000	0.743905
125.000000	0.749067
130.000000	0.756178
135.000000	0.764683
140.000000	0.773730
145.000000	0.783358
150.000000	0.791534
155.000000	0.804870
160.000000	0.816190
165.000000	0.828882
170.000000	0.842821
175.000000	0.860769
180.000000	0.873153
185.000000	0.896446
190.000000	0.904437
195.000000	0.923475
200.000000	0.937081
205.000000	0.962244
210.000000	0.977314
215.000000	0.984686
220.000000	1.000000
225.000000	0.993874
230.000000	0.983118
235.000000	0.985375
240.000000	0.977267
245.000000	0.932253
250.000000	0.919564
255.000000	0.878157
