0.000000	0.923975
5.000000	0.924786
10.000000	0.924410
15.000000	0.924435
20.000000	0.923976
25.000000	0.923106
30.000000	0.924036
35.000000	0.923794
40.000000	0.924138
45.000000	0.924121
50.000000	0.924284
55.000000	0.923849
60.000000	0.924095
65.000000	0.923558
70.000000	0.924769
75.000000	0.926154
80.000000	0.927312
85.000000	0.930057
90.000000	0.933263
95.000000	0.934788
100.000000	0.938321
105.000000	0.940794
110.000000	0.945105
115.000000	0.949180
120.000000	0.953030
125.000000	0.957835
130.000000	0.961678
135.000000	0.966423
140.000000	0.970393
145.000000	0.975066
150.000000	0.980387
155.000000	0.985452
160.000000	0.989999
165.000000	0.993337
170.000000	0.996573
175.000000	0.999687
180.000000	1.000000
185.000000	0.999792
190.000000	0.995942
195.000000	0.988656
200.000000	0.983226
205.000000	0.964571
210.000000	0.942284
215.000000	0.907902
220.000000	0.871865
225.000000	0.823342
230.000000	0.757881
235.000000	0.690406
240.000000	0.604304
245.000000	0.528440
250.000000	0.445331
255.000000	0.371680
