0.000000	0.998015
5.000000	0.999680
10.000000	0.998084
15.000000	0.998577
20.000000	0.997592
25.000000	0.999673
30.000000	0.997855
35.000000	0.997988
40.000000	0.998050
45.000000	1.000000
50.000000	0.999030
55.000000	0.998473
60.000000	0.998110
65.000000	0.998339
70.000000	0.998101
75.000000	0.994928
80.000000	0.988931
85.000000	0.983794
90.000000	0.979850
95.000000	0.971493
100.000000	0.966989
105.000000	0.957282
110.000000	0.948006
115.000000	0.937829
120.000000	0.923424
125.000000	0.915891
130.000000	0.900128
135.000000	0.887949
140.000000	0.867583
145.000000	0.849434
150.000000	0.835044
155.000000	0.805122
160.000000	0.789346
165.000000	0.762762
170.000000	0.732644
175.000000	0.708690
180.000000	0.671228
185.000000	0.645224
190.000000	0.611353
195.000000	0.575591
200.000000	0.547973
205.000000	0.513308
210.000000	0.485829
215.000000	0.468021
220.000000	0.448678
225.000000	0.438999
230.000000	0.449384
235.000000	0.463929
240.000000	0.506789
245.000000	0.546259
250.000000	0.614541
255.000000	0.698100
