0.000000	0.969063
5.000000	0.969220
10.000000	0.969483
15.000000	0.969672
20.000000	0.968815
25.000000	0.968667
30.000000	0.969308
35.000000	0.968866
40.000000	0.968675
45.000000	0.970646
50.000000	0.968894
55.000000	0.970212
60.000000	0.969326
65.000000	0.969682
70.000000	0.969748
75.000000	0.971249
80.000000	0.972117
85.000000	0.973658
90.000000	0.975678
95.000000	0.977459
100.000000	0.978981
105.000000	0.981308
110.000000	0.983313
115.000000	0.987892
120.000000	0.987835
125.000000	0.992943
130.000000	0.990617
135.000000	0.995726
140.000000	0.996105
145.000000	0.995516
150.000000	0.995944
155.000000	0.996466
160.000000	0.993122
165.000000	1.000000
170.000000	0.987950
175.000000	0.985629
180.000000	0.984959
185.000000	0.958283
190.000000	0.957325
195.000000	0.935210
200.000000	0.898817
205.000000	0.880227
210.000000	0.817569
215.000000	0.773060
220.000000	0.729843
225.000000	0.651852
230.000000	0.562963
235.000000	0.502602
240.000000	0.394177
245.000000	0.331369
250.000000	0.252152
255.000000	0.203670
