0.000000	0.971179
5.000000	0.971167
10.000000	0.971586
15.000000	0.971644
20.000000	0.971846
25.000000	0.971766
30.000000	0.971610
35.000000	0.972385
40.000000	0.972307
45.000000	0.972382
50.000000	0.972329
55.000000	0.972043
60.000000	0.971433
65.000000	0.971897
70.000000	0.972144
75.000000	0.972478
80.000000	0.973707
85.000000	0.974192
90.000000	0.975604
95.000000	0.976455
100.000000	0.977464
105.000000	0.978773
110.000000	0.980381
115.000000	0.981872
120.000000	0.983681
125.000000	0.984615
130.000000	0.986120
135.000000	0.988141
140.000000	0.989874
145.000000	0.991388
150.000000	0.992930
155.000000	0.995005
160.000000	0.996047
165.000000	0.997250
170.000000	0.998351
175.000000	0.999111
180.000000	0.999474
185.000000	1.000000
190.000000	0.998780
195.000000	0.998232
200.000000	0.995310
205.000000	0.993659
210.000000	0.990008
215.000000	0.985066
220.000000	0.979796
225.000000	0.974026
230.000000	0.966193
235.000000	0.959381
240.000000	0.952047
245.000000	0.946935
250.000000	0.942501
255.000000	0.938727
