0.000000	0.998350
5.000000	0.997903
10.000000	0.998857
15.000000	0.998320
20.000000	0.998541
25.000000	0.998126
30.000000	0.997457
35.000000	1.000000
40.000000	0.999052
45.000000	0.998173
50.000000	0.999170
55.000000	0.998289
60.000000	0.999264
65.000000	0.997829
70.000000	0.996390
75.000000	0.994993
80.000000	0.988067
85.000000	0.983811
90.000000	0.978796
95.000000	0.972084
100.000000	0.963637
105.000000	0.957154
110.000000	0.945011
115.000000	0.935509
120.000000	0.925610
125.000000	0.912482
130.000000	0.900429
135.000000	0.882158
140.000000	0.866958
145.000000	0.846585
150.000000	0.824625
155.000000	0.799661
160.000000	0.776701
165.000000	0.748962
170.000000	0.718161
175.000000	0.685352
180.000000	0.651580
185.000000	0.614965
190.000000	0.577781
195.000000	0.541061
200.000000	0.503144
205.000000	0.465576
210.000000	0.421268
215.000000	0.393307
220.000000	0.370510
225.000000	0.361154
230.000000	0.361553
235.000000	0.369248
240.000000	0.410175
245.000000	0.458684
250.000000	0.534518
255.000000	0.632937
