0.000000	0.777039
5.000000	0.776821
10.000000	0.777132
15.000000	0.776392
20.000000	0.777256
25.000000	0.777355
30.000000	0.777459
35.000000	0.777833
40.000000	0.777608
45.000000	0.777930
50.000000	0.777301
55.000000	0.778077
60.000000	0.777434
65.000000	0.778282
70.000000	0.777934
75.000000	0.776966
80.000000	0.775473
85.000000	0.773721
90.000000	0.771299
95.000000	0.769510
100.000000	0.767254
105.000000	0.763712
110.000000	0.761692
115.000000	0.758017
120.000000	0.756259
125.000000	0.753752
130.000000	0.750801
135.000000	0.746797
140.000000	0.744623
145.000000	0.742215
150.000000	0.739879
155.000000	0.734046
160.000000	0.734661
165.000000	0.730887
170.000000	0.732365
175.000000	0.734748
180.000000	0.734498
185.000000	0.740194
190.000000	0.742120
195.000000	0.752820
200.000000	0.764781
205.000000	0.774559
210.000000	0.797519
215.000000	0.817182
220.000000	0.836400
225.000000	0.864650
230.000000	0.893984
235.000000	0.921005
240.000000	0.948391
245.000000	0.966782
250.000000	0.994552
255.000000	1.000000
