0.000000	0.586551
5.000000	0.587256
10.000000	0.586862
15.000000	0.586888
20.000000	0.587117
25.000000	0.587283
30.000000	0.586918
35.000000	0.587318
40.000000	0.587309
45.000000	0.586608
50.000000	0.587068
55.000000	0.587142
60.000000	0.586883
65.000000	0.587206
70.000000	0.587293
75.000000	0.588280
80.000000	0.590229
85.000000	0.591553
90.000000	0.593289
95.000000	0.595519
100.000000	0.597449
105.000000	0.600941
110.000000	0.604515
115.000000	0.607902
120.000000	0.610900
125.000000	0.616094
130.000000	0.619831
135.000000	0.625885
140.000000	0.633216
145.000000	0.640519
150.000000	0.647689
155.000000	0.657260
160.000000	0.667434
165.000000	0.680279
170.000000	0.691400
175.000000	0.707723
180.000000	0.723628
185.000000	0.742542
190.000000	0.761485
195.000000	0.781906
200.000000	0.806160
205.000000	0.830632
210.000000	0.860206
215.000000	0.886676
220.000000	0.911545
225.000000	0.942197
230.000000	0.960100
235.000000	0.982562
240.000000	1.000000
245.000000	0.994917
250.000000	0.997758
255.000000	0.979396
