0.000000	0.673929
5.000000	0.674077
10.000000	0.673969
15.000000	0.673230
20.000000	0.673944
25.000000	0.673250
30.000000	0.674196
35.000000	0.674030
40.000000	0.674188
45.000000	0.673069
50.000000	0.673678
55.000000	0.673525
60.000000	0.673732
65.000000	0.674111
70.000000	0.674677
75.000000	0.676473
80.000000	0.678184
85.000000	0.681438
90.000000	0.685560
95.000000	0.687883
100.000000	0.692487
105.000000	0.696576
110.000000	0.703437
115.000000	0.708452
120.000000	0.714498
125.000000	0.721931
130.000000	0.729075
135.000000	0.737064
140.000000	0.747945
145.000000	0.756521
150.000000	0.767798
155.000000	0.781618
160.000000	0.792911
165.000000	0.809041
170.000000	0.823563
175.000000	0.841095
180.000000	0.858006
185.000000	0.877532
190.000000	0.895258
195.000000	0.915755
200.000000	0.933726
205.000000	0.951785
210.000000	0.974502
215.000000	0.985832
220.000000	0.999702
225.000000	0.999387
230.000000	1.000000
235.000000	0.987739
240.000000	0.972092
245.000000	0.947671
250.000000	0.907064
255.000000	0.860322
