0.000000	0.969768
5.000000	0.969719
10.000000	0.969818
15.000000	0.969572
20.000000	0.969632
25.000000	0.969305
30.000000	0.969746
35.000000	0.969939
40.000000	0.969827
45.000000	0.970401
50.000000	0.970531
55.000000	0.970647
60.000000	0.970215
65.000000	0.970649
70.000000	0.970225
75.000000	0.970612
80.000000	0.970929
85.000000	0.971265
90.000000	0.971193
95.000000	0.971146
100.000000	0.970914
105.000000	0.971676
110.000000	0.971402
115.000000	0.972895
120.000000	0.973273
125.000000	0.973207
130.000000	0.974232
135.000000	0.975100
140.000000	0.975761
145.000000	0.976086
150.000000	0.978119
155.000000	0.979205
160.000000	0.980782
165.000000	0.982604
170.000000	0.982983
175.000000	0.985884
180.000000	0.987735
185.000000	0.990716
190.000000	0.992157
195.000000	0.994619
200.000000	0.997050
205.000000	0.998221
210.000000	1.000000
215.000000	0.999607
220.000000	0.998036
225.000000	0.993601
230.000000	0.981376
235.000000	0.967965
240.000000	0.942785
245.000000	0.920043
250.000000	0.876826
255.000000	0.819347
