0.000000	0.975657
5.000000	0.975517
10.000000	0.975762
15.000000	0.975737
20.000000	0.975396
25.000000	0.975651
30.000000	0.975432
35.000000	0.975522
40.000000	0.975425
45.000000	0.975703
50.000000	0.975653
55.000000	0.975407
60.000000	0.975943
65.000000	0.975343
70.000000	0.975254
75.000000	0.975519
80.000000	0.975620
85.000000	0.975935
90.000000	0.976486
95.000000	0.976388
100.000000	0.976983
105.000000	0.977165
110.000000	0.978120
115.000000	0.978568
120.000000	0.978996
125.000000	0.978754
130.000000	0.979277
135.000000	0.980093
140.000000	0.980687
145.000000	0.981627
150.000000	0.981792
155.000000	0.982460
160.000000	0.982922
165.000000	0.982866
170.000000	0.984804
175.000000	0.985661
180.000000	0.986314
185.000000	0.987348
190.000000	0.987913
195.000000	0.989634
200.000000	0.990090
205.000000	0.992247
210.000000	0.994674
215.000000	0.996299
220.000000	0.997681
225.000000	0.999654
230.000000	1.000000
235.000000	0.998983
240.000000	0.994954
245.000000	0.989265
250.000000	0.976141
255.000000	0.956298
