0.000000	0.997990
5.000000	0.997768
10.000000	0.998349
15.000000	0.998801
20.000000	0.998475
25.000000	0.999362
30.000000	0.999828
35.000000	0.999413
40.000000	1.000000
45.000000	0.999085
50.000000	0.999899
55.000000	0.998929
60.000000	0.999675
65.000000	0.999083
70.000000	0.998945
75.000000	0.998692
80.000000	0.998440
85.000000	0.998573
90.000000	0.997884
95.000000	0.998105
100.000000	0.997891
105.000000	0.997803
110.000000	0.996828
115.000000	0.997026
120.000000	0.995940
125.000000	0.995692
130.000000	0.995435
135.000000	0.993882
140.000000	0.993415
145.000000	0.992700
150.000000	0.989849
155.000000	0.989498
160.000000	0.985583
165.000000	0.980913
170.000000	0.978582
175.000000	0.977162
180.000000	0.965492
185.000000	0.963595
190.000000	0.924637
195.000000	0.931938
200.000000	0.912008
205.000000	0.898795
210.000000	0.859649
215.000000	0.824817
220.000000	0.776937
225.000000	0.721878
230.000000	0.653752
235.000000	0.578636
240.000000	0.491657
245.000000	0.412824
250.000000	0.331190
255.000000	0.258419
