0.000000	0.923248
5.000000	0.923771
10.000000	0.923341
15.000000	0.924199
20.000000	0.923518
25.000000	0.923773
30.000000	0.923647
35.000000	0.923579
40.000000	0.923802
45.000000	0.923985
50.000000	0.922667
55.000000	0.923208
60.000000	0.922889
65.000000	0.923250
70.000000	0.923552
75.000000	0.924911
80.000000	0.926075
85.000000	0.927591
90.000000	0.928430
95.000000	0.929871
100.000000	0.931341
105.000000	0.933279
110.000000	0.935826
115.000000	0.938087
120.000000	0.940549
125.000000	0.943287
130.000000	0.946282
135.000000	0.950058
140.000000	0.953595
145.000000	0.957172
150.000000	0.961774
155.000000	0.968101
160.000000	0.971421
165.000000	0.979064
170.000000	0.981082
175.000000	0.987098
180.000000	0.990376
185.000000	0.995582
190.000000	1.000000
195.000000	0.995572
200.000000	0.988627
205.000000	0.991479
210.000000	0.959926
215.000000	0.941584
220.000000	0.911918
225.000000	0.845289
230.000000	0.788995
235.000000	0.711752
240.000000	0.599027
245.000000	0.496915
250.000000	0.411901
255.000000	0.320865
