0.000000	0.000000	0.000000	0.000000	0.645656	0.261333	0.702933	0.279677
5.000000	0.070624	-0.090366	0.070624	0.648004	0.252270	0.703791	0.281006
10.000000	0.137587	-0.160005	0.137587	0.653134	0.246704	0.706530	0.280450
15.000000	0.197314	-0.234230	0.197314	0.657942	0.244348	0.712517	0.278208
20.000000	0.256600	-0.283112	0.256600	0.655292	0.248942	0.711950	0.279860
25.000000	0.301102	-0.335649	0.301102	0.659919	0.248591	0.713126	0.280178
30.000000	0.345128	-0.358612	0.345128	0.658319	0.251755	0.717859	0.275634
35.000000	0.386972	-0.307788	0.386972	0.662812	0.254645	0.702380	0.284403
40.000000	0.417857	-0.306115	0.417857	0.659894	0.259976	0.715196	0.271182
45.000000	0.438313	-0.248206	0.438313	0.665429	0.260406	0.700203	0.280050
50.000000	0.476345	-0.233366	0.476345	0.661769	0.266438	0.704151	0.275396
55.000000	0.501945	-0.215190	0.501945	0.665092	0.267847	0.705928	0.273310
60.000000	0.524031	-0.230393	0.524031	0.667000	0.270117	0.702343	0.278511
65.000000	0.537631	-0.254237	0.537631	0.665174	0.273387	0.705901	0.275813
70.000000	0.561226	-0.152387	0.561226	0.674158	0.271851	0.708618	0.272599
75.000000	0.577383	-0.248067	0.577383	0.662370	0.273667	0.705305	0.271834
80.000000	0.585486	-0.272852	0.585486	0.674610	0.277200	0.714659	0.273409
85.000000	0.595545	-0.259041	0.595545	0.677838	0.276257	0.712973	0.274957
90.000000	0.613000	-0.133886	0.613000	0.673358	0.280534	0.718798	0.266746
95.000000	0.624062	-0.078915	0.624062	0.680150	0.278633	0.717099	0.269192
100.000000	0.633305	-0.127141	0.633305	0.674861	0.281718	0.718832	0.267173
105.000000	0.636182	-0.230602	0.636182	0.675939	0.278803	0.710637	0.273284
110.000000	0.628491	-0.327992	0.628491	0.668498	0.283362	0.711381	0.273920
115.000000	0.624929	-0.435154	0.624929	0.664849	0.285464	0.710962	0.278702
120.000000	0.638193	-0.770267	0.638193	0.681353	0.276199	0.720823	0.292518
125.000000	0.636191	-0.588172	0.636191	0.665033	0.284901	0.716776	0.280714
130.000000	0.653632	-0.497725	0.653632	0.661673	0.287961	0.707736	0.282371
135.000000	0.626467	-0.652025	0.626467	0.670595	0.282632	0.718524	0.283709
140.000000	0.634714	-0.654819	0.634714	0.672562	0.282435	0.721131	0.282995
145.000000	0.654886	-0.577663	0.654886	0.664080	0.288376	0.711226	0.285608
150.000000	0.675266	-0.606484	0.675266	0.671898	0.280973	0.719754	0.277059
155.000000	0.661147	-0.710205	0.661147	0.664165	0.280232	0.704436	0.292503
160.000000	0.658920	-0.665850	0.658920	0.669190	0.276357	0.715489	0.279391
165.000000	0.655312	-0.707982	0.655312	0.665048	0.280536	0.708213	0.287682
170.000000	0.673745	-0.399722	0.673745	0.654996	0.285344	0.698212	0.280378
175.000000	0.696507	-0.444715	0.696507	0.653916	0.287541	0.698423	0.281771
180.000000	0.683131	-0.279962	0.683131	0.661960	0.282236	0.700352	0.277769
185.000000	0.679126	-0.337795	0.679126	0.659735	0.281901	0.695481	0.279162
190.000000	0.704636	-0.344367	0.704636	0.667003	0.286491	0.711269	0.274348
195.000000	0.690975	-0.392528	0.690975	0.666807	0.287119	0.710511	0.275742
200.000000	0.664264	-0.611899	0.664264	0.670431	0.284983	0.716380	0.281854
205.000000	0.659906	-0.505041	0.659906	0.662616	0.289748	0.710356	0.280892
210.000000	0.667716	-0.609274	0.667716	0.666888	0.289285	0.713517	0.285920
215.000000	0.642982	-0.310255	0.642982	0.674805	0.282015	0.714537	0.272117
220.000000	0.678255	0.316088	0.678255	0.677039	0.290515	0.724017	0.278819
225.000000	0.687181	0.957297	0.687181	0.671923	0.297891	0.750722	0.284736
230.000000	0.680438	0.852564	0.680438	0.663033	0.309176	0.738176	0.294999
235.000000	0.694400	0.669646	0.694400	0.659568	0.300707	0.718334	0.301510
240.000000	0.694150	0.829490	0.694150	0.664772	0.305680	0.731516	0.303310
245.000000	0.658634	0.646067	0.658634	0.668199	0.299444	0.723397	0.297973
250.000000	0.678696	0.092005	0.678696	0.674739	0.285295	0.714527	0.276459
255.000000	0.666850	-0.035559	0.666850	0.669343	0.283320	0.714394	0.269918
