0.000000	0.000000	0.000000	0.000000	0.392406	0.351363	0.399730	0.152743
5.000000	0.119964	-0.119964	-0.004835	0.390059	0.354178	0.398422	0.172336
10.000000	0.191108	-0.191108	0.039715	0.384960	0.350382	0.391803	0.173019
15.000000	0.260831	-0.260831	0.074438	0.375632	0.343663	0.398862	0.192091
20.000000	0.311022	-0.311022	0.077797	0.375636	0.338748	0.390562	0.188137
25.000000	0.381597	-0.381597	0.024571	0.383085	0.343379	0.401848	0.218812
30.000000	0.424672	-0.424672	0.052637	0.383484	0.341059	0.397204	0.212957
35.000000	0.466422	-0.466422	0.109522	0.385494	0.347178	0.401093	0.232552
40.000000	0.500783	-0.500783	0.090544	0.390033	0.351930	0.404391	0.235577
45.000000	0.530398	-0.530398	0.127601	0.397193	0.361472	0.404794	0.244637
50.000000	0.555771	-0.555771	0.128888	0.397564	0.358595	0.405948	0.252066
55.000000	0.573824	-0.573824	0.086405	0.395709	0.355155	0.406971	0.261081
60.000000	0.596587	-0.596587	0.052535	0.398761	0.358436	0.408322	0.273397
65.000000	0.611763	-0.611763	0.057688	0.397332	0.352025	0.406304	0.277939
70.000000	0.620845	-0.620845	0.053617	0.400625	0.360967	0.408692	0.282169
75.000000	0.621685	-0.621685	-0.029563	0.404514	0.362471	0.407369	0.299503
80.000000	0.636756	-0.636756	-0.029934	0.404206	0.363912	0.407999	0.305151
85.000000	0.667075	-0.667075	0.119418	0.404654	0.362182	0.408474	0.287210
90.000000	0.674345	-0.674345	0.172621	0.399588	0.362060	0.412656	0.278474
95.000000	0.687240	-0.687240	0.209137	0.399415	0.361547	0.407204	0.280862
100.000000	0.693327	-0.693327	0.316576	0.398845	0.365715	0.408361	0.266705
105.000000	0.697697	-0.697697	0.365586	0.399997	0.365536	0.407703	0.263607
110.000000	0.704227	-0.704227	0.396484	0.399816	0.365821	0.406740	0.256315
115.000000	0.716957	-0.716957	0.321678	0.399568	0.364103	0.405840	0.272040
120.000000	0.726100	-0.726100	0.391292	0.397741	0.369834	0.407936	0.263829
125.000000	0.727441	-0.727441	0.365427	0.398392	0.366636	0.407852	0.269230
130.000000	0.732803	-0.732803	0.251340	0.398336	0.362077	0.410597	0.278981
135.000000	0.728817	-0.728817	0.141599	0.398336	0.360552	0.407523	0.303521
140.000000	0.732693	-0.732693	0.104093	0.399546	0.361441	0.408583	0.310203
145.000000	0.747542	-0.747542	0.308392	0.397148	0.367917	0.410744	0.279959
150.000000	0.729720	-0.729720	0.069759	0.400121	0.356986	0.407249	0.318409
155.000000	0.744734	-0.744734	0.101498	0.398538	0.359234	0.408781	0.310244
160.000000	0.724140	-0.724140	0.076424	0.399258	0.356276	0.406146	0.315682
165.000000	0.749722	-0.749722	0.076087	0.398732	0.358827	0.404671	0.320888
170.000000	0.733551	-0.733551	0.041200	0.400234	0.359925	0.405765	0.326872
175.000000	0.729450	-0.729450	0.010745	0.406213	0.362747	0.407722	0.331596
180.000000	0.786673	-0.786673	0.167618	0.395117	0.363300	0.407836	0.313966
185.000000	0.761680	-0.761680	0.196746	0.398904	0.364214	0.410157	0.303773
190.000000	0.764043	-0.764043	0.268366	0.397363	0.366612	0.411312	0.290440
195.000000	0.782428	-0.782428	0.404405	0.407066	0.368553	0.408990	0.276923
200.000000	0.744449	-0.744449	0.465658	0.402009	0.368839	0.412631	0.261114
205.000000	0.740067	-0.740067	0.608506	0.404599	0.372779	0.406703	0.252072
210.000000	0.759598	-0.759598	0.289109	0.398033	0.368496	0.409994	0.288897
215.000000	0.759969	-0.759969	0.214427	0.396311	0.364642	0.414571	0.295212
220.000000	0.740236	-0.740236	0.084367	0.400709	0.359439	0.409197	0.319986
225.000000	0.737896	-0.737896	0.035429	0.401487	0.358556	0.407700	0.322383
230.000000	0.756381	-0.756381	0.176440	0.401388	0.360864	0.408731	0.305741
235.000000	0.772039	-0.772039	0.493393	0.407167	0.368054	0.405606	0.259564
240.000000	0.770778	-0.770778	0.370058	0.401182	0.367142	0.406736	0.279063
245.000000	0.774937	-0.774937	0.300291	0.397466	0.368039	0.410763	0.286507
250.000000	0.766834	-0.766834	0.323697	0.397643	0.369821	0.410072	0.282752
255.000000	0.763624	-0.763624	0.384665	0.402443	0.370072	0.408976	0.276510
