0.000000	0.998381
5.000000	0.998183
10.000000	0.998860
15.000000	0.999417
20.000000	0.999412
25.000000	0.998431
30.000000	0.997829
35.000000	0.999553
40.000000	0.997723
45.000000	0.998864
50.000000	0.998409
55.000000	1.000000
60.000000	0.999440
65.000000	0.988469
70.000000	0.990699
75.000000	0.991380
80.000000	0.990274
85.000000	0.989316
90.000000	0.990344
95.000000	0.989425
100.000000	0.987724
105.000000	0.992627
110.000000	0.993762
115.000000	0.993449
120.000000	0.992860
125.000000	0.993917
130.000000	0.994648
135.000000	0.994439
140.000000	0.997027
145.000000	0.999033
150.000000	0.996769
155.000000	0.997271
160.000000	0.994542
165.000000	0.996919
170.000000	0.996132
175.000000	0.993694
180.000000	0.991040
185.000000	0.991584
190.000000	0.988656
195.000000	0.981737
200.000000	0.972771
205.000000	0.963069
210.000000	0.947832
215.000000	0.938600
220.000000	0.922373
225.000000	0.907322
230.000000	0.890194
235.000000	0.871704
240.000000	0.858557
245.000000	0.850084
250.000000	0.850301
255.000000	0.869436
