0.000000	0.971110
5.000000	0.970840
10.000000	0.970546
15.000000	0.970155
20.000000	0.970638
25.000000	0.970619
30.000000	0.970459
35.000000	0.970728
40.000000	0.970375
45.000000	0.970511
50.000000	0.970855
55.000000	0.970892
60.000000	0.970459
65.000000	0.970813
70.000000	0.970492
75.000000	0.970996
80.000000	0.971579
85.000000	0.972412
90.000000	0.973727
95.000000	0.974483
100.000000	0.975316
105.000000	0.976673
110.000000	0.978356
115.000000	0.979598
120.000000	0.982219
125.000000	0.983666
130.000000	0.985386
135.000000	0.987568
140.000000	0.989517
145.000000	0.991051
150.000000	0.992471
155.000000	0.994054
160.000000	0.995244
165.000000	0.995964
170.000000	0.998309
175.000000	1.000000
180.000000	0.998934
185.000000	0.999771
190.000000	0.999955
195.000000	0.998825
200.000000	0.996449
205.000000	0.994283
210.000000	0.989346
215.000000	0.985664
220.000000	0.979880
225.000000	0.973816
230.000000	0.965892
235.000000	0.959025
240.000000	0.950980
245.000000	0.944960
250.000000	0.939190
255.000000	0.934589
