0.000000	0.000000	0.000000	0.000000	0.406374	0.098014	0.440351	0.192778
5.000000	0.098432	0.084068	0.112797	0.424377	0.094166	0.423690	0.179367
10.000000	0.187294	0.162417	0.212172	0.414275	0.090103	0.416358	0.183163
15.000000	0.250638	0.243786	0.257491	0.414458	0.085535	0.411715	0.186068
20.000000	0.321162	0.297095	0.345228	0.444722	0.078161	0.425061	0.211777
25.000000	0.365359	0.387753	0.342965	0.414058	0.071875	0.451674	0.232031
30.000000	0.402943	0.438572	0.367314	0.434871	0.066065	0.469823	0.264150
35.000000	0.430454	0.497703	0.363205	0.443957	0.057222	0.471951	0.284293
40.000000	0.463702	0.556237	0.371166	0.422438	0.053192	0.494044	0.306978
45.000000	0.484539	0.636602	0.332476	0.431171	0.048274	0.500676	0.324958
50.000000	0.507223	0.683658	0.330788	0.412615	0.048829	0.505146	0.333960
55.000000	0.524752	0.771251	0.278253	0.436253	0.038585	0.503116	0.350819
60.000000	0.548469	0.799035	0.297902	0.416447	0.036107	0.507517	0.361336
65.000000	0.569673	0.963977	0.175369	0.435071	0.022502	0.499358	0.375608
70.000000	0.594032	1.051426	0.136638	0.417605	0.015678	0.499075	0.386808
75.000000	0.614236	1.366684	-0.138211	0.434634	0.016869	0.497307	0.395497
80.000000	0.636451	1.576578	-0.303675	0.424076	0.022041	0.491224	0.402131
85.000000	0.651428	1.635480	-0.332624	0.437443	0.033687	0.498851	0.395327
90.000000	0.666322	1.702359	-0.369716	0.417047	0.035950	0.497434	0.397757
95.000000	0.676867	1.684921	-0.331187	0.430183	0.045551	0.501158	0.393170
100.000000	0.685081	1.698336	-0.328173	0.425930	0.043476	0.501895	0.394882
105.000000	0.689448	1.663063	-0.284167	0.434571	0.047550	0.501632	0.394035
110.000000	0.695610	1.681507	-0.290287	0.424064	0.044207	0.507220	0.390236
115.000000	0.696452	1.633074	-0.240170	0.434221	0.048129	0.501847	0.393687
120.000000	0.695752	1.601181	-0.209678	0.421220	0.040432	0.512733	0.387294
125.000000	0.694576	1.542133	-0.152980	0.433288	0.046126	0.504015	0.393782
130.000000	0.690962	1.460838	-0.078913	0.428627	0.042502	0.512211	0.390878
135.000000	0.689492	1.412450	-0.033466	0.429098	0.045520	0.511049	0.391362
140.000000	0.683428	1.336264	0.030592	0.425861	0.049643	0.507283	0.394984
145.000000	0.680310	1.288832	0.071788	0.425215	0.052503	0.514099	0.390257
150.000000	0.681715	1.285645	0.077784	0.419515	0.053930	0.512525	0.392168
155.000000	0.677298	1.280306	0.074290	0.425955	0.058487	0.505533	0.396803
160.000000	0.685598	1.288954	0.082242	0.419046	0.052773	0.518983	0.386084
165.000000	0.669784	1.218190	0.121378	0.426196	0.067716	0.511595	0.394419
170.000000	0.693038	1.332097	0.053979	0.423449	0.054730	0.513694	0.389184
175.000000	0.691227	1.336823	0.045631	0.425694	0.057906	0.506695	0.393599
180.000000	0.701172	1.362405	0.039939	0.420424	0.051835	0.521422	0.381146
185.000000	0.712987	1.442926	-0.016953	0.429639	0.053847	0.517311	0.381813
190.000000	0.717238	1.457087	-0.022612	0.422120	0.052319	0.517210	0.381067
195.000000	0.716395	1.453615	-0.020825	0.427081	0.052868	0.519348	0.379424
200.000000	0.716095	1.454580	-0.022390	0.427360	0.054574	0.513795	0.383621
205.000000	0.711194	1.404786	0.017603	0.418618	0.052546	0.520948	0.379374
210.000000	0.706007	1.384281	0.027732	0.428831	0.056709	0.512350	0.386530
215.000000	0.695919	1.296530	0.095308	0.419456	0.057924	0.522440	0.381530
220.000000	0.686308	1.277624	0.094992	0.425572	0.063679	0.509848	0.392821
225.000000	0.690949	1.277095	0.104804	0.417809	0.058444	0.521480	0.383074
230.000000	0.670950	1.202092	0.139807	0.426982	0.074859	0.512241	0.393390
235.000000	0.689495	1.255684	0.123305	0.417716	0.062431	0.521084	0.383444
240.000000	0.685036	1.257919	0.112153	0.430472	0.068849	0.508806	0.393528
245.000000	0.692296	1.273541	0.111050	0.416057	0.061362	0.521036	0.383233
250.000000	0.723772	1.487778	-0.040234	0.425956	0.053898	0.517790	0.378568
255.000000	0.689452	1.257027	0.121877	0.422205	0.064785	0.518493	0.385318
