0.000000	0.000000	0.000000	0.000000	0.532247	0.145605	0.429321	0.135473
5.000000	0.002376	-0.026142	-0.002376	0.530813	0.146484	0.431493	0.135881
10.000000	0.001629	-0.037910	-0.001629	0.530438	0.146595	0.431513	0.139275
15.000000	0.002598	-0.005307	0.002598	0.530364	0.147559	0.433750	0.146120
20.000000	0.003639	-0.076575	0.003639	0.529490	0.149140	0.434521	0.144699
25.000000	0.010496	-0.018465	0.010496	0.530584	0.149465	0.437243	0.154511
30.000000	0.015697	0.002800	0.015697	0.530913	0.150040	0.439092	0.161397
35.000000	0.019747	0.013950	0.019747	0.530477	0.151236	0.440948	0.167093
40.000000	0.023866	0.038291	0.023866	0.530343	0.151758	0.439999	0.174755
45.000000	0.027899	0.023026	0.027899	0.529545	0.153065	0.444837	0.175005
50.000000	0.032063	0.054718	0.032063	0.530664	0.153827	0.443642	0.183954
55.000000	0.034640	0.062675	0.034640	0.531397	0.154089	0.445038	0.187334
60.000000	0.033658	0.108588	0.033658	0.530663	0.155601	0.440942	0.198902
65.000000	0.041550	0.077066	0.041550	0.530520	0.156155	0.442569	0.194999
70.000000	0.044207	0.075153	0.044207	0.530682	0.157348	0.442264	0.195814
75.000000	0.046231	0.088026	0.046231	0.529630	0.158096	0.443118	0.198974
80.000000	0.048819	0.063531	0.048819	0.528714	0.159369	0.440424	0.195377
85.000000	0.044669	0.138196	0.044669	0.532003	0.159194	0.440625	0.210633
90.000000	0.046547	0.144337	0.046547	0.529954	0.161348	0.436843	0.213872
95.000000	0.046973	0.163663	0.046973	0.531900	0.161135	0.436958	0.218901
100.000000	0.045202	0.183502	0.045202	0.532171	0.162783	0.434566	0.223747
105.000000	0.045288	0.202049	0.045288	0.533947	0.162585	0.432872	0.229505
110.000000	0.042378	0.225714	0.042378	0.532213	0.165592	0.430690	0.235759
115.000000	0.043960	0.228036	0.043960	0.533748	0.164988	0.428828	0.237478
120.000000	0.051700	0.206796	0.051700	0.531558	0.166467	0.428393	0.231975
125.000000	0.055528	0.210991	0.055528	0.530750	0.166761	0.429129	0.233313
130.000000	0.058346	0.210148	0.058346	0.530965	0.167677	0.426817	0.233991
135.000000	0.059635	0.221056	0.059635	0.531351	0.168627	0.426825	0.237693
140.000000	0.054356	0.258881	0.054356	0.533103	0.168871	0.430362	0.246292
145.000000	0.049370	0.283002	0.049370	0.532540	0.171124	0.434373	0.250837
150.000000	0.048414	0.293755	0.048414	0.533013	0.171258	0.433890	0.254487
155.000000	0.047213	0.300177	0.047213	0.533938	0.172627	0.435206	0.254726
160.000000	0.050273	0.296693	0.050273	0.533947	0.172180	0.433151	0.255481
165.000000	0.052389	0.294114	0.052389	0.534071	0.173086	0.435513	0.252942
170.000000	0.054116	0.296352	0.054116	0.533860	0.173830	0.434900	0.254247
175.000000	0.064838	0.270729	0.064838	0.534999	0.171410	0.426883	0.251133
180.000000	0.069465	0.260959	0.069465	0.533008	0.172721	0.428832	0.247586
185.000000	0.064784	0.280950	0.064784	0.533942	0.174069	0.432139	0.251976
190.000000	0.069878	0.263446	0.069878	0.531171	0.173690	0.426551	0.249494
195.000000	0.069899	0.263070	0.069899	0.531376	0.174189	0.428965	0.248073
200.000000	0.073623	0.249761	0.073623	0.533305	0.173057	0.426685	0.245577
205.000000	0.067205	0.273353	0.067205	0.533513	0.173910	0.429578	0.251073
210.000000	0.069610	0.265128	0.069610	0.533620	0.172720	0.427433	0.249438
215.000000	0.066830	0.273036	0.066830	0.531986	0.174670	0.431463	0.249848
220.000000	0.074037	0.247592	0.074037	0.530911	0.173186	0.423884	0.245964
225.000000	0.072918	0.243509	0.072918	0.532438	0.173572	0.427158	0.242746
230.000000	0.070986	0.251355	0.070986	0.532108	0.172983	0.426221	0.245758
235.000000	0.071977	0.245623	0.071977	0.532500	0.173025	0.425418	0.244456
240.000000	0.072170	0.245867	0.072170	0.530328	0.174338	0.425497	0.244531
245.000000	0.068464	0.261674	0.068464	0.534317	0.172690	0.423320	0.250113
250.000000	0.067344	0.268328	0.067344	0.532430	0.174416	0.428242	0.250288
255.000000	0.068852	0.268966	0.068852	0.533018	0.173436	0.424250	0.252512
